a: 5.407553056317042
b: 7.884134829943859
c: 0
d: -4
model_name: super_model_1
