a: 4.717107679178118
b: 6.502405860909283
c: 6
d: 2
