a: 5.368953954073255
b: 8.427564742222101
c: 5
d: -2
