a: 3.6429630498668244
b: 5.991018208522352
c: 6
d: -5
