a: 6.7622573999000055
b: 6.082986759941884
c: 1
d: 0
model_name: super_model_1
