,epoch,train_loss,train_mae,val_mae
0,0,tensor(2.7278),tensor(1.5695),tensor(1.1980)
1,1,tensor(2.7235),tensor(1.5684),tensor(1.1947)
2,2,tensor(2.7176),tensor(1.5670),tensor(1.1908)
3,3,tensor(2.7106),tensor(1.5655),tensor(1.1864)
4,4,tensor(2.7030),tensor(1.5639),tensor(1.1818)
5,5,tensor(2.6948),tensor(1.5622),tensor(1.1770)
6,6,tensor(2.6863),tensor(1.5605),tensor(1.1720)
7,7,tensor(2.6776),tensor(1.5587),tensor(1.1669)
8,8,tensor(2.6688),tensor(1.5569),tensor(1.1617)
9,9,tensor(2.6598),tensor(1.5550),tensor(1.1564)
10,10,tensor(2.6508),tensor(1.5532),tensor(1.1512)
11,11,tensor(2.6418),tensor(1.5513),tensor(1.1459)
12,12,tensor(2.6329),tensor(1.5495),tensor(1.1406)
13,13,tensor(2.6240),tensor(1.5476),tensor(1.1353)
14,14,tensor(2.6152),tensor(1.5458),tensor(1.1301)
15,15,tensor(2.6065),tensor(1.5439),tensor(1.1249)
16,16,tensor(2.5979),tensor(1.5421),tensor(1.1197)
17,17,tensor(2.5895),tensor(1.5403),tensor(1.1146)
18,18,tensor(2.5812),tensor(1.5385),tensor(1.1096)
19,19,tensor(2.5730),tensor(1.5368),tensor(1.1046)
20,20,tensor(2.5649),tensor(1.5350),tensor(1.0996)
21,21,tensor(2.5570),tensor(1.5333),tensor(1.0947)
22,22,tensor(2.5493),tensor(1.5316),tensor(1.0899)
23,23,tensor(2.5416),tensor(1.5299),tensor(1.0851)
24,24,tensor(2.5342),tensor(1.5283),tensor(1.0804)
25,25,tensor(2.5268),tensor(1.5266),tensor(1.0758)
26,26,tensor(2.5196),tensor(1.5250),tensor(1.0712)
27,27,tensor(2.5126),tensor(1.5234),tensor(1.0667)
28,28,tensor(2.5057),tensor(1.5218),tensor(1.0622)
29,29,tensor(2.4989),tensor(1.5203),tensor(1.0578)
30,30,tensor(2.4922),tensor(1.5187),tensor(1.0535)
31,31,tensor(2.4857),tensor(1.5172),tensor(1.0492)
32,32,tensor(2.4793),tensor(1.5157),tensor(1.0449)
33,33,tensor(2.4730),tensor(1.5142),tensor(1.0408)
34,34,tensor(2.4669),tensor(1.5128),tensor(1.0367)
35,35,tensor(2.4608),tensor(1.5113),tensor(1.0326)
36,36,tensor(2.4549),tensor(1.5099),tensor(1.0286)
37,37,tensor(2.4491),tensor(1.5085),tensor(1.0246)
38,38,tensor(2.4434),tensor(1.5071),tensor(1.0207)
39,39,tensor(2.4378),tensor(1.5058),tensor(1.0169)
40,40,tensor(2.4323),tensor(1.5044),tensor(1.0131)
41,41,tensor(2.4269),tensor(1.5031),tensor(1.0093)
42,42,tensor(2.4216),tensor(1.5018),tensor(1.0056)
43,43,tensor(2.4164),tensor(1.5005),tensor(1.0020)
44,44,tensor(2.4113),tensor(1.4992),tensor(0.9984)
45,45,tensor(2.4062),tensor(1.4979),tensor(0.9948)
46,46,tensor(2.4013),tensor(1.4967),tensor(0.9913)
47,47,tensor(2.3964),tensor(1.4954),tensor(0.9878)
48,48,tensor(2.3917),tensor(1.4942),tensor(0.9843)
49,49,tensor(2.3870),tensor(1.4930),tensor(0.9809)
50,50,tensor(2.3824),tensor(1.4918),tensor(0.9775)
51,51,tensor(2.3778),tensor(1.4906),tensor(0.9742)
52,52,tensor(2.3734),tensor(1.4894),tensor(0.9709)
53,53,tensor(2.3690),tensor(1.4883),tensor(0.9677)
54,54,tensor(2.3647),tensor(1.4871),tensor(0.9644)
55,55,tensor(2.3604),tensor(1.4860),tensor(0.9612)
56,56,tensor(2.3563),tensor(1.4849),tensor(0.9581)
57,57,tensor(2.3521),tensor(1.4838),tensor(0.9550)
58,58,tensor(2.3481),tensor(1.4827),tensor(0.9519)
59,59,tensor(2.3441),tensor(1.4816),tensor(0.9488)
60,60,tensor(2.3402),tensor(1.4805),tensor(0.9458)
61,61,tensor(2.3363),tensor(1.4794),tensor(0.9428)
62,62,tensor(2.3325),tensor(1.4784),tensor(0.9398)
63,63,tensor(2.3287),tensor(1.4773),tensor(0.9369)
64,64,tensor(2.3250),tensor(1.4763),tensor(0.9340)
65,65,tensor(2.3214),tensor(1.4752),tensor(0.9311)
66,66,tensor(2.3178),tensor(1.4742),tensor(0.9282)
67,67,tensor(2.3142),tensor(1.4732),tensor(0.9254)
68,68,tensor(2.3107),tensor(1.4722),tensor(0.9226)
69,69,tensor(2.3073),tensor(1.4712),tensor(0.9198)
70,70,tensor(2.3039),tensor(1.4703),tensor(0.9171)
71,71,tensor(2.3005),tensor(1.4693),tensor(0.9144)
72,72,tensor(2.2972),tensor(1.4683),tensor(0.9117)
73,73,tensor(2.2940),tensor(1.4674),tensor(0.9090)
74,74,tensor(2.2908),tensor(1.4664),tensor(0.9063)
75,75,tensor(2.2876),tensor(1.4655),tensor(0.9037)
76,76,tensor(2.2844),tensor(1.4645),tensor(0.9011)
77,77,tensor(2.2813),tensor(1.4636),tensor(0.8985)
78,78,tensor(2.2783),tensor(1.4627),tensor(0.8959)
79,79,tensor(2.2753),tensor(1.4618),tensor(0.8934)
80,80,tensor(2.2723),tensor(1.4609),tensor(0.8908)
81,81,tensor(2.2694),tensor(1.4600),tensor(0.8883)
82,82,tensor(2.2665),tensor(1.4591),tensor(0.8859)
83,83,tensor(2.2636),tensor(1.4582),tensor(0.8834)
84,84,tensor(2.2608),tensor(1.4573),tensor(0.8809)
85,85,tensor(2.2580),tensor(1.4565),tensor(0.8785)
86,86,tensor(2.2552),tensor(1.4556),tensor(0.8761)
87,87,tensor(2.2525),tensor(1.4548),tensor(0.8737)
88,88,tensor(2.2498),tensor(1.4539),tensor(0.8713)
89,89,tensor(2.2471),tensor(1.4531),tensor(0.8690)
90,90,tensor(2.2445),tensor(1.4522),tensor(0.8666)
91,91,tensor(2.2419),tensor(1.4514),tensor(0.8643)
92,92,tensor(2.2393),tensor(1.4506),tensor(0.8620)
93,93,tensor(2.2368),tensor(1.4498),tensor(0.8597)
94,94,tensor(2.2343),tensor(1.4490),tensor(0.8575)
95,95,tensor(2.2318),tensor(1.4481),tensor(0.8552)
96,96,tensor(2.2294),tensor(1.4473),tensor(0.8530)
97,97,tensor(2.2270),tensor(1.4465),tensor(0.8507)
98,98,tensor(2.2246),tensor(1.4458),tensor(0.8485)
99,99,tensor(2.2222),tensor(1.4450),tensor(0.8463)
100,100,tensor(2.2199),tensor(1.4442),tensor(0.8442)
101,101,tensor(2.2175),tensor(1.4434),tensor(0.8420)
102,102,tensor(2.2152),tensor(1.4427),tensor(0.8398)
103,103,tensor(2.2130),tensor(1.4419),tensor(0.8377)
104,104,tensor(2.2107),tensor(1.4411),tensor(0.8356)
105,105,tensor(2.2085),tensor(1.4404),tensor(0.8335)
106,106,tensor(2.2063),tensor(1.4396),tensor(0.8314)
107,107,tensor(2.2042),tensor(1.4389),tensor(0.8293)
108,108,tensor(2.2020),tensor(1.4381),tensor(0.8272)
109,109,tensor(2.1999),tensor(1.4374),tensor(0.8252)
110,110,tensor(2.1978),tensor(1.4367),tensor(0.8232)
111,111,tensor(2.1957),tensor(1.4360),tensor(0.8211)
112,112,tensor(2.1937),tensor(1.4352),tensor(0.8191)
113,113,tensor(2.1917),tensor(1.4345),tensor(0.8171)
114,114,tensor(2.1897),tensor(1.4338),tensor(0.8151)
115,115,tensor(2.1877),tensor(1.4331),tensor(0.8132)
116,116,tensor(2.1857),tensor(1.4324),tensor(0.8112)
117,117,tensor(2.1838),tensor(1.4317),tensor(0.8092)
118,118,tensor(2.1818),tensor(1.4310),tensor(0.8073)
119,119,tensor(2.1799),tensor(1.4303),tensor(0.8054)
120,120,tensor(2.1780),tensor(1.4296),tensor(0.8034)
121,121,tensor(2.1762),tensor(1.4290),tensor(0.8015)
122,122,tensor(2.1743),tensor(1.4283),tensor(0.7996)
123,123,tensor(2.1725),tensor(1.4276),tensor(0.7978)
124,124,tensor(2.1707),tensor(1.4269),tensor(0.7959)
125,125,tensor(2.1689),tensor(1.4263),tensor(0.7940)
126,126,tensor(2.1671),tensor(1.4256),tensor(0.7922)
127,127,tensor(2.1653),tensor(1.4249),tensor(0.7903)
128,128,tensor(2.1636),tensor(1.4243),tensor(0.7885)
129,129,tensor(2.1619),tensor(1.4236),tensor(0.7867)
130,130,tensor(2.1602),tensor(1.4230),tensor(0.7849)
131,131,tensor(2.1585),tensor(1.4223),tensor(0.7831)
132,132,tensor(2.1568),tensor(1.4217),tensor(0.7816)
133,133,tensor(2.1552),tensor(1.4211),tensor(0.7807)
134,134,tensor(2.1535),tensor(1.4204),tensor(0.7798)
135,135,tensor(2.1519),tensor(1.4198),tensor(0.7790)
136,136,tensor(2.1503),tensor(1.4192),tensor(0.7781)
137,137,tensor(2.1487),tensor(1.4186),tensor(0.7772)
138,138,tensor(2.1471),tensor(1.4179),tensor(0.7764)
139,139,tensor(2.1456),tensor(1.4173),tensor(0.7755)
140,140,tensor(2.1440),tensor(1.4167),tensor(0.7747)
141,141,tensor(2.1425),tensor(1.4161),tensor(0.7738)
142,142,tensor(2.1410),tensor(1.4155),tensor(0.7730)
143,143,tensor(2.1395),tensor(1.4149),tensor(0.7721)
144,144,tensor(2.1380),tensor(1.4143),tensor(0.7713)
145,145,tensor(2.1365),tensor(1.4137),tensor(0.7705)
146,146,tensor(2.1350),tensor(1.4131),tensor(0.7696)
147,147,tensor(2.1336),tensor(1.4125),tensor(0.7688)
148,148,tensor(2.1322),tensor(1.4119),tensor(0.7680)
149,149,tensor(2.1307),tensor(1.4113),tensor(0.7672)
150,150,tensor(2.1293),tensor(1.4108),tensor(0.7664)
151,151,tensor(2.1279),tensor(1.4102),tensor(0.7656)
152,152,tensor(2.1266),tensor(1.4096),tensor(0.7648)
153,153,tensor(2.1252),tensor(1.4090),tensor(0.7640)
154,154,tensor(2.1238),tensor(1.4085),tensor(0.7632)
155,155,tensor(2.1225),tensor(1.4079),tensor(0.7624)
156,156,tensor(2.1212),tensor(1.4073),tensor(0.7616)
157,157,tensor(2.1198),tensor(1.4068),tensor(0.7608)
158,158,tensor(2.1185),tensor(1.4062),tensor(0.7601)
159,159,tensor(2.1172),tensor(1.4057),tensor(0.7593)
160,160,tensor(2.1160),tensor(1.4051),tensor(0.7585)
161,161,tensor(2.1147),tensor(1.4046),tensor(0.7578)
162,162,tensor(2.1134),tensor(1.4040),tensor(0.7570)
163,163,tensor(2.1122),tensor(1.4035),tensor(0.7562)
164,164,tensor(2.1109),tensor(1.4029),tensor(0.7555)
165,165,tensor(2.1097),tensor(1.4024),tensor(0.7547)
166,166,tensor(2.1085),tensor(1.4019),tensor(0.7540)
167,167,tensor(2.1073),tensor(1.4013),tensor(0.7533)
168,168,tensor(2.1061),tensor(1.4008),tensor(0.7525)
169,169,tensor(2.1049),tensor(1.4003),tensor(0.7518)
170,170,tensor(2.1037),tensor(1.3998),tensor(0.7510)
171,171,tensor(2.1026),tensor(1.3992),tensor(0.7503)
172,172,tensor(2.1014),tensor(1.3987),tensor(0.7503)
173,173,tensor(2.1003),tensor(1.3982),tensor(0.7503)
174,174,tensor(2.0992),tensor(1.3977),tensor(0.7503)
175,175,tensor(2.0980),tensor(1.3972),tensor(0.7502)
176,176,tensor(2.0969),tensor(1.3967),tensor(0.7502)
177,177,tensor(2.0958),tensor(1.3961),tensor(0.7502)
178,178,tensor(2.0947),tensor(1.3956),tensor(0.7502)
179,179,tensor(2.0937),tensor(1.3951),tensor(0.7502)
180,180,tensor(2.0926),tensor(1.3946),tensor(0.7502)
181,181,tensor(2.0915),tensor(1.3941),tensor(0.7502)
182,182,tensor(2.0905),tensor(1.3936),tensor(0.7502)
183,183,tensor(2.0894),tensor(1.3932),tensor(0.7502)
184,184,tensor(2.0884),tensor(1.3927),tensor(0.7502)
185,185,tensor(2.0874),tensor(1.3922),tensor(0.7502)
186,186,tensor(2.0863),tensor(1.3917),tensor(0.7502)
187,187,tensor(2.0853),tensor(1.3912),tensor(0.7502)
188,188,tensor(2.0843),tensor(1.3907),tensor(0.7502)
189,189,tensor(2.0833),tensor(1.3902),tensor(0.7502)
190,190,tensor(2.0824),tensor(1.3898),tensor(0.7502)
191,191,tensor(2.0814),tensor(1.3893),tensor(0.7502)
192,192,tensor(2.0804),tensor(1.3888),tensor(0.7502)
193,193,tensor(2.0795),tensor(1.3883),tensor(0.7502)
194,194,tensor(2.0785),tensor(1.3879),tensor(0.7502)
195,195,tensor(2.0776),tensor(1.3874),tensor(0.7502)
196,196,tensor(2.0766),tensor(1.3869),tensor(0.7502)
197,197,tensor(2.0757),tensor(1.3865),tensor(0.7502)
198,198,tensor(2.0748),tensor(1.3860),tensor(0.7502)
199,199,tensor(2.0739),tensor(1.3856),tensor(0.7502)
200,200,tensor(2.0730),tensor(1.3851),tensor(0.7502)
201,201,tensor(2.0721),tensor(1.3847),tensor(0.7502)
202,202,tensor(2.0712),tensor(1.3842),tensor(0.7502)
203,203,tensor(2.0703),tensor(1.3838),tensor(0.7502)
204,204,tensor(2.0694),tensor(1.3833),tensor(0.7502)
205,205,tensor(2.0686),tensor(1.3829),tensor(0.7502)
206,206,tensor(2.0677),tensor(1.3824),tensor(0.7502)
207,207,tensor(2.0669),tensor(1.3820),tensor(0.7502)
208,208,tensor(2.0660),tensor(1.3815),tensor(0.7502)
209,209,tensor(2.0652),tensor(1.3811),tensor(0.7502)
210,210,tensor(2.0644),tensor(1.3807),tensor(0.7502)
211,211,tensor(2.0635),tensor(1.3802),tensor(0.7502)
212,212,tensor(2.0627),tensor(1.3798),tensor(0.7502)
213,213,tensor(2.0619),tensor(1.3794),tensor(0.7502)
214,214,tensor(2.0611),tensor(1.3789),tensor(0.7502)
215,215,tensor(2.0603),tensor(1.3785),tensor(0.7502)
216,216,tensor(2.0595),tensor(1.3781),tensor(0.7502)
217,217,tensor(2.0588),tensor(1.3777),tensor(0.7502)
218,218,tensor(2.0580),tensor(1.3772),tensor(0.7502)
219,219,tensor(2.0572),tensor(1.3768),tensor(0.7502)
220,220,tensor(2.0565),tensor(1.3764),tensor(0.7502)
221,221,tensor(2.0557),tensor(1.3760),tensor(0.7502)
222,222,tensor(2.0549),tensor(1.3756),tensor(0.7502)
223,223,tensor(2.0542),tensor(1.3752),tensor(0.7502)
224,224,tensor(2.0535),tensor(1.3748),tensor(0.7502)
225,225,tensor(2.0527),tensor(1.3743),tensor(0.7502)
226,226,tensor(2.0520),tensor(1.3739),tensor(0.7502)
227,227,tensor(2.0513),tensor(1.3735),tensor(0.7502)
228,228,tensor(2.0506),tensor(1.3731),tensor(0.7502)
229,229,tensor(2.0499),tensor(1.3727),tensor(0.7501)
230,230,tensor(2.0492),tensor(1.3723),tensor(0.7501)
231,231,tensor(2.0485),tensor(1.3719),tensor(0.7501)
232,232,tensor(2.0478),tensor(1.3715),tensor(0.7501)
233,233,tensor(2.0471),tensor(1.3711),tensor(0.7501)
234,234,tensor(2.0464),tensor(1.3708),tensor(0.7501)
235,235,tensor(2.0458),tensor(1.3704),tensor(0.7501)
236,236,tensor(2.0451),tensor(1.3700),tensor(0.7501)
237,237,tensor(2.0444),tensor(1.3696),tensor(0.7501)
238,238,tensor(2.0438),tensor(1.3692),tensor(0.7501)
239,239,tensor(2.0431),tensor(1.3688),tensor(0.7501)
240,240,tensor(2.0425),tensor(1.3684),tensor(0.7501)
241,241,tensor(2.0418),tensor(1.3680),tensor(0.7501)
242,242,tensor(2.0412),tensor(1.3677),tensor(0.7501)
243,243,tensor(2.0406),tensor(1.3673),tensor(0.7501)
244,244,tensor(2.0399),tensor(1.3669),tensor(0.7501)
245,245,tensor(2.0393),tensor(1.3665),tensor(0.7501)
246,246,tensor(2.0387),tensor(1.3662),tensor(0.7501)
247,247,tensor(2.0381),tensor(1.3658),tensor(0.7501)
248,248,tensor(2.0375),tensor(1.3654),tensor(0.7501)
249,249,tensor(2.0369),tensor(1.3651),tensor(0.7501)
250,250,tensor(2.0363),tensor(1.3647),tensor(0.7501)
251,251,tensor(2.0357),tensor(1.3643),tensor(0.7501)
252,252,tensor(2.0351),tensor(1.3640),tensor(0.7501)
253,253,tensor(2.0345),tensor(1.3636),tensor(0.7501)
254,254,tensor(2.0340),tensor(1.3632),tensor(0.7501)
255,255,tensor(2.0334),tensor(1.3629),tensor(0.7501)
256,256,tensor(2.0328),tensor(1.3625),tensor(0.7501)
257,257,tensor(2.0323),tensor(1.3622),tensor(0.7501)
258,258,tensor(2.0317),tensor(1.3618),tensor(0.7501)
259,259,tensor(2.0312),tensor(1.3615),tensor(0.7501)
260,260,tensor(2.0306),tensor(1.3611),tensor(0.7501)
261,261,tensor(2.0301),tensor(1.3608),tensor(0.7501)
262,262,tensor(2.0295),tensor(1.3604),tensor(0.7501)
263,263,tensor(2.0290),tensor(1.3601),tensor(0.7501)
264,264,tensor(2.0285),tensor(1.3597),tensor(0.7501)
265,265,tensor(2.0279),tensor(1.3594),tensor(0.7501)
266,266,tensor(2.0274),tensor(1.3590),tensor(0.7501)
267,267,tensor(2.0269),tensor(1.3587),tensor(0.7501)
268,268,tensor(2.0264),tensor(1.3583),tensor(0.7501)
269,269,tensor(2.0259),tensor(1.3580),tensor(0.7501)
270,270,tensor(2.0254),tensor(1.3577),tensor(0.7501)
271,271,tensor(2.0249),tensor(1.3573),tensor(0.7501)
272,272,tensor(2.0244),tensor(1.3570),tensor(0.7501)
273,273,tensor(2.0239),tensor(1.3567),tensor(0.7501)
274,274,tensor(2.0234),tensor(1.3563),tensor(0.7501)
275,275,tensor(2.0229),tensor(1.3560),tensor(0.7501)
276,276,tensor(2.0224),tensor(1.3557),tensor(0.7501)
277,277,tensor(2.0219),tensor(1.3554),tensor(0.7501)
278,278,tensor(2.0215),tensor(1.3550),tensor(0.7501)
279,279,tensor(2.0210),tensor(1.3547),tensor(0.7501)
280,280,tensor(2.0205),tensor(1.3544),tensor(0.7501)
281,281,tensor(2.0201),tensor(1.3541),tensor(0.7501)
282,282,tensor(2.0196),tensor(1.3537),tensor(0.7501)
283,283,tensor(2.0191),tensor(1.3534),tensor(0.7501)
284,284,tensor(2.0187),tensor(1.3531),tensor(0.7501)
285,285,tensor(2.0182),tensor(1.3528),tensor(0.7501)
286,286,tensor(2.0178),tensor(1.3525),tensor(0.7501)
287,287,tensor(2.0174),tensor(1.3521),tensor(0.7501)
288,288,tensor(2.0169),tensor(1.3518),tensor(0.7501)
289,289,tensor(2.0165),tensor(1.3515),tensor(0.7501)
290,290,tensor(2.0161),tensor(1.3512),tensor(0.7501)
291,291,tensor(2.0156),tensor(1.3509),tensor(0.7501)
292,292,tensor(2.0152),tensor(1.3506),tensor(0.7501)
293,293,tensor(2.0148),tensor(1.3503),tensor(0.7501)
294,294,tensor(2.0144),tensor(1.3500),tensor(0.7501)
295,295,tensor(2.0140),tensor(1.3497),tensor(0.7501)
296,296,tensor(2.0135),tensor(1.3494),tensor(0.7501)
297,297,tensor(2.0131),tensor(1.3491),tensor(0.7501)
298,298,tensor(2.0127),tensor(1.3488),tensor(0.7501)
299,299,tensor(2.0123),tensor(1.3485),tensor(0.7501)
300,300,tensor(2.0119),tensor(1.3482),tensor(0.7501)
301,301,tensor(2.0115),tensor(1.3479),tensor(0.7501)
302,302,tensor(2.0112),tensor(1.3476),tensor(0.7501)
303,303,tensor(2.0108),tensor(1.3473),tensor(0.7501)
304,304,tensor(2.0104),tensor(1.3470),tensor(0.7501)
305,305,tensor(2.0100),tensor(1.3467),tensor(0.7501)
306,306,tensor(2.0096),tensor(1.3464),tensor(0.7501)
307,307,tensor(2.0092),tensor(1.3461),tensor(0.7501)
308,308,tensor(2.0089),tensor(1.3458),tensor(0.7501)
309,309,tensor(2.0085),tensor(1.3456),tensor(0.7501)
310,310,tensor(2.0081),tensor(1.3453),tensor(0.7501)
311,311,tensor(2.0078),tensor(1.3450),tensor(0.7501)
312,312,tensor(2.0074),tensor(1.3447),tensor(0.7501)
313,313,tensor(2.0071),tensor(1.3444),tensor(0.7501)
314,314,tensor(2.0067),tensor(1.3441),tensor(0.7501)
315,315,tensor(2.0063),tensor(1.3439),tensor(0.7501)
316,316,tensor(2.0060),tensor(1.3436),tensor(0.7501)
317,317,tensor(2.0056),tensor(1.3433),tensor(0.7501)
318,318,tensor(2.0053),tensor(1.3430),tensor(0.7501)
319,319,tensor(2.0050),tensor(1.3427),tensor(0.7501)
320,320,tensor(2.0046),tensor(1.3425),tensor(0.7501)
321,321,tensor(2.0043),tensor(1.3422),tensor(0.7501)
322,322,tensor(2.0040),tensor(1.3419),tensor(0.7501)
323,323,tensor(2.0036),tensor(1.3417),tensor(0.7501)
324,324,tensor(2.0033),tensor(1.3414),tensor(0.7501)
325,325,tensor(2.0030),tensor(1.3411),tensor(0.7501)
326,326,tensor(2.0026),tensor(1.3408),tensor(0.7501)
327,327,tensor(2.0023),tensor(1.3406),tensor(0.7501)
328,328,tensor(2.0020),tensor(1.3403),tensor(0.7501)
329,329,tensor(2.0017),tensor(1.3400),tensor(0.7501)
330,330,tensor(2.0014),tensor(1.3398),tensor(0.7501)
331,331,tensor(2.0011),tensor(1.3395),tensor(0.7501)
332,332,tensor(2.0008),tensor(1.3393),tensor(0.7501)
333,333,tensor(2.0005),tensor(1.3390),tensor(0.7501)
334,334,tensor(2.0001),tensor(1.3387),tensor(0.7501)
335,335,tensor(1.9998),tensor(1.3385),tensor(0.7501)
336,336,tensor(1.9995),tensor(1.3382),tensor(0.7501)
337,337,tensor(1.9993),tensor(1.3380),tensor(0.7501)
338,338,tensor(1.9990),tensor(1.3377),tensor(0.7501)
339,339,tensor(1.9987),tensor(1.3375),tensor(0.7501)
340,340,tensor(1.9984),tensor(1.3372),tensor(0.7501)
341,341,tensor(1.9981),tensor(1.3370),tensor(0.7501)
342,342,tensor(1.9978),tensor(1.3367),tensor(0.7501)
343,343,tensor(1.9975),tensor(1.3365),tensor(0.7501)
344,344,tensor(1.9972),tensor(1.3362),tensor(0.7501)
345,345,tensor(1.9970),tensor(1.3360),tensor(0.7501)
346,346,tensor(1.9967),tensor(1.3357),tensor(0.7501)
347,347,tensor(1.9964),tensor(1.3355),tensor(0.7501)
348,348,tensor(1.9961),tensor(1.3352),tensor(0.7501)
349,349,tensor(1.9959),tensor(1.3350),tensor(0.7501)
350,350,tensor(1.9956),tensor(1.3347),tensor(0.7501)
351,351,tensor(1.9953),tensor(1.3345),tensor(0.7501)
352,352,tensor(1.9951),tensor(1.3342),tensor(0.7501)
353,353,tensor(1.9948),tensor(1.3340),tensor(0.7501)
354,354,tensor(1.9946),tensor(1.3338),tensor(0.7501)
355,355,tensor(1.9943),tensor(1.3335),tensor(0.7501)
356,356,tensor(1.9940),tensor(1.3333),tensor(0.7501)
357,357,tensor(1.9938),tensor(1.3331),tensor(0.7501)
358,358,tensor(1.9935),tensor(1.3328),tensor(0.7501)
359,359,tensor(1.9933),tensor(1.3326),tensor(0.7501)
360,360,tensor(1.9930),tensor(1.3324),tensor(0.7501)
361,361,tensor(1.9928),tensor(1.3321),tensor(0.7501)
362,362,tensor(1.9926),tensor(1.3319),tensor(0.7501)
363,363,tensor(1.9923),tensor(1.3317),tensor(0.7501)
364,364,tensor(1.9921),tensor(1.3314),tensor(0.7501)
365,365,tensor(1.9918),tensor(1.3312),tensor(0.7501)
366,366,tensor(1.9916),tensor(1.3310),tensor(0.7501)
367,367,tensor(1.9914),tensor(1.3307),tensor(0.7501)
368,368,tensor(1.9911),tensor(1.3305),tensor(0.7501)
369,369,tensor(1.9909),tensor(1.3303),tensor(0.7501)
370,370,tensor(1.9907),tensor(1.3301),tensor(0.7501)
371,371,tensor(1.9905),tensor(1.3298),tensor(0.7501)
372,372,tensor(1.9902),tensor(1.3296),tensor(0.7501)
373,373,tensor(1.9900),tensor(1.3294),tensor(0.7501)
374,374,tensor(1.9898),tensor(1.3292),tensor(0.7501)
375,375,tensor(1.9896),tensor(1.3290),tensor(0.7501)
376,376,tensor(1.9893),tensor(1.3287),tensor(0.7501)
377,377,tensor(1.9891),tensor(1.3285),tensor(0.7501)
378,378,tensor(1.9889),tensor(1.3283),tensor(0.7501)
379,379,tensor(1.9887),tensor(1.3281),tensor(0.7501)
380,380,tensor(1.9885),tensor(1.3279),tensor(0.7501)
381,381,tensor(1.9883),tensor(1.3277),tensor(0.7501)
382,382,tensor(1.9881),tensor(1.3274),tensor(0.7500)
383,383,tensor(1.9879),tensor(1.3272),tensor(0.7500)
384,384,tensor(1.9877),tensor(1.3270),tensor(0.7500)
385,385,tensor(1.9875),tensor(1.3268),tensor(0.7500)
386,386,tensor(1.9873),tensor(1.3266),tensor(0.7500)
387,387,tensor(1.9871),tensor(1.3264),tensor(0.7500)
388,388,tensor(1.9869),tensor(1.3262),tensor(0.7500)
389,389,tensor(1.9867),tensor(1.3260),tensor(0.7500)
390,390,tensor(1.9865),tensor(1.3258),tensor(0.7500)
391,391,tensor(1.9863),tensor(1.3256),tensor(0.7500)
392,392,tensor(1.9861),tensor(1.3254),tensor(0.7500)
393,393,tensor(1.9859),tensor(1.3252),tensor(0.7500)
394,394,tensor(1.9857),tensor(1.3250),tensor(0.7500)
395,395,tensor(1.9855),tensor(1.3248),tensor(0.7500)
396,396,tensor(1.9853),tensor(1.3246),tensor(0.7500)
397,397,tensor(1.9851),tensor(1.3243),tensor(0.7500)
398,398,tensor(1.9850),tensor(1.3241),tensor(0.7500)
399,399,tensor(1.9848),tensor(1.3240),tensor(0.7500)
400,400,tensor(1.9846),tensor(1.3238),tensor(0.7500)
401,401,tensor(1.9844),tensor(1.3236),tensor(0.7500)
402,402,tensor(1.9842),tensor(1.3234),tensor(0.7500)
403,403,tensor(1.9841),tensor(1.3232),tensor(0.7500)
404,404,tensor(1.9839),tensor(1.3230),tensor(0.7500)
405,405,tensor(1.9837),tensor(1.3228),tensor(0.7500)
406,406,tensor(1.9835),tensor(1.3226),tensor(0.7500)
407,407,tensor(1.9834),tensor(1.3224),tensor(0.7500)
408,408,tensor(1.9832),tensor(1.3222),tensor(0.7500)
409,409,tensor(1.9830),tensor(1.3220),tensor(0.7500)
410,410,tensor(1.9829),tensor(1.3218),tensor(0.7500)
411,411,tensor(1.9827),tensor(1.3216),tensor(0.7500)
412,412,tensor(1.9825),tensor(1.3214),tensor(0.7500)
413,413,tensor(1.9824),tensor(1.3212),tensor(0.7500)
414,414,tensor(1.9822),tensor(1.3211),tensor(0.7500)
415,415,tensor(1.9821),tensor(1.3209),tensor(0.7500)
416,416,tensor(1.9819),tensor(1.3207),tensor(0.7500)
417,417,tensor(1.9817),tensor(1.3205),tensor(0.7500)
418,418,tensor(1.9816),tensor(1.3203),tensor(0.7500)
419,419,tensor(1.9814),tensor(1.3201),tensor(0.7500)
420,420,tensor(1.9813),tensor(1.3200),tensor(0.7500)
421,421,tensor(1.9811),tensor(1.3198),tensor(0.7500)
422,422,tensor(1.9810),tensor(1.3196),tensor(0.7500)
423,423,tensor(1.9808),tensor(1.3194),tensor(0.7500)
424,424,tensor(1.9807),tensor(1.3192),tensor(0.7500)
425,425,tensor(1.9805),tensor(1.3190),tensor(0.7500)
426,426,tensor(1.9804),tensor(1.3189),tensor(0.7500)
427,427,tensor(1.9802),tensor(1.3187),tensor(0.7500)
428,428,tensor(1.9801),tensor(1.3185),tensor(0.7500)
429,429,tensor(1.9799),tensor(1.3183),tensor(0.7500)
430,430,tensor(1.9798),tensor(1.3182),tensor(0.7500)
431,431,tensor(1.9796),tensor(1.3180),tensor(0.7500)
432,432,tensor(1.9795),tensor(1.3178),tensor(0.7500)
433,433,tensor(1.9794),tensor(1.3176),tensor(0.7500)
434,434,tensor(1.9792),tensor(1.3175),tensor(0.7500)
435,435,tensor(1.9791),tensor(1.3173),tensor(0.7500)
436,436,tensor(1.9790),tensor(1.3171),tensor(0.7500)
437,437,tensor(1.9788),tensor(1.3170),tensor(0.7500)
438,438,tensor(1.9787),tensor(1.3168),tensor(0.7500)
439,439,tensor(1.9785),tensor(1.3166),tensor(0.7500)
440,440,tensor(1.9784),tensor(1.3164),tensor(0.7500)
441,441,tensor(1.9783),tensor(1.3163),tensor(0.7500)
442,442,tensor(1.9782),tensor(1.3161),tensor(0.7500)
443,443,tensor(1.9780),tensor(1.3159),tensor(0.7500)
444,444,tensor(1.9779),tensor(1.3158),tensor(0.7500)
445,445,tensor(1.9778),tensor(1.3156),tensor(0.7500)
446,446,tensor(1.9776),tensor(1.3155),tensor(0.7500)
447,447,tensor(1.9775),tensor(1.3153),tensor(0.7500)
448,448,tensor(1.9774),tensor(1.3151),tensor(0.7500)
449,449,tensor(1.9773),tensor(1.3150),tensor(0.7500)
450,450,tensor(1.9771),tensor(1.3148),tensor(0.7500)
451,451,tensor(1.9770),tensor(1.3146),tensor(0.7500)
452,452,tensor(1.9769),tensor(1.3145),tensor(0.7500)
453,453,tensor(1.9768),tensor(1.3143),tensor(0.7500)
454,454,tensor(1.9767),tensor(1.3142),tensor(0.7500)
455,455,tensor(1.9765),tensor(1.3140),tensor(0.7500)
456,456,tensor(1.9764),tensor(1.3138),tensor(0.7500)
457,457,tensor(1.9763),tensor(1.3137),tensor(0.7500)
458,458,tensor(1.9762),tensor(1.3135),tensor(0.7500)
459,459,tensor(1.9761),tensor(1.3134),tensor(0.7500)
460,460,tensor(1.9760),tensor(1.3132),tensor(0.7500)
461,461,tensor(1.9759),tensor(1.3131),tensor(0.7500)
462,462,tensor(1.9757),tensor(1.3129),tensor(0.7500)
463,463,tensor(1.9756),tensor(1.3128),tensor(0.7500)
464,464,tensor(1.9755),tensor(1.3126),tensor(0.7500)
465,465,tensor(1.9754),tensor(1.3125),tensor(0.7500)
466,466,tensor(1.9753),tensor(1.3123),tensor(0.7500)
467,467,tensor(1.9752),tensor(1.3122),tensor(0.7500)
468,468,tensor(1.9751),tensor(1.3120),tensor(0.7500)
469,469,tensor(1.9750),tensor(1.3119),tensor(0.7500)
470,470,tensor(1.9749),tensor(1.3117),tensor(0.7500)
471,471,tensor(1.9748),tensor(1.3116),tensor(0.7500)
472,472,tensor(1.9747),tensor(1.3114),tensor(0.7500)
473,473,tensor(1.9746),tensor(1.3113),tensor(0.7500)
474,474,tensor(1.9745),tensor(1.3111),tensor(0.7500)
475,475,tensor(1.9744),tensor(1.3110),tensor(0.7500)
476,476,tensor(1.9743),tensor(1.3108),tensor(0.7500)
477,477,tensor(1.9742),tensor(1.3107),tensor(0.7500)
478,478,tensor(1.9741),tensor(1.3105),tensor(0.7500)
479,479,tensor(1.9740),tensor(1.3104),tensor(0.7500)
480,480,tensor(1.9739),tensor(1.3103),tensor(0.7500)
481,481,tensor(1.9738),tensor(1.3101),tensor(0.7500)
482,482,tensor(1.9737),tensor(1.3100),tensor(0.7500)
483,483,tensor(1.9736),tensor(1.3098),tensor(0.7500)
484,484,tensor(1.9735),tensor(1.3097),tensor(0.7500)
485,485,tensor(1.9734),tensor(1.3095),tensor(0.7500)
486,486,tensor(1.9733),tensor(1.3094),tensor(0.7500)
487,487,tensor(1.9732),tensor(1.3093),tensor(0.7500)
488,488,tensor(1.9731),tensor(1.3091),tensor(0.7500)
489,489,tensor(1.9730),tensor(1.3090),tensor(0.7500)
490,490,tensor(1.9729),tensor(1.3089),tensor(0.7500)
491,491,tensor(1.9728),tensor(1.3087),tensor(0.7500)
492,492,tensor(1.9728),tensor(1.3086),tensor(0.7500)
493,493,tensor(1.9727),tensor(1.3084),tensor(0.7500)
494,494,tensor(1.9726),tensor(1.3083),tensor(0.7500)
495,495,tensor(1.9725),tensor(1.3082),tensor(0.7500)
496,496,tensor(1.9724),tensor(1.3080),tensor(0.7500)
497,497,tensor(1.9723),tensor(1.3079),tensor(0.7500)
498,498,tensor(1.9722),tensor(1.3078),tensor(0.7500)
499,499,tensor(1.9722),tensor(1.3077),tensor(0.7500)
500,500,tensor(1.9721),tensor(1.3075),tensor(0.7500)
501,501,tensor(1.9720),tensor(1.3074),tensor(0.7500)
502,502,tensor(1.9719),tensor(1.3073),tensor(0.7500)
503,503,tensor(1.9718),tensor(1.3071),tensor(0.7500)
504,504,tensor(1.9717),tensor(1.3070),tensor(0.7500)
505,505,tensor(1.9717),tensor(1.3069),tensor(0.7500)
506,506,tensor(1.9716),tensor(1.3067),tensor(0.7500)
507,507,tensor(1.9715),tensor(1.3066),tensor(0.7500)
508,508,tensor(1.9714),tensor(1.3065),tensor(0.7500)
509,509,tensor(1.9713),tensor(1.3064),tensor(0.7500)
510,510,tensor(1.9713),tensor(1.3062),tensor(0.7500)
511,511,tensor(1.9712),tensor(1.3061),tensor(0.7500)
512,512,tensor(1.9711),tensor(1.3060),tensor(0.7500)
513,513,tensor(1.9710),tensor(1.3059),tensor(0.7500)
514,514,tensor(1.9710),tensor(1.3057),tensor(0.7500)
515,515,tensor(1.9709),tensor(1.3056),tensor(0.7500)
516,516,tensor(1.9708),tensor(1.3055),tensor(0.7500)
517,517,tensor(1.9707),tensor(1.3054),tensor(0.7500)
518,518,tensor(1.9707),tensor(1.3052),tensor(0.7500)
519,519,tensor(1.9706),tensor(1.3051),tensor(0.7500)
520,520,tensor(1.9705),tensor(1.3050),tensor(0.7500)
521,521,tensor(1.9704),tensor(1.3049),tensor(0.7500)
522,522,tensor(1.9704),tensor(1.3048),tensor(0.7500)
523,523,tensor(1.9703),tensor(1.3046),tensor(0.7500)
524,524,tensor(1.9702),tensor(1.3045),tensor(0.7500)
525,525,tensor(1.9702),tensor(1.3044),tensor(0.7500)
526,526,tensor(1.9701),tensor(1.3043),tensor(0.7500)
527,527,tensor(1.9700),tensor(1.3042),tensor(0.7500)
528,528,tensor(1.9699),tensor(1.3041),tensor(0.7500)
529,529,tensor(1.9699),tensor(1.3039),tensor(0.7500)
530,530,tensor(1.9698),tensor(1.3038),tensor(0.7500)
531,531,tensor(1.9697),tensor(1.3037),tensor(0.7500)
532,532,tensor(1.9697),tensor(1.3036),tensor(0.7500)
533,533,tensor(1.9696),tensor(1.3035),tensor(0.7500)
534,534,tensor(1.9695),tensor(1.3034),tensor(0.7500)
535,535,tensor(1.9695),tensor(1.3033),tensor(0.7500)
536,536,tensor(1.9694),tensor(1.3031),tensor(0.7500)
537,537,tensor(1.9694),tensor(1.3030),tensor(0.7500)
538,538,tensor(1.9693),tensor(1.3029),tensor(0.7500)
539,539,tensor(1.9692),tensor(1.3028),tensor(0.7500)
540,540,tensor(1.9692),tensor(1.3027),tensor(0.7500)
541,541,tensor(1.9691),tensor(1.3026),tensor(0.7500)
542,542,tensor(1.9690),tensor(1.3025),tensor(0.7500)
543,543,tensor(1.9690),tensor(1.3024),tensor(0.7500)
544,544,tensor(1.9689),tensor(1.3023),tensor(0.7500)
545,545,tensor(1.9689),tensor(1.3022),tensor(0.7500)
546,546,tensor(1.9688),tensor(1.3020),tensor(0.7500)
547,547,tensor(1.9687),tensor(1.3019),tensor(0.7500)
548,548,tensor(1.9687),tensor(1.3018),tensor(0.7500)
549,549,tensor(1.9686),tensor(1.3017),tensor(0.7500)
550,550,tensor(1.9686),tensor(1.3016),tensor(0.7500)
551,551,tensor(1.9685),tensor(1.3015),tensor(0.7500)
552,552,tensor(1.9684),tensor(1.3014),tensor(0.7500)
553,553,tensor(1.9684),tensor(1.3013),tensor(0.7500)
554,554,tensor(1.9683),tensor(1.3012),tensor(0.7500)
555,555,tensor(1.9683),tensor(1.3011),tensor(0.7500)
556,556,tensor(1.9682),tensor(1.3010),tensor(0.7500)
557,557,tensor(1.9682),tensor(1.3009),tensor(0.7500)
558,558,tensor(1.9681),tensor(1.3008),tensor(0.7500)
559,559,tensor(1.9681),tensor(1.3007),tensor(0.7500)
560,560,tensor(1.9680),tensor(1.3006),tensor(0.7500)
561,561,tensor(1.9679),tensor(1.3005),tensor(0.7500)
562,562,tensor(1.9679),tensor(1.3004),tensor(0.7500)
563,563,tensor(1.9678),tensor(1.3003),tensor(0.7500)
564,564,tensor(1.9678),tensor(1.3002),tensor(0.7500)
565,565,tensor(1.9677),tensor(1.3001),tensor(0.7500)
566,566,tensor(1.9677),tensor(1.3000),tensor(0.7500)
567,567,tensor(1.9676),tensor(1.2999),tensor(0.7500)
568,568,tensor(1.9676),tensor(1.2998),tensor(0.7500)
569,569,tensor(1.9675),tensor(1.2997),tensor(0.7500)
570,570,tensor(1.9675),tensor(1.2996),tensor(0.7500)
571,571,tensor(1.9674),tensor(1.2995),tensor(0.7500)
572,572,tensor(1.9674),tensor(1.2994),tensor(0.7500)
573,573,tensor(1.9673),tensor(1.2993),tensor(0.7500)
574,574,tensor(1.9673),tensor(1.2992),tensor(0.7500)
575,575,tensor(1.9672),tensor(1.2991),tensor(0.7500)
576,576,tensor(1.9672),tensor(1.2990),tensor(0.7500)
577,577,tensor(1.9671),tensor(1.2989),tensor(0.7500)
578,578,tensor(1.9671),tensor(1.2988),tensor(0.7500)
579,579,tensor(1.9670),tensor(1.2987),tensor(0.7500)
580,580,tensor(1.9670),tensor(1.2986),tensor(0.7500)
581,581,tensor(1.9669),tensor(1.2985),tensor(0.7500)
582,582,tensor(1.9669),tensor(1.2984),tensor(0.7500)
583,583,tensor(1.9668),tensor(1.2984),tensor(0.7500)
584,584,tensor(1.9668),tensor(1.2983),tensor(0.7500)
585,585,tensor(1.9668),tensor(1.2982),tensor(0.7500)
586,586,tensor(1.9667),tensor(1.2981),tensor(0.7500)
587,587,tensor(1.9667),tensor(1.2980),tensor(0.7500)
588,588,tensor(1.9666),tensor(1.2979),tensor(0.7500)
589,589,tensor(1.9666),tensor(1.2978),tensor(0.7500)
590,590,tensor(1.9665),tensor(1.2977),tensor(0.7500)
591,591,tensor(1.9665),tensor(1.2976),tensor(0.7500)
592,592,tensor(1.9664),tensor(1.2975),tensor(0.7500)
593,593,tensor(1.9664),tensor(1.2975),tensor(0.7500)
594,594,tensor(1.9664),tensor(1.2974),tensor(0.7500)
595,595,tensor(1.9663),tensor(1.2973),tensor(0.7500)
596,596,tensor(1.9663),tensor(1.2972),tensor(0.7500)
597,597,tensor(1.9662),tensor(1.2971),tensor(0.7500)
598,598,tensor(1.9662),tensor(1.2970),tensor(0.7500)
599,599,tensor(1.9661),tensor(1.2969),tensor(0.7500)
600,600,tensor(1.9661),tensor(1.2968),tensor(0.7500)
601,601,tensor(1.9661),tensor(1.2968),tensor(0.7500)
602,602,tensor(1.9660),tensor(1.2967),tensor(0.7500)
603,603,tensor(1.9660),tensor(1.2966),tensor(0.7500)
604,604,tensor(1.9659),tensor(1.2965),tensor(0.7500)
605,605,tensor(1.9659),tensor(1.2964),tensor(0.7500)
606,606,tensor(1.9659),tensor(1.2963),tensor(0.7500)
607,607,tensor(1.9658),tensor(1.2963),tensor(0.7500)
608,608,tensor(1.9658),tensor(1.2962),tensor(0.7500)
609,609,tensor(1.9657),tensor(1.2961),tensor(0.7500)
610,610,tensor(1.9657),tensor(1.2960),tensor(0.7500)
611,611,tensor(1.9657),tensor(1.2959),tensor(0.7500)
612,612,tensor(1.9656),tensor(1.2958),tensor(0.7500)
613,613,tensor(1.9656),tensor(1.2958),tensor(0.7500)
614,614,tensor(1.9655),tensor(1.2957),tensor(0.7500)
615,615,tensor(1.9655),tensor(1.2956),tensor(0.7500)
616,616,tensor(1.9655),tensor(1.2955),tensor(0.7500)
617,617,tensor(1.9654),tensor(1.2954),tensor(0.7500)
618,618,tensor(1.9654),tensor(1.2954),tensor(0.7500)
619,619,tensor(1.9654),tensor(1.2953),tensor(0.7500)
620,620,tensor(1.9653),tensor(1.2952),tensor(0.7500)
621,621,tensor(1.9653),tensor(1.2951),tensor(0.7500)
622,622,tensor(1.9652),tensor(1.2951),tensor(0.7500)
623,623,tensor(1.9652),tensor(1.2950),tensor(0.7500)
624,624,tensor(1.9652),tensor(1.2949),tensor(0.7500)
625,625,tensor(1.9651),tensor(1.2948),tensor(0.7500)
626,626,tensor(1.9651),tensor(1.2947),tensor(0.7500)
627,627,tensor(1.9651),tensor(1.2947),tensor(0.7500)
628,628,tensor(1.9650),tensor(1.2946),tensor(0.7500)
629,629,tensor(1.9650),tensor(1.2945),tensor(0.7500)
630,630,tensor(1.9650),tensor(1.2944),tensor(0.7500)
631,631,tensor(1.9649),tensor(1.2944),tensor(0.7500)
632,632,tensor(1.9649),tensor(1.2943),tensor(0.7500)
633,633,tensor(1.9649),tensor(1.2942),tensor(0.7500)
634,634,tensor(1.9648),tensor(1.2941),tensor(0.7500)
635,635,tensor(1.9648),tensor(1.2941),tensor(0.7500)
636,636,tensor(1.9648),tensor(1.2940),tensor(0.7500)
637,637,tensor(1.9647),tensor(1.2939),tensor(0.7500)
638,638,tensor(1.9647),tensor(1.2939),tensor(0.7500)
639,639,tensor(1.9647),tensor(1.2938),tensor(0.7500)
640,640,tensor(1.9646),tensor(1.2937),tensor(0.7500)
641,641,tensor(1.9646),tensor(1.2936),tensor(0.7500)
642,642,tensor(1.9646),tensor(1.2936),tensor(0.7500)
643,643,tensor(1.9645),tensor(1.2935),tensor(0.7500)
644,644,tensor(1.9645),tensor(1.2934),tensor(0.7500)
645,645,tensor(1.9645),tensor(1.2934),tensor(0.7500)
646,646,tensor(1.9644),tensor(1.2933),tensor(0.7500)
647,647,tensor(1.9644),tensor(1.2932),tensor(0.7500)
648,648,tensor(1.9644),tensor(1.2931),tensor(0.7500)
649,649,tensor(1.9643),tensor(1.2931),tensor(0.7500)
650,650,tensor(1.9643),tensor(1.2930),tensor(0.7500)
651,651,tensor(1.9643),tensor(1.2929),tensor(0.7500)
652,652,tensor(1.9642),tensor(1.2929),tensor(0.7500)
653,653,tensor(1.9642),tensor(1.2928),tensor(0.7500)
654,654,tensor(1.9642),tensor(1.2927),tensor(0.7500)
655,655,tensor(1.9642),tensor(1.2927),tensor(0.7500)
656,656,tensor(1.9641),tensor(1.2926),tensor(0.7500)
657,657,tensor(1.9641),tensor(1.2925),tensor(0.7500)
658,658,tensor(1.9641),tensor(1.2925),tensor(0.7500)
659,659,tensor(1.9640),tensor(1.2924),tensor(0.7500)
660,660,tensor(1.9640),tensor(1.2923),tensor(0.7500)
661,661,tensor(1.9640),tensor(1.2923),tensor(0.7500)
662,662,tensor(1.9640),tensor(1.2922),tensor(0.7500)
663,663,tensor(1.9639),tensor(1.2921),tensor(0.7500)
664,664,tensor(1.9639),tensor(1.2921),tensor(0.7500)
665,665,tensor(1.9639),tensor(1.2920),tensor(0.7500)
666,666,tensor(1.9638),tensor(1.2920),tensor(0.7500)
667,667,tensor(1.9638),tensor(1.2919),tensor(0.7500)
668,668,tensor(1.9638),tensor(1.2918),tensor(0.7500)
669,669,tensor(1.9638),tensor(1.2918),tensor(0.7500)
670,670,tensor(1.9637),tensor(1.2917),tensor(0.7500)
671,671,tensor(1.9637),tensor(1.2916),tensor(0.7500)
672,672,tensor(1.9637),tensor(1.2916),tensor(0.7500)
673,673,tensor(1.9636),tensor(1.2915),tensor(0.7500)
674,674,tensor(1.9636),tensor(1.2914),tensor(0.7500)
675,675,tensor(1.9636),tensor(1.2914),tensor(0.7500)
676,676,tensor(1.9636),tensor(1.2913),tensor(0.7500)
677,677,tensor(1.9635),tensor(1.2913),tensor(0.7500)
678,678,tensor(1.9635),tensor(1.2912),tensor(0.7500)
679,679,tensor(1.9635),tensor(1.2911),tensor(0.7500)
680,680,tensor(1.9635),tensor(1.2911),tensor(0.7500)
681,681,tensor(1.9634),tensor(1.2910),tensor(0.7500)
682,682,tensor(1.9634),tensor(1.2910),tensor(0.7500)
683,683,tensor(1.9634),tensor(1.2909),tensor(0.7500)
684,684,tensor(1.9634),tensor(1.2908),tensor(0.7500)
685,685,tensor(1.9633),tensor(1.2908),tensor(0.7500)
686,686,tensor(1.9633),tensor(1.2907),tensor(0.7500)
687,687,tensor(1.9633),tensor(1.2907),tensor(0.7500)
688,688,tensor(1.9633),tensor(1.2906),tensor(0.7500)
689,689,tensor(1.9632),tensor(1.2906),tensor(0.7500)
690,690,tensor(1.9632),tensor(1.2905),tensor(0.7500)
691,691,tensor(1.9632),tensor(1.2904),tensor(0.7500)
692,692,tensor(1.9632),tensor(1.2904),tensor(0.7500)
693,693,tensor(1.9631),tensor(1.2903),tensor(0.7500)
694,694,tensor(1.9631),tensor(1.2903),tensor(0.7500)
695,695,tensor(1.9631),tensor(1.2902),tensor(0.7500)
696,696,tensor(1.9631),tensor(1.2902),tensor(0.7500)
697,697,tensor(1.9630),tensor(1.2901),tensor(0.7500)
698,698,tensor(1.9630),tensor(1.2900),tensor(0.7500)
699,699,tensor(1.9630),tensor(1.2900),tensor(0.7500)
700,700,tensor(1.9630),tensor(1.2899),tensor(0.7500)
701,701,tensor(1.9629),tensor(1.2899),tensor(0.7500)
702,702,tensor(1.9629),tensor(1.2898),tensor(0.7500)
703,703,tensor(1.9629),tensor(1.2898),tensor(0.7500)
704,704,tensor(1.9629),tensor(1.2897),tensor(0.7500)
705,705,tensor(1.9628),tensor(1.2897),tensor(0.7500)
706,706,tensor(1.9628),tensor(1.2896),tensor(0.7500)
707,707,tensor(1.9628),tensor(1.2896),tensor(0.7500)
708,708,tensor(1.9628),tensor(1.2895),tensor(0.7500)
709,709,tensor(1.9628),tensor(1.2895),tensor(0.7500)
710,710,tensor(1.9627),tensor(1.2894),tensor(0.7500)
711,711,tensor(1.9627),tensor(1.2893),tensor(0.7500)
712,712,tensor(1.9627),tensor(1.2893),tensor(0.7500)
713,713,tensor(1.9627),tensor(1.2892),tensor(0.7500)
714,714,tensor(1.9626),tensor(1.2892),tensor(0.7500)
715,715,tensor(1.9626),tensor(1.2891),tensor(0.7500)
716,716,tensor(1.9626),tensor(1.2891),tensor(0.7500)
717,717,tensor(1.9626),tensor(1.2890),tensor(0.7500)
718,718,tensor(1.9626),tensor(1.2890),tensor(0.7500)
719,719,tensor(1.9625),tensor(1.2889),tensor(0.7500)
720,720,tensor(1.9625),tensor(1.2889),tensor(0.7499)
721,721,tensor(1.9625),tensor(1.2888),tensor(0.7499)
722,722,tensor(1.9625),tensor(1.2888),tensor(0.7499)
723,723,tensor(1.9624),tensor(1.2887),tensor(0.7499)
724,724,tensor(1.9624),tensor(1.2887),tensor(0.7499)
725,725,tensor(1.9624),tensor(1.2886),tensor(0.7499)
726,726,tensor(1.9624),tensor(1.2886),tensor(0.7499)
727,727,tensor(1.9624),tensor(1.2885),tensor(0.7499)
728,728,tensor(1.9623),tensor(1.2885),tensor(0.7499)
729,729,tensor(1.9623),tensor(1.2884),tensor(0.7499)
730,730,tensor(1.9623),tensor(1.2884),tensor(0.7499)
731,731,tensor(1.9623),tensor(1.2883),tensor(0.7499)
732,732,tensor(1.9623),tensor(1.2883),tensor(0.7499)
733,733,tensor(1.9622),tensor(1.2882),tensor(0.7499)
734,734,tensor(1.9622),tensor(1.2882),tensor(0.7499)
735,735,tensor(1.9622),tensor(1.2882),tensor(0.7499)
736,736,tensor(1.9622),tensor(1.2881),tensor(0.7499)
737,737,tensor(1.9622),tensor(1.2881),tensor(0.7499)
738,738,tensor(1.9621),tensor(1.2880),tensor(0.7499)
739,739,tensor(1.9621),tensor(1.2880),tensor(0.7499)
740,740,tensor(1.9621),tensor(1.2879),tensor(0.7499)
741,741,tensor(1.9621),tensor(1.2879),tensor(0.7499)
742,742,tensor(1.9621),tensor(1.2878),tensor(0.7499)
743,743,tensor(1.9620),tensor(1.2878),tensor(0.7499)
744,744,tensor(1.9620),tensor(1.2877),tensor(0.7499)
745,745,tensor(1.9620),tensor(1.2877),tensor(0.7499)
746,746,tensor(1.9620),tensor(1.2877),tensor(0.7499)
747,747,tensor(1.9620),tensor(1.2876),tensor(0.7499)
748,748,tensor(1.9619),tensor(1.2876),tensor(0.7499)
749,749,tensor(1.9619),tensor(1.2875),tensor(0.7499)
750,750,tensor(1.9619),tensor(1.2875),tensor(0.7499)
751,751,tensor(1.9619),tensor(1.2874),tensor(0.7499)
752,752,tensor(1.9619),tensor(1.2874),tensor(0.7499)
753,753,tensor(1.9618),tensor(1.2873),tensor(0.7499)
754,754,tensor(1.9618),tensor(1.2873),tensor(0.7499)
755,755,tensor(1.9618),tensor(1.2873),tensor(0.7499)
756,756,tensor(1.9618),tensor(1.2872),tensor(0.7499)
757,757,tensor(1.9618),tensor(1.2872),tensor(0.7499)
758,758,tensor(1.9617),tensor(1.2871),tensor(0.7499)
759,759,tensor(1.9617),tensor(1.2871),tensor(0.7499)
760,760,tensor(1.9617),tensor(1.2870),tensor(0.7499)
761,761,tensor(1.9617),tensor(1.2870),tensor(0.7499)
762,762,tensor(1.9617),tensor(1.2870),tensor(0.7499)
763,763,tensor(1.9617),tensor(1.2869),tensor(0.7499)
764,764,tensor(1.9616),tensor(1.2869),tensor(0.7499)
765,765,tensor(1.9616),tensor(1.2868),tensor(0.7499)
766,766,tensor(1.9616),tensor(1.2868),tensor(0.7499)
767,767,tensor(1.9616),tensor(1.2868),tensor(0.7499)
768,768,tensor(1.9616),tensor(1.2867),tensor(0.7499)
769,769,tensor(1.9615),tensor(1.2867),tensor(0.7499)
770,770,tensor(1.9615),tensor(1.2866),tensor(0.7499)
771,771,tensor(1.9615),tensor(1.2866),tensor(0.7499)
772,772,tensor(1.9615),tensor(1.2866),tensor(0.7499)
773,773,tensor(1.9615),tensor(1.2865),tensor(0.7499)
774,774,tensor(1.9615),tensor(1.2865),tensor(0.7499)
775,775,tensor(1.9614),tensor(1.2864),tensor(0.7499)
776,776,tensor(1.9614),tensor(1.2864),tensor(0.7499)
777,777,tensor(1.9614),tensor(1.2864),tensor(0.7499)
778,778,tensor(1.9614),tensor(1.2863),tensor(0.7499)
779,779,tensor(1.9614),tensor(1.2863),tensor(0.7499)
780,780,tensor(1.9614),tensor(1.2862),tensor(0.7499)
781,781,tensor(1.9613),tensor(1.2862),tensor(0.7499)
782,782,tensor(1.9613),tensor(1.2862),tensor(0.7499)
783,783,tensor(1.9613),tensor(1.2861),tensor(0.7499)
784,784,tensor(1.9613),tensor(1.2861),tensor(0.7499)
785,785,tensor(1.9613),tensor(1.2861),tensor(0.7499)
786,786,tensor(1.9612),tensor(1.2860),tensor(0.7499)
787,787,tensor(1.9612),tensor(1.2860),tensor(0.7499)
788,788,tensor(1.9612),tensor(1.2859),tensor(0.7499)
789,789,tensor(1.9612),tensor(1.2859),tensor(0.7499)
790,790,tensor(1.9612),tensor(1.2859),tensor(0.7499)
791,791,tensor(1.9612),tensor(1.2858),tensor(0.7499)
792,792,tensor(1.9611),tensor(1.2858),tensor(0.7499)
793,793,tensor(1.9611),tensor(1.2858),tensor(0.7499)
794,794,tensor(1.9611),tensor(1.2857),tensor(0.7499)
795,795,tensor(1.9611),tensor(1.2857),tensor(0.7499)
796,796,tensor(1.9611),tensor(1.2856),tensor(0.7499)
797,797,tensor(1.9611),tensor(1.2856),tensor(0.7499)
798,798,tensor(1.9610),tensor(1.2856),tensor(0.7499)
799,799,tensor(1.9610),tensor(1.2855),tensor(0.7499)
800,800,tensor(1.9610),tensor(1.2855),tensor(0.7499)
801,801,tensor(1.9610),tensor(1.2855),tensor(0.7499)
802,802,tensor(1.9610),tensor(1.2854),tensor(0.7499)
803,803,tensor(1.9610),tensor(1.2854),tensor(0.7499)
804,804,tensor(1.9609),tensor(1.2854),tensor(0.7499)
805,805,tensor(1.9609),tensor(1.2853),tensor(0.7499)
806,806,tensor(1.9609),tensor(1.2853),tensor(0.7499)
807,807,tensor(1.9609),tensor(1.2853),tensor(0.7499)
808,808,tensor(1.9609),tensor(1.2852),tensor(0.7499)
809,809,tensor(1.9609),tensor(1.2852),tensor(0.7499)
810,810,tensor(1.9609),tensor(1.2852),tensor(0.7499)
811,811,tensor(1.9608),tensor(1.2851),tensor(0.7499)
812,812,tensor(1.9608),tensor(1.2851),tensor(0.7499)
813,813,tensor(1.9608),tensor(1.2851),tensor(0.7499)
814,814,tensor(1.9608),tensor(1.2850),tensor(0.7499)
815,815,tensor(1.9608),tensor(1.2850),tensor(0.7499)
816,816,tensor(1.9608),tensor(1.2850),tensor(0.7499)
817,817,tensor(1.9607),tensor(1.2849),tensor(0.7499)
818,818,tensor(1.9607),tensor(1.2849),tensor(0.7499)
819,819,tensor(1.9607),tensor(1.2849),tensor(0.7499)
820,820,tensor(1.9607),tensor(1.2848),tensor(0.7499)
821,821,tensor(1.9607),tensor(1.2848),tensor(0.7499)
822,822,tensor(1.9607),tensor(1.2848),tensor(0.7499)
823,823,tensor(1.9606),tensor(1.2847),tensor(0.7499)
824,824,tensor(1.9606),tensor(1.2847),tensor(0.7499)
825,825,tensor(1.9606),tensor(1.2847),tensor(0.7499)
826,826,tensor(1.9606),tensor(1.2846),tensor(0.7499)
827,827,tensor(1.9606),tensor(1.2846),tensor(0.7499)
828,828,tensor(1.9606),tensor(1.2846),tensor(0.7499)
829,829,tensor(1.9606),tensor(1.2846),tensor(0.7499)
830,830,tensor(1.9605),tensor(1.2845),tensor(0.7499)
831,831,tensor(1.9605),tensor(1.2845),tensor(0.7499)
832,832,tensor(1.9605),tensor(1.2845),tensor(0.7499)
833,833,tensor(1.9605),tensor(1.2844),tensor(0.7499)
834,834,tensor(1.9605),tensor(1.2844),tensor(0.7499)
835,835,tensor(1.9605),tensor(1.2844),tensor(0.7499)
836,836,tensor(1.9604),tensor(1.2843),tensor(0.7499)
837,837,tensor(1.9604),tensor(1.2843),tensor(0.7499)
838,838,tensor(1.9604),tensor(1.2843),tensor(0.7499)
839,839,tensor(1.9604),tensor(1.2843),tensor(0.7499)
840,840,tensor(1.9604),tensor(1.2842),tensor(0.7499)
841,841,tensor(1.9604),tensor(1.2842),tensor(0.7499)
842,842,tensor(1.9604),tensor(1.2842),tensor(0.7499)
843,843,tensor(1.9603),tensor(1.2841),tensor(0.7499)
844,844,tensor(1.9603),tensor(1.2841),tensor(0.7499)
845,845,tensor(1.9603),tensor(1.2841),tensor(0.7499)
846,846,tensor(1.9603),tensor(1.2840),tensor(0.7499)
847,847,tensor(1.9603),tensor(1.2840),tensor(0.7499)
848,848,tensor(1.9603),tensor(1.2840),tensor(0.7499)
849,849,tensor(1.9603),tensor(1.2840),tensor(0.7499)
850,850,tensor(1.9602),tensor(1.2839),tensor(0.7499)
851,851,tensor(1.9602),tensor(1.2839),tensor(0.7499)
852,852,tensor(1.9602),tensor(1.2839),tensor(0.7499)
853,853,tensor(1.9602),tensor(1.2839),tensor(0.7499)
854,854,tensor(1.9602),tensor(1.2838),tensor(0.7499)
855,855,tensor(1.9602),tensor(1.2838),tensor(0.7499)
856,856,tensor(1.9601),tensor(1.2838),tensor(0.7499)
857,857,tensor(1.9601),tensor(1.2837),tensor(0.7499)
858,858,tensor(1.9601),tensor(1.2837),tensor(0.7499)
859,859,tensor(1.9601),tensor(1.2837),tensor(0.7499)
860,860,tensor(1.9601),tensor(1.2837),tensor(0.7499)
861,861,tensor(1.9601),tensor(1.2836),tensor(0.7499)
862,862,tensor(1.9601),tensor(1.2836),tensor(0.7498)
863,863,tensor(1.9600),tensor(1.2836),tensor(0.7498)
864,864,tensor(1.9600),tensor(1.2836),tensor(0.7498)
865,865,tensor(1.9600),tensor(1.2835),tensor(0.7498)
866,866,tensor(1.9600),tensor(1.2835),tensor(0.7498)
867,867,tensor(1.9600),tensor(1.2835),tensor(0.7498)
868,868,tensor(1.9600),tensor(1.2835),tensor(0.7498)
869,869,tensor(1.9600),tensor(1.2834),tensor(0.7498)
870,870,tensor(1.9599),tensor(1.2834),tensor(0.7498)
871,871,tensor(1.9599),tensor(1.2834),tensor(0.7498)
872,872,tensor(1.9599),tensor(1.2833),tensor(0.7498)
873,873,tensor(1.9599),tensor(1.2833),tensor(0.7498)
874,874,tensor(1.9599),tensor(1.2833),tensor(0.7498)
875,875,tensor(1.9599),tensor(1.2833),tensor(0.7498)
876,876,tensor(1.9599),tensor(1.2832),tensor(0.7498)
877,877,tensor(1.9598),tensor(1.2832),tensor(0.7498)
878,878,tensor(1.9598),tensor(1.2832),tensor(0.7498)
879,879,tensor(1.9598),tensor(1.2832),tensor(0.7498)
880,880,tensor(1.9598),tensor(1.2831),tensor(0.7498)
881,881,tensor(1.9598),tensor(1.2831),tensor(0.7498)
882,882,tensor(1.9598),tensor(1.2831),tensor(0.7498)
883,883,tensor(1.9598),tensor(1.2831),tensor(0.7498)
884,884,tensor(1.9597),tensor(1.2831),tensor(0.7498)
885,885,tensor(1.9597),tensor(1.2830),tensor(0.7498)
886,886,tensor(1.9597),tensor(1.2830),tensor(0.7498)
887,887,tensor(1.9597),tensor(1.2830),tensor(0.7498)
888,888,tensor(1.9597),tensor(1.2830),tensor(0.7498)
889,889,tensor(1.9597),tensor(1.2829),tensor(0.7498)
890,890,tensor(1.9597),tensor(1.2829),tensor(0.7498)
891,891,tensor(1.9596),tensor(1.2829),tensor(0.7498)
892,892,tensor(1.9596),tensor(1.2829),tensor(0.7498)
893,893,tensor(1.9596),tensor(1.2828),tensor(0.7498)
894,894,tensor(1.9596),tensor(1.2828),tensor(0.7498)
895,895,tensor(1.9596),tensor(1.2828),tensor(0.7498)
896,896,tensor(1.9596),tensor(1.2828),tensor(0.7498)
897,897,tensor(1.9596),tensor(1.2827),tensor(0.7498)
898,898,tensor(1.9596),tensor(1.2827),tensor(0.7498)
899,899,tensor(1.9595),tensor(1.2827),tensor(0.7498)
900,900,tensor(1.9595),tensor(1.2827),tensor(0.7498)
901,901,tensor(1.9595),tensor(1.2827),tensor(0.7498)
902,902,tensor(1.9595),tensor(1.2826),tensor(0.7498)
903,903,tensor(1.9595),tensor(1.2826),tensor(0.7498)
904,904,tensor(1.9595),tensor(1.2826),tensor(0.7498)
905,905,tensor(1.9595),tensor(1.2826),tensor(0.7498)
906,906,tensor(1.9594),tensor(1.2825),tensor(0.7498)
907,907,tensor(1.9594),tensor(1.2825),tensor(0.7498)
908,908,tensor(1.9594),tensor(1.2825),tensor(0.7498)
909,909,tensor(1.9594),tensor(1.2825),tensor(0.7498)
910,910,tensor(1.9594),tensor(1.2825),tensor(0.7498)
911,911,tensor(1.9594),tensor(1.2824),tensor(0.7498)
912,912,tensor(1.9594),tensor(1.2824),tensor(0.7498)
913,913,tensor(1.9593),tensor(1.2824),tensor(0.7498)
914,914,tensor(1.9593),tensor(1.2824),tensor(0.7498)
915,915,tensor(1.9593),tensor(1.2824),tensor(0.7498)
916,916,tensor(1.9593),tensor(1.2823),tensor(0.7498)
917,917,tensor(1.9593),tensor(1.2823),tensor(0.7498)
918,918,tensor(1.9593),tensor(1.2823),tensor(0.7498)
919,919,tensor(1.9593),tensor(1.2823),tensor(0.7498)
920,920,tensor(1.9593),tensor(1.2822),tensor(0.7498)
921,921,tensor(1.9592),tensor(1.2822),tensor(0.7498)
922,922,tensor(1.9592),tensor(1.2822),tensor(0.7498)
923,923,tensor(1.9592),tensor(1.2822),tensor(0.7498)
924,924,tensor(1.9592),tensor(1.2822),tensor(0.7498)
925,925,tensor(1.9592),tensor(1.2821),tensor(0.7498)
926,926,tensor(1.9592),tensor(1.2821),tensor(0.7498)
927,927,tensor(1.9592),tensor(1.2821),tensor(0.7498)
928,928,tensor(1.9591),tensor(1.2821),tensor(0.7498)
929,929,tensor(1.9591),tensor(1.2821),tensor(0.7498)
930,930,tensor(1.9591),tensor(1.2820),tensor(0.7498)
931,931,tensor(1.9591),tensor(1.2820),tensor(0.7498)
932,932,tensor(1.9591),tensor(1.2820),tensor(0.7498)
933,933,tensor(1.9591),tensor(1.2820),tensor(0.7498)
934,934,tensor(1.9591),tensor(1.2820),tensor(0.7498)
935,935,tensor(1.9590),tensor(1.2819),tensor(0.7498)
936,936,tensor(1.9590),tensor(1.2819),tensor(0.7498)
937,937,tensor(1.9590),tensor(1.2819),tensor(0.7498)
938,938,tensor(1.9590),tensor(1.2819),tensor(0.7498)
939,939,tensor(1.9590),tensor(1.2819),tensor(0.7498)
940,940,tensor(1.9590),tensor(1.2819),tensor(0.7498)
941,941,tensor(1.9590),tensor(1.2818),tensor(0.7498)
942,942,tensor(1.9590),tensor(1.2818),tensor(0.7498)
943,943,tensor(1.9589),tensor(1.2818),tensor(0.7498)
944,944,tensor(1.9589),tensor(1.2818),tensor(0.7498)
945,945,tensor(1.9589),tensor(1.2818),tensor(0.7498)
946,946,tensor(1.9589),tensor(1.2817),tensor(0.7498)
947,947,tensor(1.9589),tensor(1.2817),tensor(0.7498)
948,948,tensor(1.9589),tensor(1.2817),tensor(0.7498)
949,949,tensor(1.9589),tensor(1.2817),tensor(0.7498)
950,950,tensor(1.9588),tensor(1.2817),tensor(0.7498)
951,951,tensor(1.9588),tensor(1.2816),tensor(0.7498)
952,952,tensor(1.9588),tensor(1.2816),tensor(0.7498)
953,953,tensor(1.9588),tensor(1.2816),tensor(0.7498)
954,954,tensor(1.9588),tensor(1.2816),tensor(0.7498)
955,955,tensor(1.9588),tensor(1.2816),tensor(0.7498)
956,956,tensor(1.9588),tensor(1.2816),tensor(0.7498)
957,957,tensor(1.9588),tensor(1.2815),tensor(0.7498)
958,958,tensor(1.9587),tensor(1.2815),tensor(0.7498)
959,959,tensor(1.9587),tensor(1.2815),tensor(0.7498)
960,960,tensor(1.9587),tensor(1.2815),tensor(0.7498)
961,961,tensor(1.9587),tensor(1.2815),tensor(0.7497)
962,962,tensor(1.9587),tensor(1.2815),tensor(0.7497)
963,963,tensor(1.9587),tensor(1.2814),tensor(0.7497)
964,964,tensor(1.9587),tensor(1.2814),tensor(0.7497)
965,965,tensor(1.9587),tensor(1.2814),tensor(0.7497)
966,966,tensor(1.9586),tensor(1.2814),tensor(0.7497)
967,967,tensor(1.9586),tensor(1.2814),tensor(0.7497)
968,968,tensor(1.9586),tensor(1.2814),tensor(0.7497)
969,969,tensor(1.9586),tensor(1.2813),tensor(0.7497)
970,970,tensor(1.9586),tensor(1.2813),tensor(0.7497)
971,971,tensor(1.9586),tensor(1.2813),tensor(0.7497)
972,972,tensor(1.9586),tensor(1.2813),tensor(0.7497)
973,973,tensor(1.9585),tensor(1.2813),tensor(0.7497)
974,974,tensor(1.9585),tensor(1.2813),tensor(0.7497)
975,975,tensor(1.9585),tensor(1.2812),tensor(0.7497)
976,976,tensor(1.9585),tensor(1.2812),tensor(0.7497)
977,977,tensor(1.9585),tensor(1.2812),tensor(0.7497)
978,978,tensor(1.9585),tensor(1.2812),tensor(0.7497)
979,979,tensor(1.9585),tensor(1.2812),tensor(0.7497)
980,980,tensor(1.9585),tensor(1.2812),tensor(0.7497)
981,981,tensor(1.9584),tensor(1.2811),tensor(0.7497)
982,982,tensor(1.9584),tensor(1.2811),tensor(0.7497)
983,983,tensor(1.9584),tensor(1.2811),tensor(0.7497)
984,984,tensor(1.9584),tensor(1.2811),tensor(0.7497)
985,985,tensor(1.9584),tensor(1.2811),tensor(0.7497)
986,986,tensor(1.9584),tensor(1.2811),tensor(0.7497)
987,987,tensor(1.9584),tensor(1.2810),tensor(0.7497)
988,988,tensor(1.9583),tensor(1.2810),tensor(0.7497)
989,989,tensor(1.9583),tensor(1.2810),tensor(0.7497)
990,990,tensor(1.9583),tensor(1.2810),tensor(0.7497)
991,991,tensor(1.9583),tensor(1.2810),tensor(0.7497)
992,992,tensor(1.9583),tensor(1.2810),tensor(0.7497)
993,993,tensor(1.9583),tensor(1.2810),tensor(0.7497)
994,994,tensor(1.9583),tensor(1.2809),tensor(0.7497)
995,995,tensor(1.9583),tensor(1.2809),tensor(0.7497)
996,996,tensor(1.9582),tensor(1.2809),tensor(0.7497)
997,997,tensor(1.9582),tensor(1.2809),tensor(0.7497)
998,998,tensor(1.9582),tensor(1.2809),tensor(0.7497)
999,999,tensor(1.9582),tensor(1.2809),tensor(0.7497)
1000,1000,tensor(1.9582),tensor(1.2808),tensor(0.7497)
1001,1001,tensor(1.9582),tensor(1.2808),tensor(0.7497)
1002,1002,tensor(1.9582),tensor(1.2808),tensor(0.7497)
1003,1003,tensor(1.9582),tensor(1.2808),tensor(0.7497)
1004,1004,tensor(1.9581),tensor(1.2808),tensor(0.7497)
1005,1005,tensor(1.9581),tensor(1.2808),tensor(0.7497)
1006,1006,tensor(1.9581),tensor(1.2808),tensor(0.7497)
1007,1007,tensor(1.9581),tensor(1.2807),tensor(0.7497)
1008,1008,tensor(1.9581),tensor(1.2807),tensor(0.7497)
1009,1009,tensor(1.9581),tensor(1.2807),tensor(0.7497)
1010,1010,tensor(1.9581),tensor(1.2807),tensor(0.7497)
1011,1011,tensor(1.9580),tensor(1.2807),tensor(0.7497)
1012,1012,tensor(1.9580),tensor(1.2807),tensor(0.7497)
1013,1013,tensor(1.9580),tensor(1.2807),tensor(0.7497)
1014,1014,tensor(1.9580),tensor(1.2806),tensor(0.7497)
1015,1015,tensor(1.9580),tensor(1.2806),tensor(0.7497)
1016,1016,tensor(1.9580),tensor(1.2806),tensor(0.7497)
1017,1017,tensor(1.9580),tensor(1.2806),tensor(0.7497)
1018,1018,tensor(1.9580),tensor(1.2806),tensor(0.7497)
1019,1019,tensor(1.9579),tensor(1.2806),tensor(0.7497)
1020,1020,tensor(1.9579),tensor(1.2806),tensor(0.7497)
1021,1021,tensor(1.9579),tensor(1.2805),tensor(0.7497)
1022,1022,tensor(1.9579),tensor(1.2805),tensor(0.7497)
1023,1023,tensor(1.9579),tensor(1.2805),tensor(0.7497)
1024,1024,tensor(1.9579),tensor(1.2805),tensor(0.7497)
1025,1025,tensor(1.9579),tensor(1.2805),tensor(0.7497)
1026,1026,tensor(1.9579),tensor(1.2805),tensor(0.7497)
1027,1027,tensor(1.9578),tensor(1.2805),tensor(0.7497)
1028,1028,tensor(1.9578),tensor(1.2805),tensor(0.7497)
1029,1029,tensor(1.9578),tensor(1.2804),tensor(0.7497)
1030,1030,tensor(1.9578),tensor(1.2804),tensor(0.7497)
1031,1031,tensor(1.9578),tensor(1.2804),tensor(0.7497)
1032,1032,tensor(1.9578),tensor(1.2804),tensor(0.7497)
1033,1033,tensor(1.9578),tensor(1.2804),tensor(0.7497)
1034,1034,tensor(1.9578),tensor(1.2804),tensor(0.7497)
1035,1035,tensor(1.9577),tensor(1.2804),tensor(0.7497)
1036,1036,tensor(1.9577),tensor(1.2803),tensor(0.7497)
1037,1037,tensor(1.9577),tensor(1.2803),tensor(0.7497)
1038,1038,tensor(1.9577),tensor(1.2803),tensor(0.7497)
1039,1039,tensor(1.9577),tensor(1.2803),tensor(0.7497)
1040,1040,tensor(1.9577),tensor(1.2803),tensor(0.7497)
1041,1041,tensor(1.9577),tensor(1.2803),tensor(0.7496)
1042,1042,tensor(1.9576),tensor(1.2803),tensor(0.7496)
1043,1043,tensor(1.9576),tensor(1.2803),tensor(0.7496)
1044,1044,tensor(1.9576),tensor(1.2802),tensor(0.7496)
1045,1045,tensor(1.9576),tensor(1.2802),tensor(0.7496)
1046,1046,tensor(1.9576),tensor(1.2802),tensor(0.7496)
1047,1047,tensor(1.9576),tensor(1.2802),tensor(0.7496)
1048,1048,tensor(1.9576),tensor(1.2802),tensor(0.7496)
1049,1049,tensor(1.9576),tensor(1.2802),tensor(0.7496)
1050,1050,tensor(1.9575),tensor(1.2802),tensor(0.7496)
1051,1051,tensor(1.9575),tensor(1.2802),tensor(0.7496)
1052,1052,tensor(1.9575),tensor(1.2801),tensor(0.7496)
1053,1053,tensor(1.9575),tensor(1.2801),tensor(0.7496)
1054,1054,tensor(1.9575),tensor(1.2801),tensor(0.7496)
1055,1055,tensor(1.9575),tensor(1.2801),tensor(0.7496)
1056,1056,tensor(1.9575),tensor(1.2801),tensor(0.7496)
1057,1057,tensor(1.9575),tensor(1.2801),tensor(0.7496)
1058,1058,tensor(1.9574),tensor(1.2801),tensor(0.7496)
1059,1059,tensor(1.9574),tensor(1.2801),tensor(0.7496)
1060,1060,tensor(1.9574),tensor(1.2801),tensor(0.7496)
1061,1061,tensor(1.9574),tensor(1.2800),tensor(0.7496)
1062,1062,tensor(1.9574),tensor(1.2800),tensor(0.7496)
1063,1063,tensor(1.9574),tensor(1.2800),tensor(0.7496)
1064,1064,tensor(1.9574),tensor(1.2800),tensor(0.7496)
1065,1065,tensor(1.9573),tensor(1.2800),tensor(0.7496)
1066,1066,tensor(1.9573),tensor(1.2800),tensor(0.7496)
1067,1067,tensor(1.9573),tensor(1.2800),tensor(0.7496)
1068,1068,tensor(1.9573),tensor(1.2800),tensor(0.7496)
1069,1069,tensor(1.9573),tensor(1.2799),tensor(0.7496)
1070,1070,tensor(1.9573),tensor(1.2799),tensor(0.7496)
1071,1071,tensor(1.9573),tensor(1.2799),tensor(0.7496)
1072,1072,tensor(1.9573),tensor(1.2799),tensor(0.7496)
1073,1073,tensor(1.9572),tensor(1.2799),tensor(0.7496)
1074,1074,tensor(1.9572),tensor(1.2799),tensor(0.7496)
1075,1075,tensor(1.9572),tensor(1.2799),tensor(0.7496)
1076,1076,tensor(1.9572),tensor(1.2799),tensor(0.7496)
1077,1077,tensor(1.9572),tensor(1.2799),tensor(0.7496)
1078,1078,tensor(1.9572),tensor(1.2798),tensor(0.7496)
1079,1079,tensor(1.9572),tensor(1.2798),tensor(0.7496)
1080,1080,tensor(1.9572),tensor(1.2798),tensor(0.7496)
1081,1081,tensor(1.9571),tensor(1.2798),tensor(0.7496)
1082,1082,tensor(1.9571),tensor(1.2798),tensor(0.7496)
1083,1083,tensor(1.9571),tensor(1.2798),tensor(0.7496)
1084,1084,tensor(1.9571),tensor(1.2798),tensor(0.7496)
1085,1085,tensor(1.9571),tensor(1.2798),tensor(0.7496)
1086,1086,tensor(1.9571),tensor(1.2798),tensor(0.7496)
1087,1087,tensor(1.9571),tensor(1.2797),tensor(0.7496)
1088,1088,tensor(1.9570),tensor(1.2797),tensor(0.7496)
1089,1089,tensor(1.9570),tensor(1.2797),tensor(0.7496)
1090,1090,tensor(1.9570),tensor(1.2797),tensor(0.7496)
1091,1091,tensor(1.9570),tensor(1.2797),tensor(0.7496)
1092,1092,tensor(1.9570),tensor(1.2797),tensor(0.7496)
1093,1093,tensor(1.9570),tensor(1.2797),tensor(0.7496)
1094,1094,tensor(1.9570),tensor(1.2797),tensor(0.7496)
1095,1095,tensor(1.9570),tensor(1.2797),tensor(0.7496)
1096,1096,tensor(1.9569),tensor(1.2796),tensor(0.7496)
1097,1097,tensor(1.9569),tensor(1.2796),tensor(0.7496)
1098,1098,tensor(1.9569),tensor(1.2796),tensor(0.7496)
1099,1099,tensor(1.9569),tensor(1.2796),tensor(0.7496)
1100,1100,tensor(1.9569),tensor(1.2796),tensor(0.7496)
1101,1101,tensor(1.9569),tensor(1.2796),tensor(0.7496)
1102,1102,tensor(1.9569),tensor(1.2796),tensor(0.7496)
1103,1103,tensor(1.9569),tensor(1.2796),tensor(0.7496)
1104,1104,tensor(1.9568),tensor(1.2796),tensor(0.7496)
1105,1105,tensor(1.9568),tensor(1.2796),tensor(0.7496)
1106,1106,tensor(1.9568),tensor(1.2795),tensor(0.7496)
1107,1107,tensor(1.9568),tensor(1.2795),tensor(0.7496)
1108,1108,tensor(1.9568),tensor(1.2795),tensor(0.7496)
1109,1109,tensor(1.9568),tensor(1.2795),tensor(0.7496)
1110,1110,tensor(1.9568),tensor(1.2795),tensor(0.7495)
1111,1111,tensor(1.9567),tensor(1.2795),tensor(0.7495)
1112,1112,tensor(1.9567),tensor(1.2795),tensor(0.7495)
1113,1113,tensor(1.9567),tensor(1.2795),tensor(0.7495)
1114,1114,tensor(1.9567),tensor(1.2795),tensor(0.7495)
1115,1115,tensor(1.9567),tensor(1.2795),tensor(0.7495)
1116,1116,tensor(1.9567),tensor(1.2794),tensor(0.7495)
1117,1117,tensor(1.9567),tensor(1.2794),tensor(0.7495)
1118,1118,tensor(1.9567),tensor(1.2794),tensor(0.7495)
1119,1119,tensor(1.9566),tensor(1.2794),tensor(0.7495)
1120,1120,tensor(1.9566),tensor(1.2794),tensor(0.7495)
1121,1121,tensor(1.9566),tensor(1.2794),tensor(0.7495)
1122,1122,tensor(1.9566),tensor(1.2794),tensor(0.7495)
1123,1123,tensor(1.9566),tensor(1.2794),tensor(0.7495)
1124,1124,tensor(1.9566),tensor(1.2794),tensor(0.7495)
1125,1125,tensor(1.9566),tensor(1.2794),tensor(0.7495)
1126,1126,tensor(1.9566),tensor(1.2793),tensor(0.7495)
1127,1127,tensor(1.9565),tensor(1.2793),tensor(0.7495)
1128,1128,tensor(1.9565),tensor(1.2793),tensor(0.7495)
1129,1129,tensor(1.9565),tensor(1.2793),tensor(0.7495)
1130,1130,tensor(1.9565),tensor(1.2793),tensor(0.7495)
1131,1131,tensor(1.9565),tensor(1.2793),tensor(0.7495)
1132,1132,tensor(1.9565),tensor(1.2793),tensor(0.7495)
1133,1133,tensor(1.9565),tensor(1.2793),tensor(0.7495)
1134,1134,tensor(1.9564),tensor(1.2793),tensor(0.7495)
1135,1135,tensor(1.9564),tensor(1.2793),tensor(0.7495)
1136,1136,tensor(1.9564),tensor(1.2793),tensor(0.7495)
1137,1137,tensor(1.9564),tensor(1.2792),tensor(0.7495)
1138,1138,tensor(1.9564),tensor(1.2792),tensor(0.7495)
1139,1139,tensor(1.9564),tensor(1.2792),tensor(0.7495)
1140,1140,tensor(1.9564),tensor(1.2792),tensor(0.7495)
1141,1141,tensor(1.9564),tensor(1.2792),tensor(0.7495)
1142,1142,tensor(1.9563),tensor(1.2792),tensor(0.7495)
1143,1143,tensor(1.9563),tensor(1.2792),tensor(0.7495)
1144,1144,tensor(1.9563),tensor(1.2792),tensor(0.7495)
1145,1145,tensor(1.9563),tensor(1.2792),tensor(0.7495)
1146,1146,tensor(1.9563),tensor(1.2792),tensor(0.7495)
1147,1147,tensor(1.9563),tensor(1.2791),tensor(0.7495)
1148,1148,tensor(1.9563),tensor(1.2791),tensor(0.7495)
1149,1149,tensor(1.9563),tensor(1.2791),tensor(0.7495)
1150,1150,tensor(1.9562),tensor(1.2791),tensor(0.7495)
1151,1151,tensor(1.9562),tensor(1.2791),tensor(0.7495)
1152,1152,tensor(1.9562),tensor(1.2791),tensor(0.7495)
1153,1153,tensor(1.9562),tensor(1.2791),tensor(0.7495)
1154,1154,tensor(1.9562),tensor(1.2791),tensor(0.7495)
1155,1155,tensor(1.9562),tensor(1.2791),tensor(0.7495)
1156,1156,tensor(1.9562),tensor(1.2791),tensor(0.7495)
1157,1157,tensor(1.9561),tensor(1.2791),tensor(0.7495)
1158,1158,tensor(1.9561),tensor(1.2791),tensor(0.7495)
1159,1159,tensor(1.9561),tensor(1.2790),tensor(0.7495)
1160,1160,tensor(1.9561),tensor(1.2790),tensor(0.7495)
1161,1161,tensor(1.9561),tensor(1.2790),tensor(0.7495)
1162,1162,tensor(1.9561),tensor(1.2790),tensor(0.7495)
1163,1163,tensor(1.9561),tensor(1.2790),tensor(0.7495)
1164,1164,tensor(1.9561),tensor(1.2790),tensor(0.7495)
1165,1165,tensor(1.9560),tensor(1.2790),tensor(0.7495)
1166,1166,tensor(1.9560),tensor(1.2790),tensor(0.7495)
1167,1167,tensor(1.9560),tensor(1.2790),tensor(0.7495)
1168,1168,tensor(1.9560),tensor(1.2790),tensor(0.7495)
1169,1169,tensor(1.9560),tensor(1.2790),tensor(0.7495)
1170,1170,tensor(1.9560),tensor(1.2789),tensor(0.7495)
1171,1171,tensor(1.9560),tensor(1.2789),tensor(0.7495)
1172,1172,tensor(1.9559),tensor(1.2789),tensor(0.7494)
1173,1173,tensor(1.9559),tensor(1.2789),tensor(0.7494)
1174,1174,tensor(1.9559),tensor(1.2789),tensor(0.7494)
1175,1175,tensor(1.9559),tensor(1.2789),tensor(0.7494)
1176,1176,tensor(1.9559),tensor(1.2789),tensor(0.7494)
1177,1177,tensor(1.9559),tensor(1.2789),tensor(0.7494)
1178,1178,tensor(1.9559),tensor(1.2789),tensor(0.7494)
1179,1179,tensor(1.9559),tensor(1.2789),tensor(0.7494)
1180,1180,tensor(1.9558),tensor(1.2789),tensor(0.7494)
1181,1181,tensor(1.9558),tensor(1.2789),tensor(0.7494)
1182,1182,tensor(1.9558),tensor(1.2788),tensor(0.7494)
1183,1183,tensor(1.9558),tensor(1.2788),tensor(0.7494)
1184,1184,tensor(1.9558),tensor(1.2788),tensor(0.7494)
1185,1185,tensor(1.9558),tensor(1.2788),tensor(0.7494)
1186,1186,tensor(1.9558),tensor(1.2788),tensor(0.7494)
1187,1187,tensor(1.9557),tensor(1.2788),tensor(0.7494)
1188,1188,tensor(1.9557),tensor(1.2788),tensor(0.7494)
1189,1189,tensor(1.9557),tensor(1.2788),tensor(0.7494)
1190,1190,tensor(1.9557),tensor(1.2788),tensor(0.7494)
1191,1191,tensor(1.9557),tensor(1.2788),tensor(0.7494)
1192,1192,tensor(1.9557),tensor(1.2788),tensor(0.7494)
1193,1193,tensor(1.9557),tensor(1.2788),tensor(0.7494)
1194,1194,tensor(1.9557),tensor(1.2787),tensor(0.7494)
1195,1195,tensor(1.9556),tensor(1.2787),tensor(0.7494)
1196,1196,tensor(1.9556),tensor(1.2787),tensor(0.7494)
1197,1197,tensor(1.9556),tensor(1.2787),tensor(0.7494)
1198,1198,tensor(1.9556),tensor(1.2787),tensor(0.7494)
1199,1199,tensor(1.9556),tensor(1.2787),tensor(0.7494)
1200,1200,tensor(1.9556),tensor(1.2787),tensor(0.7494)
1201,1201,tensor(1.9556),tensor(1.2787),tensor(0.7494)
1202,1202,tensor(1.9555),tensor(1.2787),tensor(0.7494)
1203,1203,tensor(1.9555),tensor(1.2787),tensor(0.7494)
1204,1204,tensor(1.9555),tensor(1.2787),tensor(0.7494)
1205,1205,tensor(1.9555),tensor(1.2787),tensor(0.7494)
1206,1206,tensor(1.9555),tensor(1.2787),tensor(0.7494)
1207,1207,tensor(1.9555),tensor(1.2786),tensor(0.7494)
1208,1208,tensor(1.9555),tensor(1.2786),tensor(0.7494)
1209,1209,tensor(1.9555),tensor(1.2786),tensor(0.7494)
1210,1210,tensor(1.9554),tensor(1.2786),tensor(0.7494)
1211,1211,tensor(1.9554),tensor(1.2786),tensor(0.7494)
1212,1212,tensor(1.9554),tensor(1.2786),tensor(0.7494)
1213,1213,tensor(1.9554),tensor(1.2786),tensor(0.7494)
1214,1214,tensor(1.9554),tensor(1.2786),tensor(0.7494)
1215,1215,tensor(1.9554),tensor(1.2786),tensor(0.7494)
1216,1216,tensor(1.9554),tensor(1.2786),tensor(0.7494)
1217,1217,tensor(1.9553),tensor(1.2786),tensor(0.7494)
1218,1218,tensor(1.9553),tensor(1.2786),tensor(0.7494)
1219,1219,tensor(1.9553),tensor(1.2785),tensor(0.7494)
1220,1220,tensor(1.9553),tensor(1.2785),tensor(0.7494)
1221,1221,tensor(1.9553),tensor(1.2785),tensor(0.7494)
1222,1222,tensor(1.9553),tensor(1.2785),tensor(0.7494)
1223,1223,tensor(1.9553),tensor(1.2785),tensor(0.7494)
1224,1224,tensor(1.9553),tensor(1.2785),tensor(0.7494)
1225,1225,tensor(1.9552),tensor(1.2785),tensor(0.7494)
1226,1226,tensor(1.9552),tensor(1.2785),tensor(0.7494)
1227,1227,tensor(1.9552),tensor(1.2785),tensor(0.7494)
1228,1228,tensor(1.9552),tensor(1.2785),tensor(0.7494)
1229,1229,tensor(1.9552),tensor(1.2785),tensor(0.7493)
1230,1230,tensor(1.9552),tensor(1.2785),tensor(0.7493)
1231,1231,tensor(1.9552),tensor(1.2785),tensor(0.7493)
1232,1232,tensor(1.9551),tensor(1.2784),tensor(0.7493)
1233,1233,tensor(1.9551),tensor(1.2784),tensor(0.7493)
1234,1234,tensor(1.9551),tensor(1.2784),tensor(0.7493)
1235,1235,tensor(1.9551),tensor(1.2784),tensor(0.7493)
1236,1236,tensor(1.9551),tensor(1.2784),tensor(0.7493)
1237,1237,tensor(1.9551),tensor(1.2784),tensor(0.7493)
1238,1238,tensor(1.9551),tensor(1.2784),tensor(0.7493)
1239,1239,tensor(1.9550),tensor(1.2784),tensor(0.7493)
1240,1240,tensor(1.9550),tensor(1.2784),tensor(0.7493)
1241,1241,tensor(1.9550),tensor(1.2784),tensor(0.7493)
1242,1242,tensor(1.9550),tensor(1.2784),tensor(0.7493)
1243,1243,tensor(1.9550),tensor(1.2784),tensor(0.7493)
1244,1244,tensor(1.9550),tensor(1.2784),tensor(0.7493)
1245,1245,tensor(1.9550),tensor(1.2784),tensor(0.7493)
1246,1246,tensor(1.9550),tensor(1.2783),tensor(0.7493)
1247,1247,tensor(1.9549),tensor(1.2783),tensor(0.7493)
1248,1248,tensor(1.9549),tensor(1.2783),tensor(0.7493)
1249,1249,tensor(1.9549),tensor(1.2783),tensor(0.7493)
1250,1250,tensor(1.9549),tensor(1.2783),tensor(0.7493)
1251,1251,tensor(1.9549),tensor(1.2783),tensor(0.7493)
1252,1252,tensor(1.9549),tensor(1.2783),tensor(0.7493)
1253,1253,tensor(1.9549),tensor(1.2783),tensor(0.7493)
1254,1254,tensor(1.9548),tensor(1.2783),tensor(0.7493)
1255,1255,tensor(1.9548),tensor(1.2783),tensor(0.7493)
1256,1256,tensor(1.9548),tensor(1.2783),tensor(0.7493)
1257,1257,tensor(1.9548),tensor(1.2783),tensor(0.7493)
1258,1258,tensor(1.9548),tensor(1.2783),tensor(0.7493)
1259,1259,tensor(1.9548),tensor(1.2783),tensor(0.7493)
1260,1260,tensor(1.9548),tensor(1.2782),tensor(0.7493)
1261,1261,tensor(1.9547),tensor(1.2782),tensor(0.7493)
1262,1262,tensor(1.9547),tensor(1.2782),tensor(0.7493)
1263,1263,tensor(1.9547),tensor(1.2782),tensor(0.7493)
1264,1264,tensor(1.9547),tensor(1.2782),tensor(0.7493)
1265,1265,tensor(1.9547),tensor(1.2782),tensor(0.7493)
1266,1266,tensor(1.9547),tensor(1.2782),tensor(0.7493)
1267,1267,tensor(1.9547),tensor(1.2782),tensor(0.7493)
1268,1268,tensor(1.9547),tensor(1.2782),tensor(0.7493)
1269,1269,tensor(1.9546),tensor(1.2782),tensor(0.7493)
1270,1270,tensor(1.9546),tensor(1.2782),tensor(0.7493)
1271,1271,tensor(1.9546),tensor(1.2782),tensor(0.7493)
1272,1272,tensor(1.9546),tensor(1.2782),tensor(0.7493)
1273,1273,tensor(1.9546),tensor(1.2782),tensor(0.7493)
1274,1274,tensor(1.9546),tensor(1.2781),tensor(0.7493)
1275,1275,tensor(1.9546),tensor(1.2781),tensor(0.7493)
1276,1276,tensor(1.9545),tensor(1.2781),tensor(0.7493)
1277,1277,tensor(1.9545),tensor(1.2781),tensor(0.7493)
1278,1278,tensor(1.9545),tensor(1.2781),tensor(0.7493)
1279,1279,tensor(1.9545),tensor(1.2781),tensor(0.7493)
1280,1280,tensor(1.9545),tensor(1.2781),tensor(0.7493)
1281,1281,tensor(1.9545),tensor(1.2781),tensor(0.7493)
1282,1282,tensor(1.9545),tensor(1.2781),tensor(0.7492)
1283,1283,tensor(1.9544),tensor(1.2781),tensor(0.7492)
1284,1284,tensor(1.9544),tensor(1.2781),tensor(0.7492)
1285,1285,tensor(1.9544),tensor(1.2781),tensor(0.7492)
1286,1286,tensor(1.9544),tensor(1.2781),tensor(0.7492)
1287,1287,tensor(1.9544),tensor(1.2781),tensor(0.7492)
1288,1288,tensor(1.9544),tensor(1.2780),tensor(0.7492)
1289,1289,tensor(1.9544),tensor(1.2780),tensor(0.7492)
1290,1290,tensor(1.9543),tensor(1.2780),tensor(0.7492)
1291,1291,tensor(1.9543),tensor(1.2780),tensor(0.7492)
1292,1292,tensor(1.9543),tensor(1.2780),tensor(0.7492)
1293,1293,tensor(1.9543),tensor(1.2780),tensor(0.7492)
1294,1294,tensor(1.9543),tensor(1.2780),tensor(0.7492)
1295,1295,tensor(1.9543),tensor(1.2780),tensor(0.7492)
1296,1296,tensor(1.9543),tensor(1.2780),tensor(0.7492)
1297,1297,tensor(1.9543),tensor(1.2780),tensor(0.7492)
1298,1298,tensor(1.9542),tensor(1.2780),tensor(0.7492)
1299,1299,tensor(1.9542),tensor(1.2780),tensor(0.7492)
1300,1300,tensor(1.9542),tensor(1.2780),tensor(0.7492)
1301,1301,tensor(1.9542),tensor(1.2780),tensor(0.7492)
1302,1302,tensor(1.9542),tensor(1.2779),tensor(0.7492)
1303,1303,tensor(1.9542),tensor(1.2779),tensor(0.7492)
1304,1304,tensor(1.9542),tensor(1.2779),tensor(0.7492)
1305,1305,tensor(1.9541),tensor(1.2779),tensor(0.7492)
1306,1306,tensor(1.9541),tensor(1.2779),tensor(0.7492)
1307,1307,tensor(1.9541),tensor(1.2779),tensor(0.7492)
1308,1308,tensor(1.9541),tensor(1.2779),tensor(0.7492)
1309,1309,tensor(1.9541),tensor(1.2779),tensor(0.7492)
1310,1310,tensor(1.9541),tensor(1.2779),tensor(0.7492)
1311,1311,tensor(1.9541),tensor(1.2779),tensor(0.7492)
1312,1312,tensor(1.9540),tensor(1.2779),tensor(0.7492)
1313,1313,tensor(1.9540),tensor(1.2779),tensor(0.7492)
1314,1314,tensor(1.9540),tensor(1.2779),tensor(0.7492)
1315,1315,tensor(1.9540),tensor(1.2779),tensor(0.7492)
1316,1316,tensor(1.9540),tensor(1.2779),tensor(0.7492)
1317,1317,tensor(1.9540),tensor(1.2778),tensor(0.7492)
1318,1318,tensor(1.9540),tensor(1.2778),tensor(0.7492)
1319,1319,tensor(1.9539),tensor(1.2778),tensor(0.7492)
1320,1320,tensor(1.9539),tensor(1.2778),tensor(0.7492)
1321,1321,tensor(1.9539),tensor(1.2778),tensor(0.7492)
1322,1322,tensor(1.9539),tensor(1.2778),tensor(0.7492)
1323,1323,tensor(1.9539),tensor(1.2778),tensor(0.7492)
1324,1324,tensor(1.9539),tensor(1.2778),tensor(0.7492)
1325,1325,tensor(1.9539),tensor(1.2778),tensor(0.7492)
1326,1326,tensor(1.9538),tensor(1.2778),tensor(0.7492)
1327,1327,tensor(1.9538),tensor(1.2778),tensor(0.7492)
1328,1328,tensor(1.9538),tensor(1.2778),tensor(0.7492)
1329,1329,tensor(1.9538),tensor(1.2778),tensor(0.7492)
1330,1330,tensor(1.9538),tensor(1.2778),tensor(0.7492)
1331,1331,tensor(1.9538),tensor(1.2778),tensor(0.7492)
1332,1332,tensor(1.9538),tensor(1.2777),tensor(0.7491)
1333,1333,tensor(1.9538),tensor(1.2777),tensor(0.7491)
1334,1334,tensor(1.9537),tensor(1.2777),tensor(0.7491)
1335,1335,tensor(1.9537),tensor(1.2777),tensor(0.7491)
1336,1336,tensor(1.9537),tensor(1.2777),tensor(0.7491)
1337,1337,tensor(1.9537),tensor(1.2777),tensor(0.7491)
1338,1338,tensor(1.9537),tensor(1.2777),tensor(0.7491)
1339,1339,tensor(1.9537),tensor(1.2777),tensor(0.7491)
1340,1340,tensor(1.9537),tensor(1.2777),tensor(0.7491)
1341,1341,tensor(1.9536),tensor(1.2777),tensor(0.7491)
1342,1342,tensor(1.9536),tensor(1.2777),tensor(0.7491)
1343,1343,tensor(1.9536),tensor(1.2777),tensor(0.7491)
1344,1344,tensor(1.9536),tensor(1.2777),tensor(0.7491)
1345,1345,tensor(1.9536),tensor(1.2777),tensor(0.7491)
1346,1346,tensor(1.9536),tensor(1.2777),tensor(0.7491)
1347,1347,tensor(1.9536),tensor(1.2776),tensor(0.7491)
1348,1348,tensor(1.9535),tensor(1.2776),tensor(0.7491)
1349,1349,tensor(1.9535),tensor(1.2776),tensor(0.7491)
1350,1350,tensor(1.9535),tensor(1.2776),tensor(0.7491)
1351,1351,tensor(1.9535),tensor(1.2776),tensor(0.7491)
1352,1352,tensor(1.9535),tensor(1.2776),tensor(0.7491)
1353,1353,tensor(1.9535),tensor(1.2776),tensor(0.7491)
1354,1354,tensor(1.9535),tensor(1.2776),tensor(0.7491)
1355,1355,tensor(1.9534),tensor(1.2776),tensor(0.7491)
1356,1356,tensor(1.9534),tensor(1.2776),tensor(0.7491)
1357,1357,tensor(1.9534),tensor(1.2776),tensor(0.7491)
1358,1358,tensor(1.9534),tensor(1.2776),tensor(0.7491)
1359,1359,tensor(1.9534),tensor(1.2776),tensor(0.7491)
1360,1360,tensor(1.9534),tensor(1.2776),tensor(0.7491)
1361,1361,tensor(1.9534),tensor(1.2776),tensor(0.7491)
1362,1362,tensor(1.9533),tensor(1.2775),tensor(0.7491)
1363,1363,tensor(1.9533),tensor(1.2775),tensor(0.7491)
1364,1364,tensor(1.9533),tensor(1.2775),tensor(0.7491)
1365,1365,tensor(1.9533),tensor(1.2775),tensor(0.7491)
1366,1366,tensor(1.9533),tensor(1.2775),tensor(0.7491)
1367,1367,tensor(1.9533),tensor(1.2775),tensor(0.7491)
1368,1368,tensor(1.9533),tensor(1.2775),tensor(0.7491)
1369,1369,tensor(1.9532),tensor(1.2775),tensor(0.7491)
1370,1370,tensor(1.9532),tensor(1.2775),tensor(0.7491)
1371,1371,tensor(1.9532),tensor(1.2775),tensor(0.7491)
1372,1372,tensor(1.9532),tensor(1.2775),tensor(0.7491)
1373,1373,tensor(1.9532),tensor(1.2775),tensor(0.7491)
1374,1374,tensor(1.9532),tensor(1.2775),tensor(0.7491)
1375,1375,tensor(1.9532),tensor(1.2775),tensor(0.7491)
1376,1376,tensor(1.9531),tensor(1.2775),tensor(0.7491)
1377,1377,tensor(1.9531),tensor(1.2774),tensor(0.7491)
1378,1378,tensor(1.9531),tensor(1.2774),tensor(0.7491)
1379,1379,tensor(1.9531),tensor(1.2774),tensor(0.7491)
1380,1380,tensor(1.9531),tensor(1.2774),tensor(0.7490)
1381,1381,tensor(1.9531),tensor(1.2774),tensor(0.7490)
1382,1382,tensor(1.9531),tensor(1.2774),tensor(0.7490)
1383,1383,tensor(1.9530),tensor(1.2774),tensor(0.7490)
1384,1384,tensor(1.9530),tensor(1.2774),tensor(0.7490)
1385,1385,tensor(1.9530),tensor(1.2774),tensor(0.7490)
1386,1386,tensor(1.9530),tensor(1.2774),tensor(0.7490)
1387,1387,tensor(1.9530),tensor(1.2774),tensor(0.7490)
1388,1388,tensor(1.9530),tensor(1.2774),tensor(0.7490)
1389,1389,tensor(1.9530),tensor(1.2774),tensor(0.7490)
1390,1390,tensor(1.9529),tensor(1.2774),tensor(0.7490)
1391,1391,tensor(1.9529),tensor(1.2774),tensor(0.7490)
1392,1392,tensor(1.9529),tensor(1.2773),tensor(0.7490)
1393,1393,tensor(1.9529),tensor(1.2773),tensor(0.7490)
1394,1394,tensor(1.9529),tensor(1.2773),tensor(0.7490)
1395,1395,tensor(1.9529),tensor(1.2773),tensor(0.7490)
1396,1396,tensor(1.9529),tensor(1.2773),tensor(0.7490)
1397,1397,tensor(1.9528),tensor(1.2773),tensor(0.7490)
1398,1398,tensor(1.9528),tensor(1.2773),tensor(0.7490)
1399,1399,tensor(1.9528),tensor(1.2773),tensor(0.7490)
1400,1400,tensor(1.9528),tensor(1.2773),tensor(0.7490)
1401,1401,tensor(1.9528),tensor(1.2773),tensor(0.7490)
1402,1402,tensor(1.9528),tensor(1.2773),tensor(0.7490)
1403,1403,tensor(1.9528),tensor(1.2773),tensor(0.7490)
1404,1404,tensor(1.9527),tensor(1.2773),tensor(0.7490)
1405,1405,tensor(1.9527),tensor(1.2773),tensor(0.7490)
1406,1406,tensor(1.9527),tensor(1.2773),tensor(0.7490)
1407,1407,tensor(1.9527),tensor(1.2773),tensor(0.7490)
1408,1408,tensor(1.9527),tensor(1.2772),tensor(0.7490)
1409,1409,tensor(1.9527),tensor(1.2772),tensor(0.7490)
1410,1410,tensor(1.9527),tensor(1.2772),tensor(0.7490)
1411,1411,tensor(1.9526),tensor(1.2772),tensor(0.7490)
1412,1412,tensor(1.9526),tensor(1.2772),tensor(0.7490)
1413,1413,tensor(1.9526),tensor(1.2772),tensor(0.7490)
1414,1414,tensor(1.9526),tensor(1.2772),tensor(0.7490)
1415,1415,tensor(1.9526),tensor(1.2772),tensor(0.7490)
1416,1416,tensor(1.9526),tensor(1.2772),tensor(0.7490)
1417,1417,tensor(1.9526),tensor(1.2772),tensor(0.7490)
1418,1418,tensor(1.9525),tensor(1.2772),tensor(0.7490)
1419,1419,tensor(1.9525),tensor(1.2772),tensor(0.7490)
1420,1420,tensor(1.9525),tensor(1.2772),tensor(0.7490)
1421,1421,tensor(1.9525),tensor(1.2772),tensor(0.7490)
1422,1422,tensor(1.9525),tensor(1.2772),tensor(0.7490)
1423,1423,tensor(1.9525),tensor(1.2771),tensor(0.7490)
1424,1424,tensor(1.9525),tensor(1.2771),tensor(0.7490)
1425,1425,tensor(1.9524),tensor(1.2771),tensor(0.7489)
1426,1426,tensor(1.9524),tensor(1.2771),tensor(0.7489)
1427,1427,tensor(1.9524),tensor(1.2771),tensor(0.7489)
1428,1428,tensor(1.9524),tensor(1.2771),tensor(0.7489)
1429,1429,tensor(1.9524),tensor(1.2771),tensor(0.7489)
1430,1430,tensor(1.9524),tensor(1.2771),tensor(0.7489)
1431,1431,tensor(1.9524),tensor(1.2771),tensor(0.7489)
1432,1432,tensor(1.9523),tensor(1.2771),tensor(0.7489)
1433,1433,tensor(1.9523),tensor(1.2771),tensor(0.7489)
1434,1434,tensor(1.9523),tensor(1.2771),tensor(0.7489)
1435,1435,tensor(1.9523),tensor(1.2771),tensor(0.7489)
1436,1436,tensor(1.9523),tensor(1.2771),tensor(0.7489)
1437,1437,tensor(1.9523),tensor(1.2771),tensor(0.7489)
1438,1438,tensor(1.9522),tensor(1.2771),tensor(0.7489)
1439,1439,tensor(1.9522),tensor(1.2770),tensor(0.7489)
1440,1440,tensor(1.9522),tensor(1.2770),tensor(0.7489)
1441,1441,tensor(1.9522),tensor(1.2770),tensor(0.7489)
1442,1442,tensor(1.9522),tensor(1.2770),tensor(0.7489)
1443,1443,tensor(1.9522),tensor(1.2770),tensor(0.7489)
1444,1444,tensor(1.9522),tensor(1.2770),tensor(0.7489)
1445,1445,tensor(1.9521),tensor(1.2770),tensor(0.7489)
1446,1446,tensor(1.9521),tensor(1.2770),tensor(0.7489)
1447,1447,tensor(1.9521),tensor(1.2770),tensor(0.7489)
1448,1448,tensor(1.9521),tensor(1.2770),tensor(0.7489)
1449,1449,tensor(1.9521),tensor(1.2770),tensor(0.7489)
1450,1450,tensor(1.9521),tensor(1.2770),tensor(0.7489)
1451,1451,tensor(1.9521),tensor(1.2770),tensor(0.7489)
1452,1452,tensor(1.9520),tensor(1.2770),tensor(0.7489)
1453,1453,tensor(1.9520),tensor(1.2770),tensor(0.7489)
1454,1454,tensor(1.9520),tensor(1.2769),tensor(0.7489)
1455,1455,tensor(1.9520),tensor(1.2769),tensor(0.7489)
1456,1456,tensor(1.9520),tensor(1.2769),tensor(0.7489)
1457,1457,tensor(1.9520),tensor(1.2769),tensor(0.7489)
1458,1458,tensor(1.9520),tensor(1.2769),tensor(0.7489)
1459,1459,tensor(1.9519),tensor(1.2769),tensor(0.7489)
1460,1460,tensor(1.9519),tensor(1.2769),tensor(0.7489)
1461,1461,tensor(1.9519),tensor(1.2769),tensor(0.7489)
1462,1462,tensor(1.9519),tensor(1.2769),tensor(0.7489)
1463,1463,tensor(1.9519),tensor(1.2769),tensor(0.7489)
1464,1464,tensor(1.9519),tensor(1.2769),tensor(0.7489)
1465,1465,tensor(1.9519),tensor(1.2769),tensor(0.7489)
1466,1466,tensor(1.9518),tensor(1.2769),tensor(0.7489)
1467,1467,tensor(1.9518),tensor(1.2769),tensor(0.7489)
1468,1468,tensor(1.9518),tensor(1.2769),tensor(0.7489)
1469,1469,tensor(1.9518),tensor(1.2768),tensor(0.7488)
1470,1470,tensor(1.9518),tensor(1.2768),tensor(0.7488)
1471,1471,tensor(1.9518),tensor(1.2768),tensor(0.7488)
1472,1472,tensor(1.9517),tensor(1.2768),tensor(0.7488)
1473,1473,tensor(1.9517),tensor(1.2768),tensor(0.7488)
1474,1474,tensor(1.9517),tensor(1.2768),tensor(0.7488)
1475,1475,tensor(1.9517),tensor(1.2768),tensor(0.7488)
1476,1476,tensor(1.9517),tensor(1.2768),tensor(0.7488)
1477,1477,tensor(1.9517),tensor(1.2768),tensor(0.7488)
1478,1478,tensor(1.9517),tensor(1.2768),tensor(0.7488)
1479,1479,tensor(1.9516),tensor(1.2768),tensor(0.7488)
1480,1480,tensor(1.9516),tensor(1.2768),tensor(0.7488)
1481,1481,tensor(1.9516),tensor(1.2768),tensor(0.7488)
1482,1482,tensor(1.9516),tensor(1.2768),tensor(0.7488)
1483,1483,tensor(1.9516),tensor(1.2768),tensor(0.7488)
1484,1484,tensor(1.9516),tensor(1.2768),tensor(0.7488)
1485,1485,tensor(1.9516),tensor(1.2767),tensor(0.7488)
1486,1486,tensor(1.9515),tensor(1.2767),tensor(0.7488)
1487,1487,tensor(1.9515),tensor(1.2767),tensor(0.7488)
1488,1488,tensor(1.9515),tensor(1.2767),tensor(0.7488)
1489,1489,tensor(1.9515),tensor(1.2767),tensor(0.7488)
1490,1490,tensor(1.9515),tensor(1.2767),tensor(0.7488)
1491,1491,tensor(1.9515),tensor(1.2767),tensor(0.7488)
1492,1492,tensor(1.9515),tensor(1.2767),tensor(0.7488)
1493,1493,tensor(1.9514),tensor(1.2767),tensor(0.7488)
1494,1494,tensor(1.9514),tensor(1.2767),tensor(0.7488)
1495,1495,tensor(1.9514),tensor(1.2767),tensor(0.7488)
1496,1496,tensor(1.9514),tensor(1.2767),tensor(0.7488)
1497,1497,tensor(1.9514),tensor(1.2767),tensor(0.7488)
1498,1498,tensor(1.9514),tensor(1.2767),tensor(0.7488)
1499,1499,tensor(1.9513),tensor(1.2767),tensor(0.7488)
1500,1500,tensor(1.9513),tensor(1.2766),tensor(0.7488)
1501,1501,tensor(1.9513),tensor(1.2766),tensor(0.7488)
1502,1502,tensor(1.9513),tensor(1.2766),tensor(0.7488)
1503,1503,tensor(1.9513),tensor(1.2766),tensor(0.7488)
1504,1504,tensor(1.9513),tensor(1.2766),tensor(0.7488)
1505,1505,tensor(1.9513),tensor(1.2766),tensor(0.7488)
1506,1506,tensor(1.9512),tensor(1.2766),tensor(0.7488)
1507,1507,tensor(1.9512),tensor(1.2766),tensor(0.7488)
1508,1508,tensor(1.9512),tensor(1.2766),tensor(0.7488)
1509,1509,tensor(1.9512),tensor(1.2766),tensor(0.7488)
1510,1510,tensor(1.9512),tensor(1.2766),tensor(0.7488)
1511,1511,tensor(1.9512),tensor(1.2766),tensor(0.7488)
1512,1512,tensor(1.9512),tensor(1.2766),tensor(0.7487)
1513,1513,tensor(1.9511),tensor(1.2766),tensor(0.7487)
1514,1514,tensor(1.9511),tensor(1.2766),tensor(0.7487)
1515,1515,tensor(1.9511),tensor(1.2765),tensor(0.7487)
1516,1516,tensor(1.9511),tensor(1.2765),tensor(0.7487)
1517,1517,tensor(1.9511),tensor(1.2765),tensor(0.7487)
1518,1518,tensor(1.9511),tensor(1.2765),tensor(0.7487)
1519,1519,tensor(1.9510),tensor(1.2765),tensor(0.7487)
1520,1520,tensor(1.9510),tensor(1.2765),tensor(0.7487)
1521,1521,tensor(1.9510),tensor(1.2765),tensor(0.7487)
1522,1522,tensor(1.9510),tensor(1.2765),tensor(0.7487)
1523,1523,tensor(1.9510),tensor(1.2765),tensor(0.7487)
1524,1524,tensor(1.9510),tensor(1.2765),tensor(0.7487)
1525,1525,tensor(1.9510),tensor(1.2765),tensor(0.7487)
1526,1526,tensor(1.9509),tensor(1.2765),tensor(0.7487)
1527,1527,tensor(1.9509),tensor(1.2765),tensor(0.7487)
1528,1528,tensor(1.9509),tensor(1.2765),tensor(0.7487)
1529,1529,tensor(1.9509),tensor(1.2765),tensor(0.7487)
1530,1530,tensor(1.9509),tensor(1.2765),tensor(0.7487)
1531,1531,tensor(1.9509),tensor(1.2764),tensor(0.7487)
1532,1532,tensor(1.9509),tensor(1.2764),tensor(0.7487)
1533,1533,tensor(1.9508),tensor(1.2764),tensor(0.7487)
1534,1534,tensor(1.9508),tensor(1.2764),tensor(0.7487)
1535,1535,tensor(1.9508),tensor(1.2764),tensor(0.7487)
1536,1536,tensor(1.9508),tensor(1.2764),tensor(0.7487)
1537,1537,tensor(1.9508),tensor(1.2764),tensor(0.7487)
1538,1538,tensor(1.9508),tensor(1.2764),tensor(0.7487)
1539,1539,tensor(1.9507),tensor(1.2764),tensor(0.7487)
1540,1540,tensor(1.9507),tensor(1.2764),tensor(0.7487)
1541,1541,tensor(1.9507),tensor(1.2764),tensor(0.7487)
1542,1542,tensor(1.9507),tensor(1.2764),tensor(0.7487)
1543,1543,tensor(1.9507),tensor(1.2764),tensor(0.7487)
1544,1544,tensor(1.9507),tensor(1.2764),tensor(0.7487)
1545,1545,tensor(1.9507),tensor(1.2764),tensor(0.7487)
1546,1546,tensor(1.9506),tensor(1.2763),tensor(0.7487)
1547,1547,tensor(1.9506),tensor(1.2763),tensor(0.7487)
1548,1548,tensor(1.9506),tensor(1.2763),tensor(0.7487)
1549,1549,tensor(1.9506),tensor(1.2763),tensor(0.7487)
1550,1550,tensor(1.9506),tensor(1.2763),tensor(0.7487)
1551,1551,tensor(1.9506),tensor(1.2763),tensor(0.7487)
1552,1552,tensor(1.9505),tensor(1.2763),tensor(0.7487)
1553,1553,tensor(1.9505),tensor(1.2763),tensor(0.7486)
1554,1554,tensor(1.9505),tensor(1.2763),tensor(0.7486)
1555,1555,tensor(1.9505),tensor(1.2763),tensor(0.7486)
1556,1556,tensor(1.9505),tensor(1.2763),tensor(0.7486)
1557,1557,tensor(1.9505),tensor(1.2763),tensor(0.7486)
1558,1558,tensor(1.9505),tensor(1.2763),tensor(0.7486)
1559,1559,tensor(1.9504),tensor(1.2763),tensor(0.7486)
1560,1560,tensor(1.9504),tensor(1.2763),tensor(0.7486)
1561,1561,tensor(1.9504),tensor(1.2762),tensor(0.7486)
1562,1562,tensor(1.9504),tensor(1.2762),tensor(0.7486)
1563,1563,tensor(1.9504),tensor(1.2762),tensor(0.7486)
1564,1564,tensor(1.9504),tensor(1.2762),tensor(0.7486)
1565,1565,tensor(1.9503),tensor(1.2762),tensor(0.7486)
1566,1566,tensor(1.9503),tensor(1.2762),tensor(0.7486)
1567,1567,tensor(1.9503),tensor(1.2762),tensor(0.7486)
1568,1568,tensor(1.9503),tensor(1.2762),tensor(0.7486)
1569,1569,tensor(1.9503),tensor(1.2762),tensor(0.7486)
1570,1570,tensor(1.9503),tensor(1.2762),tensor(0.7486)
1571,1571,tensor(1.9503),tensor(1.2762),tensor(0.7486)
1572,1572,tensor(1.9502),tensor(1.2762),tensor(0.7486)
1573,1573,tensor(1.9502),tensor(1.2762),tensor(0.7486)
1574,1574,tensor(1.9502),tensor(1.2762),tensor(0.7486)
1575,1575,tensor(1.9502),tensor(1.2762),tensor(0.7486)
1576,1576,tensor(1.9502),tensor(1.2761),tensor(0.7486)
1577,1577,tensor(1.9502),tensor(1.2761),tensor(0.7486)
1578,1578,tensor(1.9501),tensor(1.2761),tensor(0.7486)
1579,1579,tensor(1.9501),tensor(1.2761),tensor(0.7486)
1580,1580,tensor(1.9501),tensor(1.2761),tensor(0.7486)
1581,1581,tensor(1.9501),tensor(1.2761),tensor(0.7486)
1582,1582,tensor(1.9501),tensor(1.2761),tensor(0.7486)
1583,1583,tensor(1.9501),tensor(1.2761),tensor(0.7486)
1584,1584,tensor(1.9501),tensor(1.2761),tensor(0.7486)
1585,1585,tensor(1.9500),tensor(1.2761),tensor(0.7486)
1586,1586,tensor(1.9500),tensor(1.2761),tensor(0.7486)
1587,1587,tensor(1.9500),tensor(1.2761),tensor(0.7486)
1588,1588,tensor(1.9500),tensor(1.2761),tensor(0.7486)
1589,1589,tensor(1.9500),tensor(1.2761),tensor(0.7486)
1590,1590,tensor(1.9500),tensor(1.2760),tensor(0.7486)
1591,1591,tensor(1.9499),tensor(1.2760),tensor(0.7486)
1592,1592,tensor(1.9499),tensor(1.2760),tensor(0.7486)
1593,1593,tensor(1.9499),tensor(1.2760),tensor(0.7485)
1594,1594,tensor(1.9499),tensor(1.2760),tensor(0.7485)
1595,1595,tensor(1.9499),tensor(1.2760),tensor(0.7485)
1596,1596,tensor(1.9499),tensor(1.2760),tensor(0.7485)
1597,1597,tensor(1.9499),tensor(1.2760),tensor(0.7485)
1598,1598,tensor(1.9498),tensor(1.2760),tensor(0.7485)
1599,1599,tensor(1.9498),tensor(1.2760),tensor(0.7485)
1600,1600,tensor(1.9498),tensor(1.2760),tensor(0.7485)
1601,1601,tensor(1.9498),tensor(1.2760),tensor(0.7485)
1602,1602,tensor(1.9498),tensor(1.2760),tensor(0.7485)
1603,1603,tensor(1.9498),tensor(1.2760),tensor(0.7485)
1604,1604,tensor(1.9497),tensor(1.2760),tensor(0.7485)
1605,1605,tensor(1.9497),tensor(1.2759),tensor(0.7485)
1606,1606,tensor(1.9497),tensor(1.2759),tensor(0.7485)
1607,1607,tensor(1.9497),tensor(1.2759),tensor(0.7485)
1608,1608,tensor(1.9497),tensor(1.2759),tensor(0.7485)
1609,1609,tensor(1.9497),tensor(1.2759),tensor(0.7485)
1610,1610,tensor(1.9497),tensor(1.2759),tensor(0.7485)
1611,1611,tensor(1.9496),tensor(1.2759),tensor(0.7485)
1612,1612,tensor(1.9496),tensor(1.2759),tensor(0.7485)
1613,1613,tensor(1.9496),tensor(1.2759),tensor(0.7485)
1614,1614,tensor(1.9496),tensor(1.2759),tensor(0.7485)
1615,1615,tensor(1.9496),tensor(1.2759),tensor(0.7485)
1616,1616,tensor(1.9496),tensor(1.2759),tensor(0.7485)
1617,1617,tensor(1.9495),tensor(1.2759),tensor(0.7485)
1618,1618,tensor(1.9495),tensor(1.2759),tensor(0.7485)
1619,1619,tensor(1.9495),tensor(1.2759),tensor(0.7485)
1620,1620,tensor(1.9495),tensor(1.2758),tensor(0.7485)
1621,1621,tensor(1.9495),tensor(1.2758),tensor(0.7485)
1622,1622,tensor(1.9495),tensor(1.2758),tensor(0.7485)
1623,1623,tensor(1.9495),tensor(1.2758),tensor(0.7485)
1624,1624,tensor(1.9494),tensor(1.2758),tensor(0.7485)
1625,1625,tensor(1.9494),tensor(1.2758),tensor(0.7485)
1626,1626,tensor(1.9494),tensor(1.2758),tensor(0.7485)
1627,1627,tensor(1.9494),tensor(1.2758),tensor(0.7485)
1628,1628,tensor(1.9494),tensor(1.2758),tensor(0.7485)
1629,1629,tensor(1.9494),tensor(1.2758),tensor(0.7485)
1630,1630,tensor(1.9493),tensor(1.2758),tensor(0.7485)
1631,1631,tensor(1.9493),tensor(1.2758),tensor(0.7485)
1632,1632,tensor(1.9493),tensor(1.2758),tensor(0.7484)
1633,1633,tensor(1.9493),tensor(1.2758),tensor(0.7484)
1634,1634,tensor(1.9493),tensor(1.2757),tensor(0.7484)
1635,1635,tensor(1.9493),tensor(1.2757),tensor(0.7484)
1636,1636,tensor(1.9492),tensor(1.2757),tensor(0.7484)
1637,1637,tensor(1.9492),tensor(1.2757),tensor(0.7484)
1638,1638,tensor(1.9492),tensor(1.2757),tensor(0.7484)
1639,1639,tensor(1.9492),tensor(1.2757),tensor(0.7484)
1640,1640,tensor(1.9492),tensor(1.2757),tensor(0.7484)
1641,1641,tensor(1.9492),tensor(1.2757),tensor(0.7484)
1642,1642,tensor(1.9492),tensor(1.2757),tensor(0.7484)
1643,1643,tensor(1.9491),tensor(1.2757),tensor(0.7484)
1644,1644,tensor(1.9491),tensor(1.2757),tensor(0.7484)
1645,1645,tensor(1.9491),tensor(1.2757),tensor(0.7484)
1646,1646,tensor(1.9491),tensor(1.2757),tensor(0.7484)
1647,1647,tensor(1.9491),tensor(1.2757),tensor(0.7484)
1648,1648,tensor(1.9491),tensor(1.2756),tensor(0.7484)
1649,1649,tensor(1.9490),tensor(1.2756),tensor(0.7484)
1650,1650,tensor(1.9490),tensor(1.2756),tensor(0.7484)
1651,1651,tensor(1.9490),tensor(1.2756),tensor(0.7484)
1652,1652,tensor(1.9490),tensor(1.2756),tensor(0.7484)
1653,1653,tensor(1.9490),tensor(1.2756),tensor(0.7484)
1654,1654,tensor(1.9490),tensor(1.2756),tensor(0.7484)
1655,1655,tensor(1.9489),tensor(1.2756),tensor(0.7484)
1656,1656,tensor(1.9489),tensor(1.2756),tensor(0.7484)
1657,1657,tensor(1.9489),tensor(1.2756),tensor(0.7484)
1658,1658,tensor(1.9489),tensor(1.2756),tensor(0.7484)
1659,1659,tensor(1.9489),tensor(1.2756),tensor(0.7484)
1660,1660,tensor(1.9489),tensor(1.2756),tensor(0.7484)
1661,1661,tensor(1.9489),tensor(1.2756),tensor(0.7484)
1662,1662,tensor(1.9488),tensor(1.2755),tensor(0.7484)
1663,1663,tensor(1.9488),tensor(1.2755),tensor(0.7484)
1664,1664,tensor(1.9488),tensor(1.2755),tensor(0.7484)
1665,1665,tensor(1.9488),tensor(1.2755),tensor(0.7484)
1666,1666,tensor(1.9488),tensor(1.2755),tensor(0.7484)
1667,1667,tensor(1.9488),tensor(1.2755),tensor(0.7484)
1668,1668,tensor(1.9487),tensor(1.2755),tensor(0.7484)
1669,1669,tensor(1.9487),tensor(1.2755),tensor(0.7483)
1670,1670,tensor(1.9487),tensor(1.2755),tensor(0.7483)
1671,1671,tensor(1.9487),tensor(1.2755),tensor(0.7483)
1672,1672,tensor(1.9487),tensor(1.2755),tensor(0.7483)
1673,1673,tensor(1.9487),tensor(1.2755),tensor(0.7483)
1674,1674,tensor(1.9486),tensor(1.2755),tensor(0.7483)
1675,1675,tensor(1.9486),tensor(1.2755),tensor(0.7483)
1676,1676,tensor(1.9486),tensor(1.2755),tensor(0.7483)
1677,1677,tensor(1.9486),tensor(1.2754),tensor(0.7483)
1678,1678,tensor(1.9486),tensor(1.2754),tensor(0.7483)
1679,1679,tensor(1.9486),tensor(1.2754),tensor(0.7483)
1680,1680,tensor(1.9486),tensor(1.2754),tensor(0.7483)
1681,1681,tensor(1.9485),tensor(1.2754),tensor(0.7483)
1682,1682,tensor(1.9485),tensor(1.2754),tensor(0.7483)
1683,1683,tensor(1.9485),tensor(1.2754),tensor(0.7483)
1684,1684,tensor(1.9485),tensor(1.2754),tensor(0.7483)
1685,1685,tensor(1.9485),tensor(1.2754),tensor(0.7483)
1686,1686,tensor(1.9485),tensor(1.2754),tensor(0.7483)
1687,1687,tensor(1.9484),tensor(1.2754),tensor(0.7483)
1688,1688,tensor(1.9484),tensor(1.2754),tensor(0.7483)
1689,1689,tensor(1.9484),tensor(1.2754),tensor(0.7483)
1690,1690,tensor(1.9484),tensor(1.2753),tensor(0.7483)
1691,1691,tensor(1.9484),tensor(1.2753),tensor(0.7483)
1692,1692,tensor(1.9484),tensor(1.2753),tensor(0.7483)
1693,1693,tensor(1.9483),tensor(1.2753),tensor(0.7483)
1694,1694,tensor(1.9483),tensor(1.2753),tensor(0.7483)
1695,1695,tensor(1.9483),tensor(1.2753),tensor(0.7483)
1696,1696,tensor(1.9483),tensor(1.2753),tensor(0.7483)
1697,1697,tensor(1.9483),tensor(1.2753),tensor(0.7483)
1698,1698,tensor(1.9483),tensor(1.2753),tensor(0.7483)
1699,1699,tensor(1.9482),tensor(1.2753),tensor(0.7483)
1700,1700,tensor(1.9482),tensor(1.2753),tensor(0.7483)
1701,1701,tensor(1.9482),tensor(1.2753),tensor(0.7483)
1702,1702,tensor(1.9482),tensor(1.2753),tensor(0.7483)
1703,1703,tensor(1.9482),tensor(1.2753),tensor(0.7483)
1704,1704,tensor(1.9482),tensor(1.2752),tensor(0.7483)
1705,1705,tensor(1.9481),tensor(1.2752),tensor(0.7483)
1706,1706,tensor(1.9481),tensor(1.2752),tensor(0.7483)
1707,1707,tensor(1.9481),tensor(1.2752),tensor(0.7482)
1708,1708,tensor(1.9481),tensor(1.2752),tensor(0.7482)
1709,1709,tensor(1.9481),tensor(1.2752),tensor(0.7482)
1710,1710,tensor(1.9481),tensor(1.2752),tensor(0.7482)
1711,1711,tensor(1.9481),tensor(1.2752),tensor(0.7482)
1712,1712,tensor(1.9480),tensor(1.2752),tensor(0.7482)
1713,1713,tensor(1.9480),tensor(1.2752),tensor(0.7482)
1714,1714,tensor(1.9480),tensor(1.2752),tensor(0.7482)
1715,1715,tensor(1.9480),tensor(1.2752),tensor(0.7482)
1716,1716,tensor(1.9480),tensor(1.2752),tensor(0.7482)
1717,1717,tensor(1.9480),tensor(1.2752),tensor(0.7482)
1718,1718,tensor(1.9479),tensor(1.2751),tensor(0.7482)
1719,1719,tensor(1.9479),tensor(1.2751),tensor(0.7482)
1720,1720,tensor(1.9479),tensor(1.2751),tensor(0.7482)
1721,1721,tensor(1.9479),tensor(1.2751),tensor(0.7482)
1722,1722,tensor(1.9479),tensor(1.2751),tensor(0.7482)
1723,1723,tensor(1.9479),tensor(1.2751),tensor(0.7482)
1724,1724,tensor(1.9478),tensor(1.2751),tensor(0.7482)
1725,1725,tensor(1.9478),tensor(1.2751),tensor(0.7482)
1726,1726,tensor(1.9478),tensor(1.2751),tensor(0.7482)
1727,1727,tensor(1.9478),tensor(1.2751),tensor(0.7482)
1728,1728,tensor(1.9478),tensor(1.2751),tensor(0.7482)
1729,1729,tensor(1.9478),tensor(1.2751),tensor(0.7482)
1730,1730,tensor(1.9477),tensor(1.2751),tensor(0.7482)
1731,1731,tensor(1.9477),tensor(1.2750),tensor(0.7482)
1732,1732,tensor(1.9477),tensor(1.2750),tensor(0.7482)
1733,1733,tensor(1.9477),tensor(1.2750),tensor(0.7482)
1734,1734,tensor(1.9477),tensor(1.2750),tensor(0.7482)
1735,1735,tensor(1.9477),tensor(1.2750),tensor(0.7482)
1736,1736,tensor(1.9476),tensor(1.2750),tensor(0.7482)
1737,1737,tensor(1.9476),tensor(1.2750),tensor(0.7482)
1738,1738,tensor(1.9476),tensor(1.2750),tensor(0.7482)
1739,1739,tensor(1.9476),tensor(1.2750),tensor(0.7482)
1740,1740,tensor(1.9476),tensor(1.2750),tensor(0.7482)
1741,1741,tensor(1.9476),tensor(1.2750),tensor(0.7482)
1742,1742,tensor(1.9476),tensor(1.2750),tensor(0.7482)
1743,1743,tensor(1.9475),tensor(1.2750),tensor(0.7481)
1744,1744,tensor(1.9475),tensor(1.2750),tensor(0.7481)
1745,1745,tensor(1.9475),tensor(1.2749),tensor(0.7481)
1746,1746,tensor(1.9475),tensor(1.2749),tensor(0.7481)
1747,1747,tensor(1.9475),tensor(1.2749),tensor(0.7481)
1748,1748,tensor(1.9475),tensor(1.2749),tensor(0.7481)
1749,1749,tensor(1.9474),tensor(1.2749),tensor(0.7481)
1750,1750,tensor(1.9474),tensor(1.2749),tensor(0.7481)
1751,1751,tensor(1.9474),tensor(1.2749),tensor(0.7481)
1752,1752,tensor(1.9474),tensor(1.2749),tensor(0.7481)
1753,1753,tensor(1.9474),tensor(1.2749),tensor(0.7481)
1754,1754,tensor(1.9474),tensor(1.2749),tensor(0.7481)
1755,1755,tensor(1.9473),tensor(1.2749),tensor(0.7481)
1756,1756,tensor(1.9473),tensor(1.2749),tensor(0.7481)
1757,1757,tensor(1.9473),tensor(1.2749),tensor(0.7481)
1758,1758,tensor(1.9473),tensor(1.2748),tensor(0.7481)
1759,1759,tensor(1.9473),tensor(1.2748),tensor(0.7481)
1760,1760,tensor(1.9473),tensor(1.2748),tensor(0.7481)
1761,1761,tensor(1.9472),tensor(1.2748),tensor(0.7481)
1762,1762,tensor(1.9472),tensor(1.2748),tensor(0.7481)
1763,1763,tensor(1.9472),tensor(1.2748),tensor(0.7481)
1764,1764,tensor(1.9472),tensor(1.2748),tensor(0.7481)
1765,1765,tensor(1.9472),tensor(1.2748),tensor(0.7481)
1766,1766,tensor(1.9472),tensor(1.2748),tensor(0.7481)
1767,1767,tensor(1.9471),tensor(1.2748),tensor(0.7481)
1768,1768,tensor(1.9471),tensor(1.2748),tensor(0.7481)
1769,1769,tensor(1.9471),tensor(1.2748),tensor(0.7481)
1770,1770,tensor(1.9471),tensor(1.2748),tensor(0.7481)
1771,1771,tensor(1.9471),tensor(1.2747),tensor(0.7481)
1772,1772,tensor(1.9471),tensor(1.2747),tensor(0.7481)
1773,1773,tensor(1.9470),tensor(1.2747),tensor(0.7481)
1774,1774,tensor(1.9470),tensor(1.2747),tensor(0.7481)
1775,1775,tensor(1.9470),tensor(1.2747),tensor(0.7481)
1776,1776,tensor(1.9470),tensor(1.2747),tensor(0.7481)
1777,1777,tensor(1.9470),tensor(1.2747),tensor(0.7481)
1778,1778,tensor(1.9470),tensor(1.2747),tensor(0.7480)
1779,1779,tensor(1.9469),tensor(1.2747),tensor(0.7480)
1780,1780,tensor(1.9469),tensor(1.2747),tensor(0.7480)
1781,1781,tensor(1.9469),tensor(1.2747),tensor(0.7480)
1782,1782,tensor(1.9469),tensor(1.2747),tensor(0.7480)
1783,1783,tensor(1.9469),tensor(1.2747),tensor(0.7480)
1784,1784,tensor(1.9469),tensor(1.2746),tensor(0.7480)
1785,1785,tensor(1.9468),tensor(1.2746),tensor(0.7480)
1786,1786,tensor(1.9468),tensor(1.2746),tensor(0.7480)
1787,1787,tensor(1.9468),tensor(1.2746),tensor(0.7480)
1788,1788,tensor(1.9468),tensor(1.2746),tensor(0.7480)
1789,1789,tensor(1.9468),tensor(1.2746),tensor(0.7480)
1790,1790,tensor(1.9468),tensor(1.2746),tensor(0.7480)
1791,1791,tensor(1.9467),tensor(1.2746),tensor(0.7480)
1792,1792,tensor(1.9467),tensor(1.2746),tensor(0.7480)
1793,1793,tensor(1.9467),tensor(1.2746),tensor(0.7480)
1794,1794,tensor(1.9467),tensor(1.2746),tensor(0.7480)
1795,1795,tensor(1.9467),tensor(1.2746),tensor(0.7480)
1796,1796,tensor(1.9467),tensor(1.2746),tensor(0.7480)
1797,1797,tensor(1.9466),tensor(1.2745),tensor(0.7480)
1798,1798,tensor(1.9466),tensor(1.2745),tensor(0.7480)
1799,1799,tensor(1.9466),tensor(1.2745),tensor(0.7480)
1800,1800,tensor(1.9466),tensor(1.2745),tensor(0.7480)
1801,1801,tensor(1.9466),tensor(1.2745),tensor(0.7480)
1802,1802,tensor(1.9466),tensor(1.2745),tensor(0.7480)
1803,1803,tensor(1.9465),tensor(1.2745),tensor(0.7480)
1804,1804,tensor(1.9465),tensor(1.2745),tensor(0.7480)
1805,1805,tensor(1.9465),tensor(1.2745),tensor(0.7480)
1806,1806,tensor(1.9465),tensor(1.2745),tensor(0.7480)
1807,1807,tensor(1.9465),tensor(1.2745),tensor(0.7480)
1808,1808,tensor(1.9465),tensor(1.2745),tensor(0.7480)
1809,1809,tensor(1.9464),tensor(1.2745),tensor(0.7480)
1810,1810,tensor(1.9464),tensor(1.2744),tensor(0.7480)
1811,1811,tensor(1.9464),tensor(1.2744),tensor(0.7480)
1812,1812,tensor(1.9464),tensor(1.2744),tensor(0.7480)
1813,1813,tensor(1.9464),tensor(1.2744),tensor(0.7479)
1814,1814,tensor(1.9464),tensor(1.2744),tensor(0.7479)
1815,1815,tensor(1.9463),tensor(1.2744),tensor(0.7479)
1816,1816,tensor(1.9463),tensor(1.2744),tensor(0.7479)
1817,1817,tensor(1.9463),tensor(1.2744),tensor(0.7479)
1818,1818,tensor(1.9463),tensor(1.2744),tensor(0.7479)
1819,1819,tensor(1.9463),tensor(1.2744),tensor(0.7479)
1820,1820,tensor(1.9463),tensor(1.2744),tensor(0.7479)
1821,1821,tensor(1.9462),tensor(1.2744),tensor(0.7479)
1822,1822,tensor(1.9462),tensor(1.2744),tensor(0.7479)
1823,1823,tensor(1.9462),tensor(1.2743),tensor(0.7479)
1824,1824,tensor(1.9462),tensor(1.2743),tensor(0.7479)
1825,1825,tensor(1.9462),tensor(1.2743),tensor(0.7479)
1826,1826,tensor(1.9462),tensor(1.2743),tensor(0.7479)
1827,1827,tensor(1.9461),tensor(1.2743),tensor(0.7479)
1828,1828,tensor(1.9461),tensor(1.2743),tensor(0.7479)
1829,1829,tensor(1.9461),tensor(1.2743),tensor(0.7479)
1830,1830,tensor(1.9461),tensor(1.2743),tensor(0.7479)
1831,1831,tensor(1.9461),tensor(1.2743),tensor(0.7479)
1832,1832,tensor(1.9461),tensor(1.2743),tensor(0.7479)
1833,1833,tensor(1.9460),tensor(1.2743),tensor(0.7479)
1834,1834,tensor(1.9460),tensor(1.2743),tensor(0.7479)
1835,1835,tensor(1.9460),tensor(1.2743),tensor(0.7479)
1836,1836,tensor(1.9460),tensor(1.2742),tensor(0.7479)
1837,1837,tensor(1.9460),tensor(1.2742),tensor(0.7479)
1838,1838,tensor(1.9460),tensor(1.2742),tensor(0.7479)
1839,1839,tensor(1.9459),tensor(1.2742),tensor(0.7479)
1840,1840,tensor(1.9459),tensor(1.2742),tensor(0.7479)
1841,1841,tensor(1.9459),tensor(1.2742),tensor(0.7479)
1842,1842,tensor(1.9459),tensor(1.2742),tensor(0.7479)
1843,1843,tensor(1.9459),tensor(1.2742),tensor(0.7479)
1844,1844,tensor(1.9459),tensor(1.2742),tensor(0.7479)
1845,1845,tensor(1.9458),tensor(1.2742),tensor(0.7479)
1846,1846,tensor(1.9458),tensor(1.2742),tensor(0.7479)
1847,1847,tensor(1.9458),tensor(1.2742),tensor(0.7478)
1848,1848,tensor(1.9458),tensor(1.2741),tensor(0.7478)
1849,1849,tensor(1.9458),tensor(1.2741),tensor(0.7478)
1850,1850,tensor(1.9458),tensor(1.2741),tensor(0.7478)
1851,1851,tensor(1.9457),tensor(1.2741),tensor(0.7478)
1852,1852,tensor(1.9457),tensor(1.2741),tensor(0.7478)
1853,1853,tensor(1.9457),tensor(1.2741),tensor(0.7478)
1854,1854,tensor(1.9457),tensor(1.2741),tensor(0.7478)
1855,1855,tensor(1.9457),tensor(1.2741),tensor(0.7478)
1856,1856,tensor(1.9457),tensor(1.2741),tensor(0.7478)
1857,1857,tensor(1.9456),tensor(1.2741),tensor(0.7478)
1858,1858,tensor(1.9456),tensor(1.2741),tensor(0.7478)
1859,1859,tensor(1.9456),tensor(1.2741),tensor(0.7478)
1860,1860,tensor(1.9456),tensor(1.2741),tensor(0.7478)
1861,1861,tensor(1.9456),tensor(1.2740),tensor(0.7478)
1862,1862,tensor(1.9456),tensor(1.2740),tensor(0.7478)
1863,1863,tensor(1.9455),tensor(1.2740),tensor(0.7478)
1864,1864,tensor(1.9455),tensor(1.2740),tensor(0.7478)
1865,1865,tensor(1.9455),tensor(1.2740),tensor(0.7478)
1866,1866,tensor(1.9455),tensor(1.2740),tensor(0.7478)
1867,1867,tensor(1.9455),tensor(1.2740),tensor(0.7478)
1868,1868,tensor(1.9455),tensor(1.2740),tensor(0.7478)
1869,1869,tensor(1.9454),tensor(1.2740),tensor(0.7478)
1870,1870,tensor(1.9454),tensor(1.2740),tensor(0.7478)
1871,1871,tensor(1.9454),tensor(1.2740),tensor(0.7478)
1872,1872,tensor(1.9454),tensor(1.2740),tensor(0.7478)
1873,1873,tensor(1.9454),tensor(1.2739),tensor(0.7478)
1874,1874,tensor(1.9454),tensor(1.2739),tensor(0.7478)
1875,1875,tensor(1.9453),tensor(1.2739),tensor(0.7478)
1876,1876,tensor(1.9453),tensor(1.2739),tensor(0.7478)
1877,1877,tensor(1.9453),tensor(1.2739),tensor(0.7478)
1878,1878,tensor(1.9453),tensor(1.2739),tensor(0.7478)
1879,1879,tensor(1.9453),tensor(1.2739),tensor(0.7478)
1880,1880,tensor(1.9452),tensor(1.2739),tensor(0.7478)
1881,1881,tensor(1.9452),tensor(1.2739),tensor(0.7477)
1882,1882,tensor(1.9452),tensor(1.2739),tensor(0.7477)
1883,1883,tensor(1.9452),tensor(1.2739),tensor(0.7477)
1884,1884,tensor(1.9452),tensor(1.2739),tensor(0.7477)
1885,1885,tensor(1.9452),tensor(1.2738),tensor(0.7477)
1886,1886,tensor(1.9451),tensor(1.2738),tensor(0.7477)
1887,1887,tensor(1.9451),tensor(1.2738),tensor(0.7477)
1888,1888,tensor(1.9451),tensor(1.2738),tensor(0.7477)
1889,1889,tensor(1.9451),tensor(1.2738),tensor(0.7477)
1890,1890,tensor(1.9451),tensor(1.2738),tensor(0.7477)
1891,1891,tensor(1.9451),tensor(1.2738),tensor(0.7477)
1892,1892,tensor(1.9450),tensor(1.2738),tensor(0.7477)
1893,1893,tensor(1.9450),tensor(1.2738),tensor(0.7477)
1894,1894,tensor(1.9450),tensor(1.2738),tensor(0.7477)
1895,1895,tensor(1.9450),tensor(1.2738),tensor(0.7477)
1896,1896,tensor(1.9450),tensor(1.2738),tensor(0.7477)
1897,1897,tensor(1.9450),tensor(1.2737),tensor(0.7477)
1898,1898,tensor(1.9449),tensor(1.2737),tensor(0.7477)
1899,1899,tensor(1.9449),tensor(1.2737),tensor(0.7477)
1900,1900,tensor(1.9449),tensor(1.2737),tensor(0.7477)
1901,1901,tensor(1.9449),tensor(1.2737),tensor(0.7477)
1902,1902,tensor(1.9449),tensor(1.2737),tensor(0.7477)
1903,1903,tensor(1.9449),tensor(1.2737),tensor(0.7477)
1904,1904,tensor(1.9448),tensor(1.2737),tensor(0.7477)
1905,1905,tensor(1.9448),tensor(1.2737),tensor(0.7477)
1906,1906,tensor(1.9448),tensor(1.2737),tensor(0.7477)
1907,1907,tensor(1.9448),tensor(1.2737),tensor(0.7477)
1908,1908,tensor(1.9448),tensor(1.2737),tensor(0.7477)
1909,1909,tensor(1.9448),tensor(1.2736),tensor(0.7477)
1910,1910,tensor(1.9447),tensor(1.2736),tensor(0.7477)
1911,1911,tensor(1.9447),tensor(1.2736),tensor(0.7477)
1912,1912,tensor(1.9447),tensor(1.2736),tensor(0.7477)
1913,1913,tensor(1.9447),tensor(1.2736),tensor(0.7477)
1914,1914,tensor(1.9447),tensor(1.2736),tensor(0.7476)
1915,1915,tensor(1.9446),tensor(1.2736),tensor(0.7476)
1916,1916,tensor(1.9446),tensor(1.2736),tensor(0.7476)
1917,1917,tensor(1.9446),tensor(1.2736),tensor(0.7476)
1918,1918,tensor(1.9446),tensor(1.2736),tensor(0.7476)
1919,1919,tensor(1.9446),tensor(1.2736),tensor(0.7476)
1920,1920,tensor(1.9446),tensor(1.2736),tensor(0.7476)
1921,1921,tensor(1.9445),tensor(1.2735),tensor(0.7476)
1922,1922,tensor(1.9445),tensor(1.2735),tensor(0.7476)
1923,1923,tensor(1.9445),tensor(1.2735),tensor(0.7476)
1924,1924,tensor(1.9445),tensor(1.2735),tensor(0.7476)
1925,1925,tensor(1.9445),tensor(1.2735),tensor(0.7476)
1926,1926,tensor(1.9445),tensor(1.2735),tensor(0.7476)
1927,1927,tensor(1.9444),tensor(1.2735),tensor(0.7476)
1928,1928,tensor(1.9444),tensor(1.2735),tensor(0.7476)
1929,1929,tensor(1.9444),tensor(1.2735),tensor(0.7476)
1930,1930,tensor(1.9444),tensor(1.2735),tensor(0.7476)
1931,1931,tensor(1.9444),tensor(1.2735),tensor(0.7476)
1932,1932,tensor(1.9444),tensor(1.2735),tensor(0.7476)
1933,1933,tensor(1.9443),tensor(1.2734),tensor(0.7476)
1934,1934,tensor(1.9443),tensor(1.2734),tensor(0.7476)
1935,1935,tensor(1.9443),tensor(1.2734),tensor(0.7476)
1936,1936,tensor(1.9443),tensor(1.2734),tensor(0.7476)
1937,1937,tensor(1.9443),tensor(1.2734),tensor(0.7476)
1938,1938,tensor(1.9443),tensor(1.2734),tensor(0.7476)
1939,1939,tensor(1.9442),tensor(1.2734),tensor(0.7476)
1940,1940,tensor(1.9442),tensor(1.2734),tensor(0.7476)
1941,1941,tensor(1.9442),tensor(1.2734),tensor(0.7476)
1942,1942,tensor(1.9442),tensor(1.2734),tensor(0.7476)
1943,1943,tensor(1.9442),tensor(1.2734),tensor(0.7476)
1944,1944,tensor(1.9441),tensor(1.2733),tensor(0.7476)
1945,1945,tensor(1.9441),tensor(1.2733),tensor(0.7476)
1946,1946,tensor(1.9441),tensor(1.2733),tensor(0.7476)
1947,1947,tensor(1.9441),tensor(1.2733),tensor(0.7475)
1948,1948,tensor(1.9441),tensor(1.2733),tensor(0.7475)
1949,1949,tensor(1.9441),tensor(1.2733),tensor(0.7475)
1950,1950,tensor(1.9440),tensor(1.2733),tensor(0.7475)
1951,1951,tensor(1.9440),tensor(1.2733),tensor(0.7475)
1952,1952,tensor(1.9440),tensor(1.2733),tensor(0.7475)
1953,1953,tensor(1.9440),tensor(1.2733),tensor(0.7475)
1954,1954,tensor(1.9440),tensor(1.2733),tensor(0.7475)
1955,1955,tensor(1.9440),tensor(1.2733),tensor(0.7475)
1956,1956,tensor(1.9439),tensor(1.2732),tensor(0.7475)
1957,1957,tensor(1.9439),tensor(1.2732),tensor(0.7475)
1958,1958,tensor(1.9439),tensor(1.2732),tensor(0.7475)
1959,1959,tensor(1.9439),tensor(1.2732),tensor(0.7475)
1960,1960,tensor(1.9439),tensor(1.2732),tensor(0.7475)
1961,1961,tensor(1.9438),tensor(1.2732),tensor(0.7475)
1962,1962,tensor(1.9438),tensor(1.2732),tensor(0.7475)
1963,1963,tensor(1.9438),tensor(1.2732),tensor(0.7475)
1964,1964,tensor(1.9438),tensor(1.2732),tensor(0.7475)
1965,1965,tensor(1.9438),tensor(1.2732),tensor(0.7475)
1966,1966,tensor(1.9438),tensor(1.2732),tensor(0.7475)
1967,1967,tensor(1.9437),tensor(1.2732),tensor(0.7475)
1968,1968,tensor(1.9437),tensor(1.2731),tensor(0.7475)
1969,1969,tensor(1.9437),tensor(1.2731),tensor(0.7475)
1970,1970,tensor(1.9437),tensor(1.2731),tensor(0.7475)
1971,1971,tensor(1.9437),tensor(1.2731),tensor(0.7475)
1972,1972,tensor(1.9437),tensor(1.2731),tensor(0.7475)
1973,1973,tensor(1.9436),tensor(1.2731),tensor(0.7475)
1974,1974,tensor(1.9436),tensor(1.2731),tensor(0.7475)
1975,1975,tensor(1.9436),tensor(1.2731),tensor(0.7475)
1976,1976,tensor(1.9436),tensor(1.2731),tensor(0.7475)
1977,1977,tensor(1.9436),tensor(1.2731),tensor(0.7475)
1978,1978,tensor(1.9436),tensor(1.2731),tensor(0.7475)
1979,1979,tensor(1.9435),tensor(1.2730),tensor(0.7474)
1980,1980,tensor(1.9435),tensor(1.2730),tensor(0.7474)
1981,1981,tensor(1.9435),tensor(1.2730),tensor(0.7474)
1982,1982,tensor(1.9435),tensor(1.2730),tensor(0.7474)
1983,1983,tensor(1.9435),tensor(1.2730),tensor(0.7474)
1984,1984,tensor(1.9434),tensor(1.2730),tensor(0.7474)
1985,1985,tensor(1.9434),tensor(1.2730),tensor(0.7474)
1986,1986,tensor(1.9434),tensor(1.2730),tensor(0.7474)
1987,1987,tensor(1.9434),tensor(1.2730),tensor(0.7474)
1988,1988,tensor(1.9434),tensor(1.2730),tensor(0.7474)
1989,1989,tensor(1.9434),tensor(1.2730),tensor(0.7474)
1990,1990,tensor(1.9433),tensor(1.2729),tensor(0.7474)
1991,1991,tensor(1.9433),tensor(1.2729),tensor(0.7474)
1992,1992,tensor(1.9433),tensor(1.2729),tensor(0.7474)
1993,1993,tensor(1.9433),tensor(1.2729),tensor(0.7474)
1994,1994,tensor(1.9433),tensor(1.2729),tensor(0.7474)
1995,1995,tensor(1.9433),tensor(1.2729),tensor(0.7474)
1996,1996,tensor(1.9432),tensor(1.2729),tensor(0.7474)
1997,1997,tensor(1.9432),tensor(1.2729),tensor(0.7474)
1998,1998,tensor(1.9432),tensor(1.2729),tensor(0.7474)
1999,1999,tensor(1.9432),tensor(1.2729),tensor(0.7474)
2000,2000,tensor(1.9432),tensor(1.2729),tensor(0.7474)
2001,2001,tensor(1.9431),tensor(1.2729),tensor(0.7474)
2002,2002,tensor(1.9431),tensor(1.2728),tensor(0.7474)
2003,2003,tensor(1.9431),tensor(1.2728),tensor(0.7474)
2004,2004,tensor(1.9431),tensor(1.2728),tensor(0.7474)
2005,2005,tensor(1.9431),tensor(1.2728),tensor(0.7474)
2006,2006,tensor(1.9431),tensor(1.2728),tensor(0.7474)
2007,2007,tensor(1.9430),tensor(1.2728),tensor(0.7474)
2008,2008,tensor(1.9430),tensor(1.2728),tensor(0.7474)
2009,2009,tensor(1.9430),tensor(1.2728),tensor(0.7474)
2010,2010,tensor(1.9430),tensor(1.2728),tensor(0.7473)
2011,2011,tensor(1.9430),tensor(1.2728),tensor(0.7473)
2012,2012,tensor(1.9430),tensor(1.2728),tensor(0.7473)
2013,2013,tensor(1.9429),tensor(1.2727),tensor(0.7473)
2014,2014,tensor(1.9429),tensor(1.2727),tensor(0.7473)
2015,2015,tensor(1.9429),tensor(1.2727),tensor(0.7473)
2016,2016,tensor(1.9429),tensor(1.2727),tensor(0.7473)
2017,2017,tensor(1.9429),tensor(1.2727),tensor(0.7473)
2018,2018,tensor(1.9428),tensor(1.2727),tensor(0.7473)
2019,2019,tensor(1.9428),tensor(1.2727),tensor(0.7473)
2020,2020,tensor(1.9428),tensor(1.2727),tensor(0.7473)
2021,2021,tensor(1.9428),tensor(1.2727),tensor(0.7473)
2022,2022,tensor(1.9428),tensor(1.2727),tensor(0.7473)
2023,2023,tensor(1.9428),tensor(1.2727),tensor(0.7473)
2024,2024,tensor(1.9427),tensor(1.2726),tensor(0.7473)
2025,2025,tensor(1.9427),tensor(1.2726),tensor(0.7473)
2026,2026,tensor(1.9427),tensor(1.2726),tensor(0.7473)
2027,2027,tensor(1.9427),tensor(1.2726),tensor(0.7473)
2028,2028,tensor(1.9427),tensor(1.2726),tensor(0.7473)
2029,2029,tensor(1.9427),tensor(1.2726),tensor(0.7473)
2030,2030,tensor(1.9426),tensor(1.2726),tensor(0.7473)
2031,2031,tensor(1.9426),tensor(1.2726),tensor(0.7473)
2032,2032,tensor(1.9426),tensor(1.2726),tensor(0.7473)
2033,2033,tensor(1.9426),tensor(1.2726),tensor(0.7473)
2034,2034,tensor(1.9426),tensor(1.2726),tensor(0.7473)
2035,2035,tensor(1.9425),tensor(1.2725),tensor(0.7473)
2036,2036,tensor(1.9425),tensor(1.2725),tensor(0.7473)
2037,2037,tensor(1.9425),tensor(1.2725),tensor(0.7473)
2038,2038,tensor(1.9425),tensor(1.2725),tensor(0.7473)
2039,2039,tensor(1.9425),tensor(1.2725),tensor(0.7473)
2040,2040,tensor(1.9425),tensor(1.2725),tensor(0.7473)
2041,2041,tensor(1.9424),tensor(1.2725),tensor(0.7472)
2042,2042,tensor(1.9424),tensor(1.2725),tensor(0.7472)
2043,2043,tensor(1.9424),tensor(1.2725),tensor(0.7472)
2044,2044,tensor(1.9424),tensor(1.2725),tensor(0.7472)
2045,2045,tensor(1.9424),tensor(1.2725),tensor(0.7472)
2046,2046,tensor(1.9423),tensor(1.2724),tensor(0.7472)
2047,2047,tensor(1.9423),tensor(1.2724),tensor(0.7472)
2048,2048,tensor(1.9423),tensor(1.2724),tensor(0.7472)
2049,2049,tensor(1.9423),tensor(1.2724),tensor(0.7472)
2050,2050,tensor(1.9423),tensor(1.2724),tensor(0.7472)
2051,2051,tensor(1.9423),tensor(1.2724),tensor(0.7472)
2052,2052,tensor(1.9422),tensor(1.2724),tensor(0.7472)
2053,2053,tensor(1.9422),tensor(1.2724),tensor(0.7472)
2054,2054,tensor(1.9422),tensor(1.2724),tensor(0.7472)
2055,2055,tensor(1.9422),tensor(1.2724),tensor(0.7472)
2056,2056,tensor(1.9422),tensor(1.2723),tensor(0.7472)
2057,2057,tensor(1.9422),tensor(1.2723),tensor(0.7472)
2058,2058,tensor(1.9421),tensor(1.2723),tensor(0.7472)
2059,2059,tensor(1.9421),tensor(1.2723),tensor(0.7472)
2060,2060,tensor(1.9421),tensor(1.2723),tensor(0.7472)
2061,2061,tensor(1.9421),tensor(1.2723),tensor(0.7472)
2062,2062,tensor(1.9421),tensor(1.2723),tensor(0.7472)
2063,2063,tensor(1.9420),tensor(1.2723),tensor(0.7472)
2064,2064,tensor(1.9420),tensor(1.2723),tensor(0.7472)
2065,2065,tensor(1.9420),tensor(1.2723),tensor(0.7472)
2066,2066,tensor(1.9420),tensor(1.2723),tensor(0.7472)
2067,2067,tensor(1.9420),tensor(1.2722),tensor(0.7472)
2068,2068,tensor(1.9420),tensor(1.2722),tensor(0.7472)
2069,2069,tensor(1.9419),tensor(1.2722),tensor(0.7472)
2070,2070,tensor(1.9419),tensor(1.2722),tensor(0.7472)
2071,2071,tensor(1.9419),tensor(1.2722),tensor(0.7472)
2072,2072,tensor(1.9419),tensor(1.2722),tensor(0.7471)
2073,2073,tensor(1.9419),tensor(1.2722),tensor(0.7471)
2074,2074,tensor(1.9418),tensor(1.2722),tensor(0.7471)
2075,2075,tensor(1.9418),tensor(1.2722),tensor(0.7471)
2076,2076,tensor(1.9418),tensor(1.2722),tensor(0.7471)
2077,2077,tensor(1.9418),tensor(1.2722),tensor(0.7471)
2078,2078,tensor(1.9418),tensor(1.2721),tensor(0.7471)
2079,2079,tensor(1.9418),tensor(1.2721),tensor(0.7471)
2080,2080,tensor(1.9417),tensor(1.2721),tensor(0.7471)
2081,2081,tensor(1.9417),tensor(1.2721),tensor(0.7471)
2082,2082,tensor(1.9417),tensor(1.2721),tensor(0.7471)
2083,2083,tensor(1.9417),tensor(1.2721),tensor(0.7471)
2084,2084,tensor(1.9417),tensor(1.2721),tensor(0.7471)
2085,2085,tensor(1.9416),tensor(1.2721),tensor(0.7471)
2086,2086,tensor(1.9416),tensor(1.2721),tensor(0.7471)
2087,2087,tensor(1.9416),tensor(1.2721),tensor(0.7471)
2088,2088,tensor(1.9416),tensor(1.2720),tensor(0.7471)
2089,2089,tensor(1.9416),tensor(1.2720),tensor(0.7471)
2090,2090,tensor(1.9416),tensor(1.2720),tensor(0.7471)
2091,2091,tensor(1.9415),tensor(1.2720),tensor(0.7471)
2092,2092,tensor(1.9415),tensor(1.2720),tensor(0.7471)
2093,2093,tensor(1.9415),tensor(1.2720),tensor(0.7471)
2094,2094,tensor(1.9415),tensor(1.2720),tensor(0.7471)
2095,2095,tensor(1.9415),tensor(1.2720),tensor(0.7471)
2096,2096,tensor(1.9414),tensor(1.2720),tensor(0.7471)
2097,2097,tensor(1.9414),tensor(1.2720),tensor(0.7471)
2098,2098,tensor(1.9414),tensor(1.2720),tensor(0.7471)
2099,2099,tensor(1.9414),tensor(1.2719),tensor(0.7471)
2100,2100,tensor(1.9414),tensor(1.2719),tensor(0.7471)
2101,2101,tensor(1.9414),tensor(1.2719),tensor(0.7471)
2102,2102,tensor(1.9413),tensor(1.2719),tensor(0.7470)
2103,2103,tensor(1.9413),tensor(1.2719),tensor(0.7470)
2104,2104,tensor(1.9413),tensor(1.2719),tensor(0.7470)
2105,2105,tensor(1.9413),tensor(1.2719),tensor(0.7470)
2106,2106,tensor(1.9413),tensor(1.2719),tensor(0.7470)
2107,2107,tensor(1.9412),tensor(1.2719),tensor(0.7470)
2108,2108,tensor(1.9412),tensor(1.2719),tensor(0.7470)
2109,2109,tensor(1.9412),tensor(1.2718),tensor(0.7470)
2110,2110,tensor(1.9412),tensor(1.2718),tensor(0.7470)
2111,2111,tensor(1.9412),tensor(1.2718),tensor(0.7470)
2112,2112,tensor(1.9412),tensor(1.2718),tensor(0.7470)
2113,2113,tensor(1.9411),tensor(1.2718),tensor(0.7470)
2114,2114,tensor(1.9411),tensor(1.2718),tensor(0.7470)
2115,2115,tensor(1.9411),tensor(1.2718),tensor(0.7470)
2116,2116,tensor(1.9411),tensor(1.2718),tensor(0.7470)
2117,2117,tensor(1.9411),tensor(1.2718),tensor(0.7470)
2118,2118,tensor(1.9410),tensor(1.2718),tensor(0.7470)
2119,2119,tensor(1.9410),tensor(1.2718),tensor(0.7470)
2120,2120,tensor(1.9410),tensor(1.2717),tensor(0.7470)
2121,2121,tensor(1.9410),tensor(1.2717),tensor(0.7470)
2122,2122,tensor(1.9410),tensor(1.2717),tensor(0.7470)
2123,2123,tensor(1.9410),tensor(1.2717),tensor(0.7470)
2124,2124,tensor(1.9409),tensor(1.2717),tensor(0.7470)
2125,2125,tensor(1.9409),tensor(1.2717),tensor(0.7470)
2126,2126,tensor(1.9409),tensor(1.2717),tensor(0.7470)
2127,2127,tensor(1.9409),tensor(1.2717),tensor(0.7470)
2128,2128,tensor(1.9409),tensor(1.2717),tensor(0.7470)
2129,2129,tensor(1.9408),tensor(1.2717),tensor(0.7470)
2130,2130,tensor(1.9408),tensor(1.2716),tensor(0.7470)
2131,2131,tensor(1.9408),tensor(1.2716),tensor(0.7470)
2132,2132,tensor(1.9408),tensor(1.2716),tensor(0.7469)
2133,2133,tensor(1.9408),tensor(1.2716),tensor(0.7469)
2134,2134,tensor(1.9408),tensor(1.2716),tensor(0.7469)
2135,2135,tensor(1.9407),tensor(1.2716),tensor(0.7469)
2136,2136,tensor(1.9407),tensor(1.2716),tensor(0.7469)
2137,2137,tensor(1.9407),tensor(1.2716),tensor(0.7469)
2138,2138,tensor(1.9407),tensor(1.2716),tensor(0.7469)
2139,2139,tensor(1.9407),tensor(1.2716),tensor(0.7469)
2140,2140,tensor(1.9406),tensor(1.2715),tensor(0.7469)
2141,2141,tensor(1.9406),tensor(1.2715),tensor(0.7469)
2142,2142,tensor(1.9406),tensor(1.2715),tensor(0.7469)
2143,2143,tensor(1.9406),tensor(1.2715),tensor(0.7469)
2144,2144,tensor(1.9406),tensor(1.2715),tensor(0.7469)
2145,2145,tensor(1.9406),tensor(1.2715),tensor(0.7469)
2146,2146,tensor(1.9405),tensor(1.2715),tensor(0.7469)
2147,2147,tensor(1.9405),tensor(1.2715),tensor(0.7469)
2148,2148,tensor(1.9405),tensor(1.2715),tensor(0.7469)
2149,2149,tensor(1.9405),tensor(1.2715),tensor(0.7469)
2150,2150,tensor(1.9405),tensor(1.2715),tensor(0.7469)
2151,2151,tensor(1.9404),tensor(1.2714),tensor(0.7469)
2152,2152,tensor(1.9404),tensor(1.2714),tensor(0.7469)
2153,2153,tensor(1.9404),tensor(1.2714),tensor(0.7469)
2154,2154,tensor(1.9404),tensor(1.2714),tensor(0.7469)
2155,2155,tensor(1.9404),tensor(1.2714),tensor(0.7469)
2156,2156,tensor(1.9404),tensor(1.2714),tensor(0.7469)
2157,2157,tensor(1.9403),tensor(1.2714),tensor(0.7469)
2158,2158,tensor(1.9403),tensor(1.2714),tensor(0.7469)
2159,2159,tensor(1.9403),tensor(1.2714),tensor(0.7469)
2160,2160,tensor(1.9403),tensor(1.2714),tensor(0.7469)
2161,2161,tensor(1.9403),tensor(1.2713),tensor(0.7469)
2162,2162,tensor(1.9402),tensor(1.2713),tensor(0.7468)
2163,2163,tensor(1.9402),tensor(1.2713),tensor(0.7468)
2164,2164,tensor(1.9402),tensor(1.2713),tensor(0.7468)
2165,2165,tensor(1.9402),tensor(1.2713),tensor(0.7468)
2166,2166,tensor(1.9402),tensor(1.2713),tensor(0.7468)
2167,2167,tensor(1.9401),tensor(1.2713),tensor(0.7468)
2168,2168,tensor(1.9401),tensor(1.2713),tensor(0.7468)
2169,2169,tensor(1.9401),tensor(1.2713),tensor(0.7468)
2170,2170,tensor(1.9401),tensor(1.2713),tensor(0.7468)
2171,2171,tensor(1.9401),tensor(1.2712),tensor(0.7468)
2172,2172,tensor(1.9401),tensor(1.2712),tensor(0.7468)
2173,2173,tensor(1.9400),tensor(1.2712),tensor(0.7468)
2174,2174,tensor(1.9400),tensor(1.2712),tensor(0.7468)
2175,2175,tensor(1.9400),tensor(1.2712),tensor(0.7468)
2176,2176,tensor(1.9400),tensor(1.2712),tensor(0.7468)
2177,2177,tensor(1.9400),tensor(1.2712),tensor(0.7468)
2178,2178,tensor(1.9399),tensor(1.2712),tensor(0.7468)
2179,2179,tensor(1.9399),tensor(1.2712),tensor(0.7468)
2180,2180,tensor(1.9399),tensor(1.2712),tensor(0.7468)
2181,2181,tensor(1.9399),tensor(1.2711),tensor(0.7468)
2182,2182,tensor(1.9399),tensor(1.2711),tensor(0.7468)
2183,2183,tensor(1.9399),tensor(1.2711),tensor(0.7468)
2184,2184,tensor(1.9398),tensor(1.2711),tensor(0.7468)
2185,2185,tensor(1.9398),tensor(1.2711),tensor(0.7468)
2186,2186,tensor(1.9398),tensor(1.2711),tensor(0.7468)
2187,2187,tensor(1.9398),tensor(1.2711),tensor(0.7468)
2188,2188,tensor(1.9398),tensor(1.2711),tensor(0.7468)
2189,2189,tensor(1.9397),tensor(1.2711),tensor(0.7468)
2190,2190,tensor(1.9397),tensor(1.2711),tensor(0.7468)
2191,2191,tensor(1.9397),tensor(1.2710),tensor(0.7467)
2192,2192,tensor(1.9397),tensor(1.2710),tensor(0.7467)
2193,2193,tensor(1.9397),tensor(1.2710),tensor(0.7467)
2194,2194,tensor(1.9397),tensor(1.2710),tensor(0.7467)
2195,2195,tensor(1.9396),tensor(1.2710),tensor(0.7467)
2196,2196,tensor(1.9396),tensor(1.2710),tensor(0.7467)
2197,2197,tensor(1.9396),tensor(1.2710),tensor(0.7467)
2198,2198,tensor(1.9396),tensor(1.2710),tensor(0.7467)
2199,2199,tensor(1.9396),tensor(1.2710),tensor(0.7467)
2200,2200,tensor(1.9395),tensor(1.2709),tensor(0.7467)
2201,2201,tensor(1.9395),tensor(1.2709),tensor(0.7467)
2202,2202,tensor(1.9395),tensor(1.2709),tensor(0.7467)
2203,2203,tensor(1.9395),tensor(1.2709),tensor(0.7467)
2204,2204,tensor(1.9395),tensor(1.2709),tensor(0.7467)
2205,2205,tensor(1.9394),tensor(1.2709),tensor(0.7467)
2206,2206,tensor(1.9394),tensor(1.2709),tensor(0.7467)
2207,2207,tensor(1.9394),tensor(1.2709),tensor(0.7467)
2208,2208,tensor(1.9394),tensor(1.2709),tensor(0.7467)
2209,2209,tensor(1.9394),tensor(1.2709),tensor(0.7467)
2210,2210,tensor(1.9394),tensor(1.2708),tensor(0.7467)
2211,2211,tensor(1.9393),tensor(1.2708),tensor(0.7467)
2212,2212,tensor(1.9393),tensor(1.2708),tensor(0.7467)
2213,2213,tensor(1.9393),tensor(1.2708),tensor(0.7467)
2214,2214,tensor(1.9393),tensor(1.2708),tensor(0.7467)
2215,2215,tensor(1.9393),tensor(1.2708),tensor(0.7467)
2216,2216,tensor(1.9392),tensor(1.2708),tensor(0.7467)
2217,2217,tensor(1.9392),tensor(1.2708),tensor(0.7467)
2218,2218,tensor(1.9392),tensor(1.2708),tensor(0.7467)
2219,2219,tensor(1.9392),tensor(1.2708),tensor(0.7467)
2220,2220,tensor(1.9392),tensor(1.2707),tensor(0.7466)
2221,2221,tensor(1.9391),tensor(1.2707),tensor(0.7466)
2222,2222,tensor(1.9391),tensor(1.2707),tensor(0.7466)
2223,2223,tensor(1.9391),tensor(1.2707),tensor(0.7466)
2224,2224,tensor(1.9391),tensor(1.2707),tensor(0.7466)
2225,2225,tensor(1.9391),tensor(1.2707),tensor(0.7466)
2226,2226,tensor(1.9391),tensor(1.2707),tensor(0.7466)
2227,2227,tensor(1.9390),tensor(1.2707),tensor(0.7466)
2228,2228,tensor(1.9390),tensor(1.2707),tensor(0.7466)
2229,2229,tensor(1.9390),tensor(1.2707),tensor(0.7466)
2230,2230,tensor(1.9390),tensor(1.2706),tensor(0.7466)
2231,2231,tensor(1.9390),tensor(1.2706),tensor(0.7466)
2232,2232,tensor(1.9389),tensor(1.2706),tensor(0.7466)
2233,2233,tensor(1.9389),tensor(1.2706),tensor(0.7466)
2234,2234,tensor(1.9389),tensor(1.2706),tensor(0.7466)
2235,2235,tensor(1.9389),tensor(1.2706),tensor(0.7466)
2236,2236,tensor(1.9389),tensor(1.2706),tensor(0.7466)
2237,2237,tensor(1.9389),tensor(1.2706),tensor(0.7466)
2238,2238,tensor(1.9388),tensor(1.2706),tensor(0.7466)
2239,2239,tensor(1.9388),tensor(1.2705),tensor(0.7466)
2240,2240,tensor(1.9388),tensor(1.2705),tensor(0.7466)
2241,2241,tensor(1.9388),tensor(1.2705),tensor(0.7466)
2242,2242,tensor(1.9388),tensor(1.2705),tensor(0.7466)
2243,2243,tensor(1.9387),tensor(1.2705),tensor(0.7466)
2244,2244,tensor(1.9387),tensor(1.2705),tensor(0.7466)
2245,2245,tensor(1.9387),tensor(1.2705),tensor(0.7466)
2246,2246,tensor(1.9387),tensor(1.2705),tensor(0.7466)
2247,2247,tensor(1.9387),tensor(1.2705),tensor(0.7466)
2248,2248,tensor(1.9386),tensor(1.2705),tensor(0.7465)
2249,2249,tensor(1.9386),tensor(1.2704),tensor(0.7465)
2250,2250,tensor(1.9386),tensor(1.2704),tensor(0.7465)
2251,2251,tensor(1.9386),tensor(1.2704),tensor(0.7465)
2252,2252,tensor(1.9386),tensor(1.2704),tensor(0.7465)
2253,2253,tensor(1.9386),tensor(1.2704),tensor(0.7465)
2254,2254,tensor(1.9385),tensor(1.2704),tensor(0.7465)
2255,2255,tensor(1.9385),tensor(1.2704),tensor(0.7465)
2256,2256,tensor(1.9385),tensor(1.2704),tensor(0.7465)
2257,2257,tensor(1.9385),tensor(1.2704),tensor(0.7465)
2258,2258,tensor(1.9385),tensor(1.2703),tensor(0.7465)
2259,2259,tensor(1.9384),tensor(1.2703),tensor(0.7465)
2260,2260,tensor(1.9384),tensor(1.2703),tensor(0.7465)
2261,2261,tensor(1.9384),tensor(1.2703),tensor(0.7465)
2262,2262,tensor(1.9384),tensor(1.2703),tensor(0.7465)
2263,2263,tensor(1.9384),tensor(1.2703),tensor(0.7465)
2264,2264,tensor(1.9383),tensor(1.2703),tensor(0.7465)
2265,2265,tensor(1.9383),tensor(1.2703),tensor(0.7465)
2266,2266,tensor(1.9383),tensor(1.2703),tensor(0.7465)
2267,2267,tensor(1.9383),tensor(1.2703),tensor(0.7465)
2268,2268,tensor(1.9383),tensor(1.2702),tensor(0.7465)
2269,2269,tensor(1.9383),tensor(1.2702),tensor(0.7465)
2270,2270,tensor(1.9382),tensor(1.2702),tensor(0.7465)
2271,2271,tensor(1.9382),tensor(1.2702),tensor(0.7465)
2272,2272,tensor(1.9382),tensor(1.2702),tensor(0.7465)
2273,2273,tensor(1.9382),tensor(1.2702),tensor(0.7465)
2274,2274,tensor(1.9382),tensor(1.2702),tensor(0.7465)
2275,2275,tensor(1.9381),tensor(1.2702),tensor(0.7465)
2276,2276,tensor(1.9381),tensor(1.2702),tensor(0.7465)
2277,2277,tensor(1.9381),tensor(1.2701),tensor(0.7464)
2278,2278,tensor(1.9381),tensor(1.2701),tensor(0.7464)
2279,2279,tensor(1.9381),tensor(1.2701),tensor(0.7464)
2280,2280,tensor(1.9380),tensor(1.2701),tensor(0.7464)
2281,2281,tensor(1.9380),tensor(1.2701),tensor(0.7464)
2282,2282,tensor(1.9380),tensor(1.2701),tensor(0.7464)
2283,2283,tensor(1.9380),tensor(1.2701),tensor(0.7464)
2284,2284,tensor(1.9380),tensor(1.2701),tensor(0.7464)
2285,2285,tensor(1.9379),tensor(1.2701),tensor(0.7464)
2286,2286,tensor(1.9379),tensor(1.2701),tensor(0.7464)
2287,2287,tensor(1.9379),tensor(1.2700),tensor(0.7464)
2288,2288,tensor(1.9379),tensor(1.2700),tensor(0.7464)
2289,2289,tensor(1.9379),tensor(1.2700),tensor(0.7464)
2290,2290,tensor(1.9379),tensor(1.2700),tensor(0.7464)
2291,2291,tensor(1.9378),tensor(1.2700),tensor(0.7464)
2292,2292,tensor(1.9378),tensor(1.2700),tensor(0.7464)
2293,2293,tensor(1.9378),tensor(1.2700),tensor(0.7464)
2294,2294,tensor(1.9378),tensor(1.2700),tensor(0.7464)
2295,2295,tensor(1.9378),tensor(1.2700),tensor(0.7464)
2296,2296,tensor(1.9377),tensor(1.2699),tensor(0.7464)
2297,2297,tensor(1.9377),tensor(1.2699),tensor(0.7464)
2298,2298,tensor(1.9377),tensor(1.2699),tensor(0.7464)
2299,2299,tensor(1.9377),tensor(1.2699),tensor(0.7464)
2300,2300,tensor(1.9377),tensor(1.2699),tensor(0.7464)
2301,2301,tensor(1.9376),tensor(1.2699),tensor(0.7464)
2302,2302,tensor(1.9376),tensor(1.2699),tensor(0.7464)
2303,2303,tensor(1.9376),tensor(1.2699),tensor(0.7464)
2304,2304,tensor(1.9376),tensor(1.2699),tensor(0.7463)
2305,2305,tensor(1.9376),tensor(1.2698),tensor(0.7463)
2306,2306,tensor(1.9376),tensor(1.2698),tensor(0.7463)
2307,2307,tensor(1.9375),tensor(1.2698),tensor(0.7463)
2308,2308,tensor(1.9375),tensor(1.2698),tensor(0.7463)
2309,2309,tensor(1.9375),tensor(1.2698),tensor(0.7463)
2310,2310,tensor(1.9375),tensor(1.2698),tensor(0.7463)
2311,2311,tensor(1.9375),tensor(1.2698),tensor(0.7463)
2312,2312,tensor(1.9374),tensor(1.2698),tensor(0.7463)
2313,2313,tensor(1.9374),tensor(1.2698),tensor(0.7463)
2314,2314,tensor(1.9374),tensor(1.2697),tensor(0.7463)
2315,2315,tensor(1.9374),tensor(1.2697),tensor(0.7463)
2316,2316,tensor(1.9374),tensor(1.2697),tensor(0.7463)
2317,2317,tensor(1.9373),tensor(1.2697),tensor(0.7463)
2318,2318,tensor(1.9373),tensor(1.2697),tensor(0.7463)
2319,2319,tensor(1.9373),tensor(1.2697),tensor(0.7463)
2320,2320,tensor(1.9373),tensor(1.2697),tensor(0.7463)
2321,2321,tensor(1.9373),tensor(1.2697),tensor(0.7463)
2322,2322,tensor(1.9372),tensor(1.2697),tensor(0.7463)
2323,2323,tensor(1.9372),tensor(1.2696),tensor(0.7463)
2324,2324,tensor(1.9372),tensor(1.2696),tensor(0.7463)
2325,2325,tensor(1.9372),tensor(1.2696),tensor(0.7463)
2326,2326,tensor(1.9372),tensor(1.2696),tensor(0.7463)
2327,2327,tensor(1.9372),tensor(1.2696),tensor(0.7463)
2328,2328,tensor(1.9371),tensor(1.2696),tensor(0.7463)
2329,2329,tensor(1.9371),tensor(1.2696),tensor(0.7463)
2330,2330,tensor(1.9371),tensor(1.2696),tensor(0.7463)
2331,2331,tensor(1.9371),tensor(1.2696),tensor(0.7463)
2332,2332,tensor(1.9371),tensor(1.2695),tensor(0.7462)
2333,2333,tensor(1.9370),tensor(1.2695),tensor(0.7462)
2334,2334,tensor(1.9370),tensor(1.2695),tensor(0.7462)
2335,2335,tensor(1.9370),tensor(1.2695),tensor(0.7462)
2336,2336,tensor(1.9370),tensor(1.2695),tensor(0.7462)
2337,2337,tensor(1.9370),tensor(1.2695),tensor(0.7462)
2338,2338,tensor(1.9369),tensor(1.2695),tensor(0.7462)
2339,2339,tensor(1.9369),tensor(1.2695),tensor(0.7462)
2340,2340,tensor(1.9369),tensor(1.2695),tensor(0.7462)
2341,2341,tensor(1.9369),tensor(1.2695),tensor(0.7462)
2342,2342,tensor(1.9369),tensor(1.2694),tensor(0.7462)
2343,2343,tensor(1.9368),tensor(1.2694),tensor(0.7462)
2344,2344,tensor(1.9368),tensor(1.2694),tensor(0.7462)
2345,2345,tensor(1.9368),tensor(1.2694),tensor(0.7462)
2346,2346,tensor(1.9368),tensor(1.2694),tensor(0.7462)
2347,2347,tensor(1.9368),tensor(1.2694),tensor(0.7462)
2348,2348,tensor(1.9368),tensor(1.2694),tensor(0.7462)
2349,2349,tensor(1.9367),tensor(1.2694),tensor(0.7462)
2350,2350,tensor(1.9367),tensor(1.2694),tensor(0.7462)
2351,2351,tensor(1.9367),tensor(1.2693),tensor(0.7462)
2352,2352,tensor(1.9367),tensor(1.2693),tensor(0.7462)
2353,2353,tensor(1.9367),tensor(1.2693),tensor(0.7462)
2354,2354,tensor(1.9366),tensor(1.2693),tensor(0.7462)
2355,2355,tensor(1.9366),tensor(1.2693),tensor(0.7462)
2356,2356,tensor(1.9366),tensor(1.2693),tensor(0.7462)
2357,2357,tensor(1.9366),tensor(1.2693),tensor(0.7462)
2358,2358,tensor(1.9366),tensor(1.2693),tensor(0.7462)
2359,2359,tensor(1.9365),tensor(1.2692),tensor(0.7462)
2360,2360,tensor(1.9365),tensor(1.2692),tensor(0.7461)
2361,2361,tensor(1.9365),tensor(1.2692),tensor(0.7461)
2362,2362,tensor(1.9365),tensor(1.2692),tensor(0.7461)
2363,2363,tensor(1.9365),tensor(1.2692),tensor(0.7461)
2364,2364,tensor(1.9364),tensor(1.2692),tensor(0.7461)
2365,2365,tensor(1.9364),tensor(1.2692),tensor(0.7461)
2366,2366,tensor(1.9364),tensor(1.2692),tensor(0.7461)
2367,2367,tensor(1.9364),tensor(1.2692),tensor(0.7461)
2368,2368,tensor(1.9364),tensor(1.2691),tensor(0.7461)
2369,2369,tensor(1.9364),tensor(1.2691),tensor(0.7461)
2370,2370,tensor(1.9363),tensor(1.2691),tensor(0.7461)
2371,2371,tensor(1.9363),tensor(1.2691),tensor(0.7461)
2372,2372,tensor(1.9363),tensor(1.2691),tensor(0.7461)
2373,2373,tensor(1.9363),tensor(1.2691),tensor(0.7461)
2374,2374,tensor(1.9363),tensor(1.2691),tensor(0.7461)
2375,2375,tensor(1.9362),tensor(1.2691),tensor(0.7461)
2376,2376,tensor(1.9362),tensor(1.2691),tensor(0.7461)
2377,2377,tensor(1.9362),tensor(1.2690),tensor(0.7461)
2378,2378,tensor(1.9362),tensor(1.2690),tensor(0.7461)
2379,2379,tensor(1.9362),tensor(1.2690),tensor(0.7461)
2380,2380,tensor(1.9361),tensor(1.2690),tensor(0.7461)
2381,2381,tensor(1.9361),tensor(1.2690),tensor(0.7461)
2382,2382,tensor(1.9361),tensor(1.2690),tensor(0.7461)
2383,2383,tensor(1.9361),tensor(1.2690),tensor(0.7461)
2384,2384,tensor(1.9361),tensor(1.2690),tensor(0.7461)
2385,2385,tensor(1.9360),tensor(1.2690),tensor(0.7461)
2386,2386,tensor(1.9360),tensor(1.2689),tensor(0.7461)
2387,2387,tensor(1.9360),tensor(1.2689),tensor(0.7460)
2388,2388,tensor(1.9360),tensor(1.2689),tensor(0.7460)
2389,2389,tensor(1.9360),tensor(1.2689),tensor(0.7460)
2390,2390,tensor(1.9359),tensor(1.2689),tensor(0.7460)
2391,2391,tensor(1.9359),tensor(1.2689),tensor(0.7460)
2392,2392,tensor(1.9359),tensor(1.2689),tensor(0.7460)
2393,2393,tensor(1.9359),tensor(1.2689),tensor(0.7460)
2394,2394,tensor(1.9359),tensor(1.2689),tensor(0.7460)
2395,2395,tensor(1.9359),tensor(1.2688),tensor(0.7460)
2396,2396,tensor(1.9358),tensor(1.2688),tensor(0.7460)
2397,2397,tensor(1.9358),tensor(1.2688),tensor(0.7460)
2398,2398,tensor(1.9358),tensor(1.2688),tensor(0.7460)
2399,2399,tensor(1.9358),tensor(1.2688),tensor(0.7460)
2400,2400,tensor(1.9358),tensor(1.2688),tensor(0.7460)
2401,2401,tensor(1.9357),tensor(1.2688),tensor(0.7460)
2402,2402,tensor(1.9357),tensor(1.2688),tensor(0.7460)
2403,2403,tensor(1.9357),tensor(1.2688),tensor(0.7460)
2404,2404,tensor(1.9357),tensor(1.2687),tensor(0.7460)
2405,2405,tensor(1.9357),tensor(1.2687),tensor(0.7460)
2406,2406,tensor(1.9356),tensor(1.2687),tensor(0.7460)
2407,2407,tensor(1.9356),tensor(1.2687),tensor(0.7460)
2408,2408,tensor(1.9356),tensor(1.2687),tensor(0.7460)
2409,2409,tensor(1.9356),tensor(1.2687),tensor(0.7460)
2410,2410,tensor(1.9356),tensor(1.2687),tensor(0.7460)
2411,2411,tensor(1.9355),tensor(1.2687),tensor(0.7460)
2412,2412,tensor(1.9355),tensor(1.2686),tensor(0.7460)
2413,2413,tensor(1.9355),tensor(1.2686),tensor(0.7460)
2414,2414,tensor(1.9355),tensor(1.2686),tensor(0.7459)
2415,2415,tensor(1.9355),tensor(1.2686),tensor(0.7459)
2416,2416,tensor(1.9355),tensor(1.2686),tensor(0.7459)
2417,2417,tensor(1.9354),tensor(1.2686),tensor(0.7459)
2418,2418,tensor(1.9354),tensor(1.2686),tensor(0.7459)
2419,2419,tensor(1.9354),tensor(1.2686),tensor(0.7459)
2420,2420,tensor(1.9354),tensor(1.2686),tensor(0.7459)
2421,2421,tensor(1.9354),tensor(1.2685),tensor(0.7459)
2422,2422,tensor(1.9353),tensor(1.2685),tensor(0.7459)
2423,2423,tensor(1.9353),tensor(1.2685),tensor(0.7459)
2424,2424,tensor(1.9353),tensor(1.2685),tensor(0.7459)
2425,2425,tensor(1.9353),tensor(1.2685),tensor(0.7459)
2426,2426,tensor(1.9353),tensor(1.2685),tensor(0.7459)
2427,2427,tensor(1.9352),tensor(1.2685),tensor(0.7459)
2428,2428,tensor(1.9352),tensor(1.2685),tensor(0.7459)
2429,2429,tensor(1.9352),tensor(1.2685),tensor(0.7459)
2430,2430,tensor(1.9352),tensor(1.2684),tensor(0.7459)
2431,2431,tensor(1.9352),tensor(1.2684),tensor(0.7459)
2432,2432,tensor(1.9351),tensor(1.2684),tensor(0.7459)
2433,2433,tensor(1.9351),tensor(1.2684),tensor(0.7459)
2434,2434,tensor(1.9351),tensor(1.2684),tensor(0.7459)
2435,2435,tensor(1.9351),tensor(1.2684),tensor(0.7459)
2436,2436,tensor(1.9351),tensor(1.2684),tensor(0.7459)
2437,2437,tensor(1.9350),tensor(1.2684),tensor(0.7459)
2438,2438,tensor(1.9350),tensor(1.2683),tensor(0.7459)
2439,2439,tensor(1.9350),tensor(1.2683),tensor(0.7459)
2440,2440,tensor(1.9350),tensor(1.2683),tensor(0.7459)
2441,2441,tensor(1.9350),tensor(1.2683),tensor(0.7458)
2442,2442,tensor(1.9349),tensor(1.2683),tensor(0.7458)
2443,2443,tensor(1.9349),tensor(1.2683),tensor(0.7458)
2444,2444,tensor(1.9349),tensor(1.2683),tensor(0.7458)
2445,2445,tensor(1.9349),tensor(1.2683),tensor(0.7458)
2446,2446,tensor(1.9349),tensor(1.2683),tensor(0.7458)
2447,2447,tensor(1.9349),tensor(1.2682),tensor(0.7458)
2448,2448,tensor(1.9348),tensor(1.2682),tensor(0.7458)
2449,2449,tensor(1.9348),tensor(1.2682),tensor(0.7458)
2450,2450,tensor(1.9348),tensor(1.2682),tensor(0.7458)
2451,2451,tensor(1.9348),tensor(1.2682),tensor(0.7458)
2452,2452,tensor(1.9348),tensor(1.2682),tensor(0.7458)
2453,2453,tensor(1.9347),tensor(1.2682),tensor(0.7458)
2454,2454,tensor(1.9347),tensor(1.2682),tensor(0.7458)
2455,2455,tensor(1.9347),tensor(1.2681),tensor(0.7458)
2456,2456,tensor(1.9347),tensor(1.2681),tensor(0.7458)
2457,2457,tensor(1.9347),tensor(1.2681),tensor(0.7458)
2458,2458,tensor(1.9346),tensor(1.2681),tensor(0.7458)
2459,2459,tensor(1.9346),tensor(1.2681),tensor(0.7458)
2460,2460,tensor(1.9346),tensor(1.2681),tensor(0.7458)
2461,2461,tensor(1.9346),tensor(1.2681),tensor(0.7458)
2462,2462,tensor(1.9346),tensor(1.2681),tensor(0.7458)
2463,2463,tensor(1.9345),tensor(1.2681),tensor(0.7458)
2464,2464,tensor(1.9345),tensor(1.2680),tensor(0.7458)
2465,2465,tensor(1.9345),tensor(1.2680),tensor(0.7458)
2466,2466,tensor(1.9345),tensor(1.2680),tensor(0.7458)
2467,2467,tensor(1.9345),tensor(1.2680),tensor(0.7457)
2468,2468,tensor(1.9344),tensor(1.2680),tensor(0.7457)
2469,2469,tensor(1.9344),tensor(1.2680),tensor(0.7457)
2470,2470,tensor(1.9344),tensor(1.2680),tensor(0.7457)
2471,2471,tensor(1.9344),tensor(1.2680),tensor(0.7457)
2472,2472,tensor(1.9344),tensor(1.2679),tensor(0.7457)
2473,2473,tensor(1.9343),tensor(1.2679),tensor(0.7457)
2474,2474,tensor(1.9343),tensor(1.2679),tensor(0.7457)
2475,2475,tensor(1.9343),tensor(1.2679),tensor(0.7457)
2476,2476,tensor(1.9343),tensor(1.2679),tensor(0.7457)
2477,2477,tensor(1.9343),tensor(1.2679),tensor(0.7457)
2478,2478,tensor(1.9343),tensor(1.2679),tensor(0.7457)
2479,2479,tensor(1.9342),tensor(1.2679),tensor(0.7457)
2480,2480,tensor(1.9342),tensor(1.2678),tensor(0.7457)
2481,2481,tensor(1.9342),tensor(1.2678),tensor(0.7457)
2482,2482,tensor(1.9342),tensor(1.2678),tensor(0.7457)
2483,2483,tensor(1.9342),tensor(1.2678),tensor(0.7457)
2484,2484,tensor(1.9341),tensor(1.2678),tensor(0.7457)
2485,2485,tensor(1.9341),tensor(1.2678),tensor(0.7457)
2486,2486,tensor(1.9341),tensor(1.2678),tensor(0.7457)
2487,2487,tensor(1.9341),tensor(1.2678),tensor(0.7457)
2488,2488,tensor(1.9341),tensor(1.2678),tensor(0.7457)
2489,2489,tensor(1.9340),tensor(1.2677),tensor(0.7457)
2490,2490,tensor(1.9340),tensor(1.2677),tensor(0.7457)
2491,2491,tensor(1.9340),tensor(1.2677),tensor(0.7457)
2492,2492,tensor(1.9340),tensor(1.2677),tensor(0.7457)
2493,2493,tensor(1.9340),tensor(1.2677),tensor(0.7456)
2494,2494,tensor(1.9339),tensor(1.2677),tensor(0.7456)
2495,2495,tensor(1.9339),tensor(1.2677),tensor(0.7456)
2496,2496,tensor(1.9339),tensor(1.2677),tensor(0.7456)
2497,2497,tensor(1.9339),tensor(1.2676),tensor(0.7456)
2498,2498,tensor(1.9339),tensor(1.2676),tensor(0.7456)
2499,2499,tensor(1.9338),tensor(1.2676),tensor(0.7456)
2500,2500,tensor(1.9338),tensor(1.2676),tensor(0.7456)
2501,2501,tensor(1.9338),tensor(1.2676),tensor(0.7456)
2502,2502,tensor(1.9338),tensor(1.2676),tensor(0.7456)
2503,2503,tensor(1.9338),tensor(1.2676),tensor(0.7456)
2504,2504,tensor(1.9337),tensor(1.2676),tensor(0.7456)
2505,2505,tensor(1.9337),tensor(1.2675),tensor(0.7456)
2506,2506,tensor(1.9337),tensor(1.2675),tensor(0.7456)
2507,2507,tensor(1.9337),tensor(1.2675),tensor(0.7456)
2508,2508,tensor(1.9337),tensor(1.2675),tensor(0.7456)
2509,2509,tensor(1.9337),tensor(1.2675),tensor(0.7456)
2510,2510,tensor(1.9336),tensor(1.2675),tensor(0.7456)
2511,2511,tensor(1.9336),tensor(1.2675),tensor(0.7456)
2512,2512,tensor(1.9336),tensor(1.2675),tensor(0.7456)
2513,2513,tensor(1.9336),tensor(1.2675),tensor(0.7456)
2514,2514,tensor(1.9336),tensor(1.2674),tensor(0.7456)
2515,2515,tensor(1.9335),tensor(1.2674),tensor(0.7456)
2516,2516,tensor(1.9335),tensor(1.2674),tensor(0.7456)
2517,2517,tensor(1.9335),tensor(1.2674),tensor(0.7456)
2518,2518,tensor(1.9335),tensor(1.2674),tensor(0.7456)
2519,2519,tensor(1.9335),tensor(1.2674),tensor(0.7456)
2520,2520,tensor(1.9334),tensor(1.2674),tensor(0.7455)
2521,2521,tensor(1.9334),tensor(1.2674),tensor(0.7455)
2522,2522,tensor(1.9334),tensor(1.2673),tensor(0.7455)
2523,2523,tensor(1.9334),tensor(1.2673),tensor(0.7455)
2524,2524,tensor(1.9334),tensor(1.2673),tensor(0.7455)
2525,2525,tensor(1.9333),tensor(1.2673),tensor(0.7455)
2526,2526,tensor(1.9333),tensor(1.2673),tensor(0.7455)
2527,2527,tensor(1.9333),tensor(1.2673),tensor(0.7455)
2528,2528,tensor(1.9333),tensor(1.2673),tensor(0.7455)
2529,2529,tensor(1.9333),tensor(1.2673),tensor(0.7455)
2530,2530,tensor(1.9332),tensor(1.2672),tensor(0.7455)
2531,2531,tensor(1.9332),tensor(1.2672),tensor(0.7455)
2532,2532,tensor(1.9332),tensor(1.2672),tensor(0.7455)
2533,2533,tensor(1.9332),tensor(1.2672),tensor(0.7455)
2534,2534,tensor(1.9332),tensor(1.2672),tensor(0.7455)
2535,2535,tensor(1.9331),tensor(1.2672),tensor(0.7455)
2536,2536,tensor(1.9331),tensor(1.2672),tensor(0.7455)
2537,2537,tensor(1.9331),tensor(1.2672),tensor(0.7455)
2538,2538,tensor(1.9331),tensor(1.2671),tensor(0.7455)
2539,2539,tensor(1.9331),tensor(1.2671),tensor(0.7455)
2540,2540,tensor(1.9330),tensor(1.2671),tensor(0.7455)
2541,2541,tensor(1.9330),tensor(1.2671),tensor(0.7455)
2542,2542,tensor(1.9330),tensor(1.2671),tensor(0.7455)
2543,2543,tensor(1.9330),tensor(1.2671),tensor(0.7455)
2544,2544,tensor(1.9330),tensor(1.2671),tensor(0.7455)
2545,2545,tensor(1.9329),tensor(1.2671),tensor(0.7455)
2546,2546,tensor(1.9329),tensor(1.2670),tensor(0.7454)
2547,2547,tensor(1.9329),tensor(1.2670),tensor(0.7454)
2548,2548,tensor(1.9329),tensor(1.2670),tensor(0.7454)
2549,2549,tensor(1.9329),tensor(1.2670),tensor(0.7454)
2550,2550,tensor(1.9329),tensor(1.2670),tensor(0.7454)
2551,2551,tensor(1.9328),tensor(1.2670),tensor(0.7454)
2552,2552,tensor(1.9328),tensor(1.2670),tensor(0.7454)
2553,2553,tensor(1.9328),tensor(1.2670),tensor(0.7454)
2554,2554,tensor(1.9328),tensor(1.2669),tensor(0.7454)
2555,2555,tensor(1.9328),tensor(1.2669),tensor(0.7454)
2556,2556,tensor(1.9327),tensor(1.2669),tensor(0.7454)
2557,2557,tensor(1.9327),tensor(1.2669),tensor(0.7454)
2558,2558,tensor(1.9327),tensor(1.2669),tensor(0.7454)
2559,2559,tensor(1.9327),tensor(1.2669),tensor(0.7454)
2560,2560,tensor(1.9327),tensor(1.2669),tensor(0.7454)
2561,2561,tensor(1.9326),tensor(1.2669),tensor(0.7454)
2562,2562,tensor(1.9326),tensor(1.2668),tensor(0.7454)
2563,2563,tensor(1.9326),tensor(1.2668),tensor(0.7454)
2564,2564,tensor(1.9326),tensor(1.2668),tensor(0.7454)
2565,2565,tensor(1.9326),tensor(1.2668),tensor(0.7454)
2566,2566,tensor(1.9325),tensor(1.2668),tensor(0.7454)
2567,2567,tensor(1.9325),tensor(1.2668),tensor(0.7454)
2568,2568,tensor(1.9325),tensor(1.2668),tensor(0.7454)
2569,2569,tensor(1.9325),tensor(1.2668),tensor(0.7454)
2570,2570,tensor(1.9325),tensor(1.2667),tensor(0.7454)
2571,2571,tensor(1.9324),tensor(1.2667),tensor(0.7454)
2572,2572,tensor(1.9324),tensor(1.2667),tensor(0.7453)
2573,2573,tensor(1.9324),tensor(1.2667),tensor(0.7453)
2574,2574,tensor(1.9324),tensor(1.2667),tensor(0.7453)
2575,2575,tensor(1.9324),tensor(1.2667),tensor(0.7453)
2576,2576,tensor(1.9323),tensor(1.2667),tensor(0.7453)
2577,2577,tensor(1.9323),tensor(1.2667),tensor(0.7453)
2578,2578,tensor(1.9323),tensor(1.2666),tensor(0.7453)
2579,2579,tensor(1.9323),tensor(1.2666),tensor(0.7453)
2580,2580,tensor(1.9323),tensor(1.2666),tensor(0.7453)
2581,2581,tensor(1.9322),tensor(1.2666),tensor(0.7453)
2582,2582,tensor(1.9322),tensor(1.2666),tensor(0.7453)
2583,2583,tensor(1.9322),tensor(1.2666),tensor(0.7453)
2584,2584,tensor(1.9322),tensor(1.2666),tensor(0.7453)
2585,2585,tensor(1.9322),tensor(1.2666),tensor(0.7453)
2586,2586,tensor(1.9321),tensor(1.2665),tensor(0.7453)
2587,2587,tensor(1.9321),tensor(1.2665),tensor(0.7453)
2588,2588,tensor(1.9321),tensor(1.2665),tensor(0.7453)
2589,2589,tensor(1.9321),tensor(1.2665),tensor(0.7453)
2590,2590,tensor(1.9321),tensor(1.2665),tensor(0.7453)
2591,2591,tensor(1.9321),tensor(1.2665),tensor(0.7453)
2592,2592,tensor(1.9320),tensor(1.2665),tensor(0.7453)
2593,2593,tensor(1.9320),tensor(1.2665),tensor(0.7453)
2594,2594,tensor(1.9320),tensor(1.2664),tensor(0.7453)
2595,2595,tensor(1.9320),tensor(1.2664),tensor(0.7453)
2596,2596,tensor(1.9320),tensor(1.2664),tensor(0.7453)
2597,2597,tensor(1.9319),tensor(1.2664),tensor(0.7452)
2598,2598,tensor(1.9319),tensor(1.2664),tensor(0.7452)
2599,2599,tensor(1.9319),tensor(1.2664),tensor(0.7452)
2600,2600,tensor(1.9319),tensor(1.2664),tensor(0.7452)
2601,2601,tensor(1.9319),tensor(1.2664),tensor(0.7452)
2602,2602,tensor(1.9318),tensor(1.2663),tensor(0.7452)
2603,2603,tensor(1.9318),tensor(1.2663),tensor(0.7452)
2604,2604,tensor(1.9318),tensor(1.2663),tensor(0.7452)
2605,2605,tensor(1.9318),tensor(1.2663),tensor(0.7452)
2606,2606,tensor(1.9318),tensor(1.2663),tensor(0.7452)
2607,2607,tensor(1.9317),tensor(1.2663),tensor(0.7452)
2608,2608,tensor(1.9317),tensor(1.2663),tensor(0.7452)
2609,2609,tensor(1.9317),tensor(1.2663),tensor(0.7452)
2610,2610,tensor(1.9317),tensor(1.2662),tensor(0.7452)
2611,2611,tensor(1.9317),tensor(1.2662),tensor(0.7452)
2612,2612,tensor(1.9316),tensor(1.2662),tensor(0.7452)
2613,2613,tensor(1.9316),tensor(1.2662),tensor(0.7452)
2614,2614,tensor(1.9316),tensor(1.2662),tensor(0.7452)
2615,2615,tensor(1.9316),tensor(1.2662),tensor(0.7452)
2616,2616,tensor(1.9316),tensor(1.2662),tensor(0.7452)
2617,2617,tensor(1.9315),tensor(1.2662),tensor(0.7452)
2618,2618,tensor(1.9315),tensor(1.2661),tensor(0.7452)
2619,2619,tensor(1.9315),tensor(1.2661),tensor(0.7452)
2620,2620,tensor(1.9315),tensor(1.2661),tensor(0.7452)
2621,2621,tensor(1.9315),tensor(1.2661),tensor(0.7452)
2622,2622,tensor(1.9314),tensor(1.2661),tensor(0.7452)
2623,2623,tensor(1.9314),tensor(1.2661),tensor(0.7451)
2624,2624,tensor(1.9314),tensor(1.2661),tensor(0.7451)
2625,2625,tensor(1.9314),tensor(1.2661),tensor(0.7451)
2626,2626,tensor(1.9314),tensor(1.2660),tensor(0.7451)
2627,2627,tensor(1.9313),tensor(1.2660),tensor(0.7451)
2628,2628,tensor(1.9313),tensor(1.2660),tensor(0.7451)
2629,2629,tensor(1.9313),tensor(1.2660),tensor(0.7451)
2630,2630,tensor(1.9313),tensor(1.2660),tensor(0.7451)
2631,2631,tensor(1.9313),tensor(1.2660),tensor(0.7451)
2632,2632,tensor(1.9313),tensor(1.2660),tensor(0.7451)
2633,2633,tensor(1.9312),tensor(1.2659),tensor(0.7451)
2634,2634,tensor(1.9312),tensor(1.2659),tensor(0.7451)
2635,2635,tensor(1.9312),tensor(1.2659),tensor(0.7451)
2636,2636,tensor(1.9312),tensor(1.2659),tensor(0.7451)
2637,2637,tensor(1.9312),tensor(1.2659),tensor(0.7451)
2638,2638,tensor(1.9311),tensor(1.2659),tensor(0.7451)
2639,2639,tensor(1.9311),tensor(1.2659),tensor(0.7451)
2640,2640,tensor(1.9311),tensor(1.2659),tensor(0.7451)
2641,2641,tensor(1.9311),tensor(1.2658),tensor(0.7451)
2642,2642,tensor(1.9311),tensor(1.2658),tensor(0.7451)
2643,2643,tensor(1.9310),tensor(1.2658),tensor(0.7451)
2644,2644,tensor(1.9310),tensor(1.2658),tensor(0.7451)
2645,2645,tensor(1.9310),tensor(1.2658),tensor(0.7451)
2646,2646,tensor(1.9310),tensor(1.2658),tensor(0.7451)
2647,2647,tensor(1.9310),tensor(1.2658),tensor(0.7451)
2648,2648,tensor(1.9309),tensor(1.2658),tensor(0.7450)
2649,2649,tensor(1.9309),tensor(1.2657),tensor(0.7450)
2650,2650,tensor(1.9309),tensor(1.2657),tensor(0.7450)
2651,2651,tensor(1.9309),tensor(1.2657),tensor(0.7450)
2652,2652,tensor(1.9309),tensor(1.2657),tensor(0.7450)
2653,2653,tensor(1.9308),tensor(1.2657),tensor(0.7450)
2654,2654,tensor(1.9308),tensor(1.2657),tensor(0.7450)
2655,2655,tensor(1.9308),tensor(1.2657),tensor(0.7450)
2656,2656,tensor(1.9308),tensor(1.2657),tensor(0.7450)
2657,2657,tensor(1.9308),tensor(1.2656),tensor(0.7450)
2658,2658,tensor(1.9307),tensor(1.2656),tensor(0.7450)
2659,2659,tensor(1.9307),tensor(1.2656),tensor(0.7450)
2660,2660,tensor(1.9307),tensor(1.2656),tensor(0.7450)
2661,2661,tensor(1.9307),tensor(1.2656),tensor(0.7450)
2662,2662,tensor(1.9307),tensor(1.2656),tensor(0.7450)
2663,2663,tensor(1.9306),tensor(1.2656),tensor(0.7450)
2664,2664,tensor(1.9306),tensor(1.2655),tensor(0.7450)
2665,2665,tensor(1.9306),tensor(1.2655),tensor(0.7450)
2666,2666,tensor(1.9306),tensor(1.2655),tensor(0.7450)
2667,2667,tensor(1.9306),tensor(1.2655),tensor(0.7450)
2668,2668,tensor(1.9305),tensor(1.2655),tensor(0.7450)
2669,2669,tensor(1.9305),tensor(1.2655),tensor(0.7450)
2670,2670,tensor(1.9305),tensor(1.2655),tensor(0.7450)
2671,2671,tensor(1.9305),tensor(1.2655),tensor(0.7450)
2672,2672,tensor(1.9305),tensor(1.2654),tensor(0.7450)
2673,2673,tensor(1.9304),tensor(1.2654),tensor(0.7450)
2674,2674,tensor(1.9304),tensor(1.2654),tensor(0.7449)
2675,2675,tensor(1.9304),tensor(1.2654),tensor(0.7449)
2676,2676,tensor(1.9304),tensor(1.2654),tensor(0.7449)
2677,2677,tensor(1.9304),tensor(1.2654),tensor(0.7449)
2678,2678,tensor(1.9304),tensor(1.2654),tensor(0.7449)
2679,2679,tensor(1.9303),tensor(1.2654),tensor(0.7449)
2680,2680,tensor(1.9303),tensor(1.2653),tensor(0.7449)
2681,2681,tensor(1.9303),tensor(1.2653),tensor(0.7449)
2682,2682,tensor(1.9303),tensor(1.2653),tensor(0.7449)
2683,2683,tensor(1.9303),tensor(1.2653),tensor(0.7449)
2684,2684,tensor(1.9302),tensor(1.2653),tensor(0.7449)
2685,2685,tensor(1.9302),tensor(1.2653),tensor(0.7449)
2686,2686,tensor(1.9302),tensor(1.2653),tensor(0.7449)
2687,2687,tensor(1.9302),tensor(1.2652),tensor(0.7449)
2688,2688,tensor(1.9302),tensor(1.2652),tensor(0.7449)
2689,2689,tensor(1.9301),tensor(1.2652),tensor(0.7449)
2690,2690,tensor(1.9301),tensor(1.2652),tensor(0.7449)
2691,2691,tensor(1.9301),tensor(1.2652),tensor(0.7449)
2692,2692,tensor(1.9301),tensor(1.2652),tensor(0.7449)
2693,2693,tensor(1.9301),tensor(1.2652),tensor(0.7449)
2694,2694,tensor(1.9300),tensor(1.2652),tensor(0.7449)
2695,2695,tensor(1.9300),tensor(1.2651),tensor(0.7449)
2696,2696,tensor(1.9300),tensor(1.2651),tensor(0.7449)
2697,2697,tensor(1.9300),tensor(1.2651),tensor(0.7449)
2698,2698,tensor(1.9300),tensor(1.2651),tensor(0.7449)
2699,2699,tensor(1.9299),tensor(1.2651),tensor(0.7448)
2700,2700,tensor(1.9299),tensor(1.2651),tensor(0.7448)
2701,2701,tensor(1.9299),tensor(1.2651),tensor(0.7448)
2702,2702,tensor(1.9299),tensor(1.2650),tensor(0.7448)
2703,2703,tensor(1.9299),tensor(1.2650),tensor(0.7448)
2704,2704,tensor(1.9298),tensor(1.2650),tensor(0.7448)
2705,2705,tensor(1.9298),tensor(1.2650),tensor(0.7448)
2706,2706,tensor(1.9298),tensor(1.2650),tensor(0.7448)
2707,2707,tensor(1.9298),tensor(1.2650),tensor(0.7448)
2708,2708,tensor(1.9298),tensor(1.2650),tensor(0.7448)
2709,2709,tensor(1.9297),tensor(1.2650),tensor(0.7448)
2710,2710,tensor(1.9297),tensor(1.2649),tensor(0.7448)
2711,2711,tensor(1.9297),tensor(1.2649),tensor(0.7448)
2712,2712,tensor(1.9297),tensor(1.2649),tensor(0.7448)
2713,2713,tensor(1.9297),tensor(1.2649),tensor(0.7448)
2714,2714,tensor(1.9296),tensor(1.2649),tensor(0.7448)
2715,2715,tensor(1.9296),tensor(1.2649),tensor(0.7448)
2716,2716,tensor(1.9296),tensor(1.2649),tensor(0.7448)
2717,2717,tensor(1.9296),tensor(1.2648),tensor(0.7448)
2718,2718,tensor(1.9296),tensor(1.2648),tensor(0.7448)
2719,2719,tensor(1.9295),tensor(1.2648),tensor(0.7448)
2720,2720,tensor(1.9295),tensor(1.2648),tensor(0.7448)
2721,2721,tensor(1.9295),tensor(1.2648),tensor(0.7448)
2722,2722,tensor(1.9295),tensor(1.2648),tensor(0.7448)
2723,2723,tensor(1.9295),tensor(1.2648),tensor(0.7448)
2724,2724,tensor(1.9295),tensor(1.2648),tensor(0.7447)
2725,2725,tensor(1.9294),tensor(1.2647),tensor(0.7447)
2726,2726,tensor(1.9294),tensor(1.2647),tensor(0.7447)
2727,2727,tensor(1.9294),tensor(1.2647),tensor(0.7447)
2728,2728,tensor(1.9294),tensor(1.2647),tensor(0.7447)
2729,2729,tensor(1.9294),tensor(1.2647),tensor(0.7447)
2730,2730,tensor(1.9293),tensor(1.2647),tensor(0.7447)
2731,2731,tensor(1.9293),tensor(1.2647),tensor(0.7447)
2732,2732,tensor(1.9293),tensor(1.2646),tensor(0.7447)
2733,2733,tensor(1.9293),tensor(1.2646),tensor(0.7447)
2734,2734,tensor(1.9293),tensor(1.2646),tensor(0.7447)
2735,2735,tensor(1.9292),tensor(1.2646),tensor(0.7447)
2736,2736,tensor(1.9292),tensor(1.2646),tensor(0.7447)
2737,2737,tensor(1.9292),tensor(1.2646),tensor(0.7447)
2738,2738,tensor(1.9292),tensor(1.2646),tensor(0.7447)
2739,2739,tensor(1.9292),tensor(1.2646),tensor(0.7447)
2740,2740,tensor(1.9291),tensor(1.2645),tensor(0.7447)
2741,2741,tensor(1.9291),tensor(1.2645),tensor(0.7447)
2742,2742,tensor(1.9291),tensor(1.2645),tensor(0.7447)
2743,2743,tensor(1.9291),tensor(1.2645),tensor(0.7447)
2744,2744,tensor(1.9291),tensor(1.2645),tensor(0.7447)
2745,2745,tensor(1.9290),tensor(1.2645),tensor(0.7447)
2746,2746,tensor(1.9290),tensor(1.2645),tensor(0.7447)
2747,2747,tensor(1.9290),tensor(1.2644),tensor(0.7447)
2748,2748,tensor(1.9290),tensor(1.2644),tensor(0.7447)
2749,2749,tensor(1.9290),tensor(1.2644),tensor(0.7446)
2750,2750,tensor(1.9289),tensor(1.2644),tensor(0.7446)
2751,2751,tensor(1.9289),tensor(1.2644),tensor(0.7446)
2752,2752,tensor(1.9289),tensor(1.2644),tensor(0.7446)
2753,2753,tensor(1.9289),tensor(1.2644),tensor(0.7446)
2754,2754,tensor(1.9289),tensor(1.2644),tensor(0.7446)
2755,2755,tensor(1.9288),tensor(1.2643),tensor(0.7446)
2756,2756,tensor(1.9288),tensor(1.2643),tensor(0.7446)
2757,2757,tensor(1.9288),tensor(1.2643),tensor(0.7446)
2758,2758,tensor(1.9288),tensor(1.2643),tensor(0.7446)
2759,2759,tensor(1.9288),tensor(1.2643),tensor(0.7446)
2760,2760,tensor(1.9287),tensor(1.2643),tensor(0.7446)
2761,2761,tensor(1.9287),tensor(1.2643),tensor(0.7446)
2762,2762,tensor(1.9287),tensor(1.2642),tensor(0.7446)
2763,2763,tensor(1.9287),tensor(1.2642),tensor(0.7446)
2764,2764,tensor(1.9287),tensor(1.2642),tensor(0.7446)
2765,2765,tensor(1.9287),tensor(1.2642),tensor(0.7446)
2766,2766,tensor(1.9286),tensor(1.2642),tensor(0.7446)
2767,2767,tensor(1.9286),tensor(1.2642),tensor(0.7446)
2768,2768,tensor(1.9286),tensor(1.2642),tensor(0.7446)
2769,2769,tensor(1.9286),tensor(1.2641),tensor(0.7446)
2770,2770,tensor(1.9286),tensor(1.2641),tensor(0.7446)
2771,2771,tensor(1.9285),tensor(1.2641),tensor(0.7446)
2772,2772,tensor(1.9285),tensor(1.2641),tensor(0.7446)
2773,2773,tensor(1.9285),tensor(1.2641),tensor(0.7446)
2774,2774,tensor(1.9285),tensor(1.2641),tensor(0.7445)
2775,2775,tensor(1.9285),tensor(1.2641),tensor(0.7445)
2776,2776,tensor(1.9284),tensor(1.2641),tensor(0.7445)
2777,2777,tensor(1.9284),tensor(1.2640),tensor(0.7445)
2778,2778,tensor(1.9284),tensor(1.2640),tensor(0.7445)
2779,2779,tensor(1.9284),tensor(1.2640),tensor(0.7445)
2780,2780,tensor(1.9284),tensor(1.2640),tensor(0.7445)
2781,2781,tensor(1.9283),tensor(1.2640),tensor(0.7445)
2782,2782,tensor(1.9283),tensor(1.2640),tensor(0.7445)
2783,2783,tensor(1.9283),tensor(1.2640),tensor(0.7445)
2784,2784,tensor(1.9283),tensor(1.2639),tensor(0.7445)
2785,2785,tensor(1.9283),tensor(1.2639),tensor(0.7445)
2786,2786,tensor(1.9282),tensor(1.2639),tensor(0.7445)
2787,2787,tensor(1.9282),tensor(1.2639),tensor(0.7445)
2788,2788,tensor(1.9282),tensor(1.2639),tensor(0.7445)
2789,2789,tensor(1.9282),tensor(1.2639),tensor(0.7445)
2790,2790,tensor(1.9282),tensor(1.2639),tensor(0.7445)
2791,2791,tensor(1.9281),tensor(1.2638),tensor(0.7445)
2792,2792,tensor(1.9281),tensor(1.2638),tensor(0.7445)
2793,2793,tensor(1.9281),tensor(1.2638),tensor(0.7445)
2794,2794,tensor(1.9281),tensor(1.2638),tensor(0.7445)
2795,2795,tensor(1.9281),tensor(1.2638),tensor(0.7445)
2796,2796,tensor(1.9280),tensor(1.2638),tensor(0.7445)
2797,2797,tensor(1.9280),tensor(1.2638),tensor(0.7445)
2798,2798,tensor(1.9280),tensor(1.2638),tensor(0.7445)
2799,2799,tensor(1.9280),tensor(1.2637),tensor(0.7444)
2800,2800,tensor(1.9280),tensor(1.2637),tensor(0.7444)
2801,2801,tensor(1.9280),tensor(1.2637),tensor(0.7444)
2802,2802,tensor(1.9279),tensor(1.2637),tensor(0.7444)
2803,2803,tensor(1.9279),tensor(1.2637),tensor(0.7444)
2804,2804,tensor(1.9279),tensor(1.2637),tensor(0.7444)
2805,2805,tensor(1.9279),tensor(1.2637),tensor(0.7444)
2806,2806,tensor(1.9279),tensor(1.2636),tensor(0.7444)
2807,2807,tensor(1.9278),tensor(1.2636),tensor(0.7444)
2808,2808,tensor(1.9278),tensor(1.2636),tensor(0.7444)
2809,2809,tensor(1.9278),tensor(1.2636),tensor(0.7444)
2810,2810,tensor(1.9278),tensor(1.2636),tensor(0.7444)
2811,2811,tensor(1.9278),tensor(1.2636),tensor(0.7444)
2812,2812,tensor(1.9277),tensor(1.2636),tensor(0.7444)
2813,2813,tensor(1.9277),tensor(1.2635),tensor(0.7444)
2814,2814,tensor(1.9277),tensor(1.2635),tensor(0.7444)
2815,2815,tensor(1.9277),tensor(1.2635),tensor(0.7444)
2816,2816,tensor(1.9277),tensor(1.2635),tensor(0.7444)
2817,2817,tensor(1.9276),tensor(1.2635),tensor(0.7444)
2818,2818,tensor(1.9276),tensor(1.2635),tensor(0.7444)
2819,2819,tensor(1.9276),tensor(1.2635),tensor(0.7444)
2820,2820,tensor(1.9276),tensor(1.2634),tensor(0.7444)
2821,2821,tensor(1.9276),tensor(1.2634),tensor(0.7444)
2822,2822,tensor(1.9275),tensor(1.2634),tensor(0.7444)
2823,2823,tensor(1.9275),tensor(1.2634),tensor(0.7444)
2824,2824,tensor(1.9275),tensor(1.2634),tensor(0.7443)
2825,2825,tensor(1.9275),tensor(1.2634),tensor(0.7443)
2826,2826,tensor(1.9275),tensor(1.2634),tensor(0.7443)
2827,2827,tensor(1.9274),tensor(1.2634),tensor(0.7443)
2828,2828,tensor(1.9274),tensor(1.2633),tensor(0.7443)
2829,2829,tensor(1.9274),tensor(1.2633),tensor(0.7443)
2830,2830,tensor(1.9274),tensor(1.2633),tensor(0.7443)
2831,2831,tensor(1.9274),tensor(1.2633),tensor(0.7443)
2832,2832,tensor(1.9273),tensor(1.2633),tensor(0.7443)
2833,2833,tensor(1.9273),tensor(1.2633),tensor(0.7443)
2834,2834,tensor(1.9273),tensor(1.2633),tensor(0.7443)
2835,2835,tensor(1.9273),tensor(1.2632),tensor(0.7443)
2836,2836,tensor(1.9273),tensor(1.2632),tensor(0.7443)
2837,2837,tensor(1.9273),tensor(1.2632),tensor(0.7443)
2838,2838,tensor(1.9272),tensor(1.2632),tensor(0.7443)
2839,2839,tensor(1.9272),tensor(1.2632),tensor(0.7443)
2840,2840,tensor(1.9272),tensor(1.2632),tensor(0.7443)
2841,2841,tensor(1.9272),tensor(1.2632),tensor(0.7443)
2842,2842,tensor(1.9272),tensor(1.2631),tensor(0.7443)
2843,2843,tensor(1.9271),tensor(1.2631),tensor(0.7443)
2844,2844,tensor(1.9271),tensor(1.2631),tensor(0.7443)
2845,2845,tensor(1.9271),tensor(1.2631),tensor(0.7443)
2846,2846,tensor(1.9271),tensor(1.2631),tensor(0.7443)
2847,2847,tensor(1.9271),tensor(1.2631),tensor(0.7443)
2848,2848,tensor(1.9270),tensor(1.2631),tensor(0.7443)
2849,2849,tensor(1.9270),tensor(1.2630),tensor(0.7442)
2850,2850,tensor(1.9270),tensor(1.2630),tensor(0.7442)
2851,2851,tensor(1.9270),tensor(1.2630),tensor(0.7442)
2852,2852,tensor(1.9270),tensor(1.2630),tensor(0.7442)
2853,2853,tensor(1.9269),tensor(1.2630),tensor(0.7442)
2854,2854,tensor(1.9269),tensor(1.2630),tensor(0.7442)
2855,2855,tensor(1.9269),tensor(1.2630),tensor(0.7442)
2856,2856,tensor(1.9269),tensor(1.2629),tensor(0.7442)
2857,2857,tensor(1.9269),tensor(1.2629),tensor(0.7442)
2858,2858,tensor(1.9268),tensor(1.2629),tensor(0.7442)
2859,2859,tensor(1.9268),tensor(1.2629),tensor(0.7442)
2860,2860,tensor(1.9268),tensor(1.2629),tensor(0.7442)
2861,2861,tensor(1.9268),tensor(1.2629),tensor(0.7442)
2862,2862,tensor(1.9268),tensor(1.2629),tensor(0.7442)
2863,2863,tensor(1.9267),tensor(1.2628),tensor(0.7442)
2864,2864,tensor(1.9267),tensor(1.2628),tensor(0.7442)
2865,2865,tensor(1.9267),tensor(1.2628),tensor(0.7442)
2866,2866,tensor(1.9267),tensor(1.2628),tensor(0.7442)
2867,2867,tensor(1.9267),tensor(1.2628),tensor(0.7442)
2868,2868,tensor(1.9267),tensor(1.2628),tensor(0.7442)
2869,2869,tensor(1.9266),tensor(1.2628),tensor(0.7442)
2870,2870,tensor(1.9266),tensor(1.2628),tensor(0.7442)
2871,2871,tensor(1.9266),tensor(1.2627),tensor(0.7442)
2872,2872,tensor(1.9266),tensor(1.2627),tensor(0.7442)
2873,2873,tensor(1.9266),tensor(1.2627),tensor(0.7441)
2874,2874,tensor(1.9265),tensor(1.2627),tensor(0.7441)
2875,2875,tensor(1.9265),tensor(1.2627),tensor(0.7441)
2876,2876,tensor(1.9265),tensor(1.2627),tensor(0.7441)
2877,2877,tensor(1.9265),tensor(1.2627),tensor(0.7441)
2878,2878,tensor(1.9265),tensor(1.2626),tensor(0.7441)
2879,2879,tensor(1.9264),tensor(1.2626),tensor(0.7441)
2880,2880,tensor(1.9264),tensor(1.2626),tensor(0.7441)
2881,2881,tensor(1.9264),tensor(1.2626),tensor(0.7441)
2882,2882,tensor(1.9264),tensor(1.2626),tensor(0.7441)
2883,2883,tensor(1.9264),tensor(1.2626),tensor(0.7441)
2884,2884,tensor(1.9263),tensor(1.2626),tensor(0.7441)
2885,2885,tensor(1.9263),tensor(1.2625),tensor(0.7441)
2886,2886,tensor(1.9263),tensor(1.2625),tensor(0.7441)
2887,2887,tensor(1.9263),tensor(1.2625),tensor(0.7441)
2888,2888,tensor(1.9263),tensor(1.2625),tensor(0.7441)
2889,2889,tensor(1.9262),tensor(1.2625),tensor(0.7441)
2890,2890,tensor(1.9262),tensor(1.2625),tensor(0.7441)
2891,2891,tensor(1.9262),tensor(1.2625),tensor(0.7441)
2892,2892,tensor(1.9262),tensor(1.2624),tensor(0.7441)
2893,2893,tensor(1.9262),tensor(1.2624),tensor(0.7441)
2894,2894,tensor(1.9262),tensor(1.2624),tensor(0.7441)
2895,2895,tensor(1.9261),tensor(1.2624),tensor(0.7441)
2896,2896,tensor(1.9261),tensor(1.2624),tensor(0.7441)
2897,2897,tensor(1.9261),tensor(1.2624),tensor(0.7441)
2898,2898,tensor(1.9261),tensor(1.2624),tensor(0.7440)
2899,2899,tensor(1.9261),tensor(1.2623),tensor(0.7440)
2900,2900,tensor(1.9260),tensor(1.2623),tensor(0.7440)
2901,2901,tensor(1.9260),tensor(1.2623),tensor(0.7440)
2902,2902,tensor(1.9260),tensor(1.2623),tensor(0.7440)
2903,2903,tensor(1.9260),tensor(1.2623),tensor(0.7440)
2904,2904,tensor(1.9260),tensor(1.2623),tensor(0.7440)
2905,2905,tensor(1.9259),tensor(1.2623),tensor(0.7440)
2906,2906,tensor(1.9259),tensor(1.2622),tensor(0.7440)
2907,2907,tensor(1.9259),tensor(1.2622),tensor(0.7440)
2908,2908,tensor(1.9259),tensor(1.2622),tensor(0.7440)
2909,2909,tensor(1.9259),tensor(1.2622),tensor(0.7440)
2910,2910,tensor(1.9258),tensor(1.2622),tensor(0.7440)
2911,2911,tensor(1.9258),tensor(1.2622),tensor(0.7440)
2912,2912,tensor(1.9258),tensor(1.2622),tensor(0.7440)
2913,2913,tensor(1.9258),tensor(1.2621),tensor(0.7440)
2914,2914,tensor(1.9258),tensor(1.2621),tensor(0.7440)
2915,2915,tensor(1.9257),tensor(1.2621),tensor(0.7440)
2916,2916,tensor(1.9257),tensor(1.2621),tensor(0.7440)
2917,2917,tensor(1.9257),tensor(1.2621),tensor(0.7440)
2918,2918,tensor(1.9257),tensor(1.2621),tensor(0.7440)
2919,2919,tensor(1.9257),tensor(1.2621),tensor(0.7440)
2920,2920,tensor(1.9257),tensor(1.2620),tensor(0.7440)
2921,2921,tensor(1.9256),tensor(1.2620),tensor(0.7440)
2922,2922,tensor(1.9256),tensor(1.2620),tensor(0.7440)
2923,2923,tensor(1.9256),tensor(1.2620),tensor(0.7439)
2924,2924,tensor(1.9256),tensor(1.2620),tensor(0.7439)
2925,2925,tensor(1.9256),tensor(1.2620),tensor(0.7439)
2926,2926,tensor(1.9255),tensor(1.2620),tensor(0.7439)
2927,2927,tensor(1.9255),tensor(1.2619),tensor(0.7439)
2928,2928,tensor(1.9255),tensor(1.2619),tensor(0.7439)
2929,2929,tensor(1.9255),tensor(1.2619),tensor(0.7439)
2930,2930,tensor(1.9255),tensor(1.2619),tensor(0.7439)
2931,2931,tensor(1.9254),tensor(1.2619),tensor(0.7439)
2932,2932,tensor(1.9254),tensor(1.2619),tensor(0.7439)
2933,2933,tensor(1.9254),tensor(1.2619),tensor(0.7439)
2934,2934,tensor(1.9254),tensor(1.2618),tensor(0.7439)
2935,2935,tensor(1.9254),tensor(1.2618),tensor(0.7439)
2936,2936,tensor(1.9253),tensor(1.2618),tensor(0.7439)
2937,2937,tensor(1.9253),tensor(1.2618),tensor(0.7439)
2938,2938,tensor(1.9253),tensor(1.2618),tensor(0.7439)
2939,2939,tensor(1.9253),tensor(1.2618),tensor(0.7439)
2940,2940,tensor(1.9253),tensor(1.2618),tensor(0.7439)
2941,2941,tensor(1.9253),tensor(1.2617),tensor(0.7439)
2942,2942,tensor(1.9252),tensor(1.2617),tensor(0.7439)
2943,2943,tensor(1.9252),tensor(1.2617),tensor(0.7439)
2944,2944,tensor(1.9252),tensor(1.2617),tensor(0.7439)
2945,2945,tensor(1.9252),tensor(1.2617),tensor(0.7439)
2946,2946,tensor(1.9252),tensor(1.2617),tensor(0.7439)
2947,2947,tensor(1.9251),tensor(1.2617),tensor(0.7438)
2948,2948,tensor(1.9251),tensor(1.2616),tensor(0.7438)
2949,2949,tensor(1.9251),tensor(1.2616),tensor(0.7438)
2950,2950,tensor(1.9251),tensor(1.2616),tensor(0.7438)
2951,2951,tensor(1.9251),tensor(1.2616),tensor(0.7438)
2952,2952,tensor(1.9250),tensor(1.2616),tensor(0.7438)
2953,2953,tensor(1.9250),tensor(1.2616),tensor(0.7438)
2954,2954,tensor(1.9250),tensor(1.2616),tensor(0.7438)
2955,2955,tensor(1.9250),tensor(1.2615),tensor(0.7438)
2956,2956,tensor(1.9250),tensor(1.2615),tensor(0.7438)
2957,2957,tensor(1.9249),tensor(1.2615),tensor(0.7438)
2958,2958,tensor(1.9249),tensor(1.2615),tensor(0.7438)
2959,2959,tensor(1.9249),tensor(1.2615),tensor(0.7438)
2960,2960,tensor(1.9249),tensor(1.2615),tensor(0.7438)
2961,2961,tensor(1.9249),tensor(1.2615),tensor(0.7438)
2962,2962,tensor(1.9249),tensor(1.2614),tensor(0.7438)
2963,2963,tensor(1.9248),tensor(1.2614),tensor(0.7438)
2964,2964,tensor(1.9248),tensor(1.2614),tensor(0.7438)
2965,2965,tensor(1.9248),tensor(1.2614),tensor(0.7438)
2966,2966,tensor(1.9248),tensor(1.2614),tensor(0.7438)
2967,2967,tensor(1.9248),tensor(1.2614),tensor(0.7438)
2968,2968,tensor(1.9247),tensor(1.2614),tensor(0.7438)
2969,2969,tensor(1.9247),tensor(1.2613),tensor(0.7438)
2970,2970,tensor(1.9247),tensor(1.2613),tensor(0.7438)
2971,2971,tensor(1.9247),tensor(1.2613),tensor(0.7438)
2972,2972,tensor(1.9247),tensor(1.2613),tensor(0.7437)
2973,2973,tensor(1.9246),tensor(1.2613),tensor(0.7437)
2974,2974,tensor(1.9246),tensor(1.2613),tensor(0.7437)
2975,2975,tensor(1.9246),tensor(1.2613),tensor(0.7437)
2976,2976,tensor(1.9246),tensor(1.2612),tensor(0.7437)
2977,2977,tensor(1.9246),tensor(1.2612),tensor(0.7437)
2978,2978,tensor(1.9245),tensor(1.2612),tensor(0.7437)
2979,2979,tensor(1.9245),tensor(1.2612),tensor(0.7437)
2980,2980,tensor(1.9245),tensor(1.2612),tensor(0.7437)
2981,2981,tensor(1.9245),tensor(1.2612),tensor(0.7437)
2982,2982,tensor(1.9245),tensor(1.2612),tensor(0.7437)
2983,2983,tensor(1.9245),tensor(1.2611),tensor(0.7437)
2984,2984,tensor(1.9244),tensor(1.2611),tensor(0.7437)
2985,2985,tensor(1.9244),tensor(1.2611),tensor(0.7437)
2986,2986,tensor(1.9244),tensor(1.2611),tensor(0.7437)
2987,2987,tensor(1.9244),tensor(1.2611),tensor(0.7437)
2988,2988,tensor(1.9244),tensor(1.2611),tensor(0.7437)
2989,2989,tensor(1.9243),tensor(1.2610),tensor(0.7437)
2990,2990,tensor(1.9243),tensor(1.2610),tensor(0.7437)
2991,2991,tensor(1.9243),tensor(1.2610),tensor(0.7437)
2992,2992,tensor(1.9243),tensor(1.2610),tensor(0.7437)
2993,2993,tensor(1.9243),tensor(1.2610),tensor(0.7437)
2994,2994,tensor(1.9242),tensor(1.2610),tensor(0.7437)
2995,2995,tensor(1.9242),tensor(1.2610),tensor(0.7437)
2996,2996,tensor(1.9242),tensor(1.2609),tensor(0.7437)
2997,2997,tensor(1.9242),tensor(1.2609),tensor(0.7436)
2998,2998,tensor(1.9242),tensor(1.2609),tensor(0.7436)
2999,2999,tensor(1.9242),tensor(1.2609),tensor(0.7436)
3000,3000,tensor(1.9241),tensor(1.2609),tensor(0.7436)
3001,3001,tensor(1.9241),tensor(1.2609),tensor(0.7436)
3002,3002,tensor(1.9241),tensor(1.2609),tensor(0.7436)
3003,3003,tensor(1.9241),tensor(1.2608),tensor(0.7436)
3004,3004,tensor(1.9241),tensor(1.2608),tensor(0.7436)
3005,3005,tensor(1.9240),tensor(1.2608),tensor(0.7436)
3006,3006,tensor(1.9240),tensor(1.2608),tensor(0.7436)
3007,3007,tensor(1.9240),tensor(1.2608),tensor(0.7436)
3008,3008,tensor(1.9240),tensor(1.2608),tensor(0.7436)
3009,3009,tensor(1.9240),tensor(1.2608),tensor(0.7436)
3010,3010,tensor(1.9239),tensor(1.2607),tensor(0.7436)
3011,3011,tensor(1.9239),tensor(1.2607),tensor(0.7436)
3012,3012,tensor(1.9239),tensor(1.2607),tensor(0.7436)
3013,3013,tensor(1.9239),tensor(1.2607),tensor(0.7436)
3014,3014,tensor(1.9239),tensor(1.2607),tensor(0.7436)
3015,3015,tensor(1.9238),tensor(1.2607),tensor(0.7436)
3016,3016,tensor(1.9238),tensor(1.2607),tensor(0.7436)
3017,3017,tensor(1.9238),tensor(1.2606),tensor(0.7436)
3018,3018,tensor(1.9238),tensor(1.2606),tensor(0.7436)
3019,3019,tensor(1.9238),tensor(1.2606),tensor(0.7436)
3020,3020,tensor(1.9238),tensor(1.2606),tensor(0.7436)
3021,3021,tensor(1.9237),tensor(1.2606),tensor(0.7435)
3022,3022,tensor(1.9237),tensor(1.2606),tensor(0.7435)
3023,3023,tensor(1.9237),tensor(1.2606),tensor(0.7435)
3024,3024,tensor(1.9237),tensor(1.2605),tensor(0.7435)
3025,3025,tensor(1.9237),tensor(1.2605),tensor(0.7435)
3026,3026,tensor(1.9236),tensor(1.2605),tensor(0.7435)
3027,3027,tensor(1.9236),tensor(1.2605),tensor(0.7435)
3028,3028,tensor(1.9236),tensor(1.2605),tensor(0.7435)
3029,3029,tensor(1.9236),tensor(1.2605),tensor(0.7435)
3030,3030,tensor(1.9236),tensor(1.2605),tensor(0.7435)
3031,3031,tensor(1.9235),tensor(1.2604),tensor(0.7435)
3032,3032,tensor(1.9235),tensor(1.2604),tensor(0.7435)
3033,3033,tensor(1.9235),tensor(1.2604),tensor(0.7435)
3034,3034,tensor(1.9235),tensor(1.2604),tensor(0.7435)
3035,3035,tensor(1.9235),tensor(1.2604),tensor(0.7435)
3036,3036,tensor(1.9235),tensor(1.2604),tensor(0.7435)
3037,3037,tensor(1.9234),tensor(1.2603),tensor(0.7435)
3038,3038,tensor(1.9234),tensor(1.2603),tensor(0.7435)
3039,3039,tensor(1.9234),tensor(1.2603),tensor(0.7435)
3040,3040,tensor(1.9234),tensor(1.2603),tensor(0.7435)
3041,3041,tensor(1.9234),tensor(1.2603),tensor(0.7435)
3042,3042,tensor(1.9233),tensor(1.2603),tensor(0.7435)
3043,3043,tensor(1.9233),tensor(1.2603),tensor(0.7435)
3044,3044,tensor(1.9233),tensor(1.2602),tensor(0.7435)
3045,3045,tensor(1.9233),tensor(1.2602),tensor(0.7435)
3046,3046,tensor(1.9233),tensor(1.2602),tensor(0.7434)
3047,3047,tensor(1.9233),tensor(1.2602),tensor(0.7434)
3048,3048,tensor(1.9232),tensor(1.2602),tensor(0.7434)
3049,3049,tensor(1.9232),tensor(1.2602),tensor(0.7434)
3050,3050,tensor(1.9232),tensor(1.2602),tensor(0.7434)
3051,3051,tensor(1.9232),tensor(1.2601),tensor(0.7434)
3052,3052,tensor(1.9232),tensor(1.2601),tensor(0.7434)
3053,3053,tensor(1.9231),tensor(1.2601),tensor(0.7434)
3054,3054,tensor(1.9231),tensor(1.2601),tensor(0.7434)
3055,3055,tensor(1.9231),tensor(1.2601),tensor(0.7434)
3056,3056,tensor(1.9231),tensor(1.2601),tensor(0.7434)
3057,3057,tensor(1.9231),tensor(1.2601),tensor(0.7434)
3058,3058,tensor(1.9230),tensor(1.2600),tensor(0.7434)
3059,3059,tensor(1.9230),tensor(1.2600),tensor(0.7434)
3060,3060,tensor(1.9230),tensor(1.2600),tensor(0.7434)
3061,3061,tensor(1.9230),tensor(1.2600),tensor(0.7434)
3062,3062,tensor(1.9230),tensor(1.2600),tensor(0.7434)
3063,3063,tensor(1.9230),tensor(1.2600),tensor(0.7434)
3064,3064,tensor(1.9229),tensor(1.2600),tensor(0.7434)
3065,3065,tensor(1.9229),tensor(1.2599),tensor(0.7434)
3066,3066,tensor(1.9229),tensor(1.2599),tensor(0.7434)
3067,3067,tensor(1.9229),tensor(1.2599),tensor(0.7434)
3068,3068,tensor(1.9229),tensor(1.2599),tensor(0.7434)
3069,3069,tensor(1.9228),tensor(1.2599),tensor(0.7434)
3070,3070,tensor(1.9228),tensor(1.2599),tensor(0.7434)
3071,3071,tensor(1.9228),tensor(1.2598),tensor(0.7433)
3072,3072,tensor(1.9228),tensor(1.2598),tensor(0.7433)
3073,3073,tensor(1.9228),tensor(1.2598),tensor(0.7433)
3074,3074,tensor(1.9227),tensor(1.2598),tensor(0.7433)
3075,3075,tensor(1.9227),tensor(1.2598),tensor(0.7433)
3076,3076,tensor(1.9227),tensor(1.2598),tensor(0.7433)
3077,3077,tensor(1.9227),tensor(1.2598),tensor(0.7433)
3078,3078,tensor(1.9227),tensor(1.2597),tensor(0.7433)
3079,3079,tensor(1.9227),tensor(1.2597),tensor(0.7433)
3080,3080,tensor(1.9226),tensor(1.2597),tensor(0.7433)
3081,3081,tensor(1.9226),tensor(1.2597),tensor(0.7433)
3082,3082,tensor(1.9226),tensor(1.2597),tensor(0.7433)
3083,3083,tensor(1.9226),tensor(1.2597),tensor(0.7433)
3084,3084,tensor(1.9226),tensor(1.2597),tensor(0.7433)
3085,3085,tensor(1.9225),tensor(1.2596),tensor(0.7433)
3086,3086,tensor(1.9225),tensor(1.2596),tensor(0.7433)
3087,3087,tensor(1.9225),tensor(1.2596),tensor(0.7433)
3088,3088,tensor(1.9225),tensor(1.2596),tensor(0.7433)
3089,3089,tensor(1.9225),tensor(1.2596),tensor(0.7433)
3090,3090,tensor(1.9225),tensor(1.2596),tensor(0.7433)
3091,3091,tensor(1.9224),tensor(1.2596),tensor(0.7433)
3092,3092,tensor(1.9224),tensor(1.2595),tensor(0.7433)
3093,3093,tensor(1.9224),tensor(1.2595),tensor(0.7433)
3094,3094,tensor(1.9224),tensor(1.2595),tensor(0.7433)
3095,3095,tensor(1.9224),tensor(1.2595),tensor(0.7433)
3096,3096,tensor(1.9223),tensor(1.2595),tensor(0.7432)
3097,3097,tensor(1.9223),tensor(1.2595),tensor(0.7432)
3098,3098,tensor(1.9223),tensor(1.2594),tensor(0.7432)
3099,3099,tensor(1.9223),tensor(1.2594),tensor(0.7432)
3100,3100,tensor(1.9223),tensor(1.2594),tensor(0.7432)
3101,3101,tensor(1.9223),tensor(1.2594),tensor(0.7432)
3102,3102,tensor(1.9222),tensor(1.2594),tensor(0.7432)
3103,3103,tensor(1.9222),tensor(1.2594),tensor(0.7432)
3104,3104,tensor(1.9222),tensor(1.2594),tensor(0.7432)
3105,3105,tensor(1.9222),tensor(1.2593),tensor(0.7432)
3106,3106,tensor(1.9222),tensor(1.2593),tensor(0.7432)
3107,3107,tensor(1.9221),tensor(1.2593),tensor(0.7432)
3108,3108,tensor(1.9221),tensor(1.2593),tensor(0.7432)
3109,3109,tensor(1.9221),tensor(1.2593),tensor(0.7432)
3110,3110,tensor(1.9221),tensor(1.2593),tensor(0.7432)
3111,3111,tensor(1.9221),tensor(1.2593),tensor(0.7432)
3112,3112,tensor(1.9220),tensor(1.2592),tensor(0.7432)
3113,3113,tensor(1.9220),tensor(1.2592),tensor(0.7432)
3114,3114,tensor(1.9220),tensor(1.2592),tensor(0.7432)
3115,3115,tensor(1.9220),tensor(1.2592),tensor(0.7432)
3116,3116,tensor(1.9220),tensor(1.2592),tensor(0.7432)
3117,3117,tensor(1.9220),tensor(1.2592),tensor(0.7432)
3118,3118,tensor(1.9219),tensor(1.2592),tensor(0.7432)
3119,3119,tensor(1.9219),tensor(1.2591),tensor(0.7432)
3120,3120,tensor(1.9219),tensor(1.2591),tensor(0.7431)
3121,3121,tensor(1.9219),tensor(1.2591),tensor(0.7431)
3122,3122,tensor(1.9219),tensor(1.2591),tensor(0.7431)
3123,3123,tensor(1.9218),tensor(1.2591),tensor(0.7431)
3124,3124,tensor(1.9218),tensor(1.2591),tensor(0.7431)
3125,3125,tensor(1.9218),tensor(1.2590),tensor(0.7431)
3126,3126,tensor(1.9218),tensor(1.2590),tensor(0.7431)
3127,3127,tensor(1.9218),tensor(1.2590),tensor(0.7431)
3128,3128,tensor(1.9218),tensor(1.2590),tensor(0.7431)
3129,3129,tensor(1.9217),tensor(1.2590),tensor(0.7431)
3130,3130,tensor(1.9217),tensor(1.2590),tensor(0.7431)
3131,3131,tensor(1.9217),tensor(1.2590),tensor(0.7431)
3132,3132,tensor(1.9217),tensor(1.2589),tensor(0.7431)
3133,3133,tensor(1.9217),tensor(1.2589),tensor(0.7431)
3134,3134,tensor(1.9216),tensor(1.2589),tensor(0.7431)
3135,3135,tensor(1.9216),tensor(1.2589),tensor(0.7431)
3136,3136,tensor(1.9216),tensor(1.2589),tensor(0.7431)
3137,3137,tensor(1.9216),tensor(1.2589),tensor(0.7431)
3138,3138,tensor(1.9216),tensor(1.2589),tensor(0.7431)
3139,3139,tensor(1.9216),tensor(1.2588),tensor(0.7431)
3140,3140,tensor(1.9215),tensor(1.2588),tensor(0.7431)
3141,3141,tensor(1.9215),tensor(1.2588),tensor(0.7431)
3142,3142,tensor(1.9215),tensor(1.2588),tensor(0.7431)
3143,3143,tensor(1.9215),tensor(1.2588),tensor(0.7431)
3144,3144,tensor(1.9215),tensor(1.2588),tensor(0.7431)
3145,3145,tensor(1.9214),tensor(1.2588),tensor(0.7430)
3146,3146,tensor(1.9214),tensor(1.2587),tensor(0.7430)
3147,3147,tensor(1.9214),tensor(1.2587),tensor(0.7430)
3148,3148,tensor(1.9214),tensor(1.2587),tensor(0.7430)
3149,3149,tensor(1.9214),tensor(1.2587),tensor(0.7430)
3150,3150,tensor(1.9214),tensor(1.2587),tensor(0.7430)
3151,3151,tensor(1.9213),tensor(1.2587),tensor(0.7430)
3152,3152,tensor(1.9213),tensor(1.2586),tensor(0.7430)
3153,3153,tensor(1.9213),tensor(1.2586),tensor(0.7430)
3154,3154,tensor(1.9213),tensor(1.2586),tensor(0.7430)
3155,3155,tensor(1.9213),tensor(1.2586),tensor(0.7430)
3156,3156,tensor(1.9212),tensor(1.2586),tensor(0.7430)
3157,3157,tensor(1.9212),tensor(1.2586),tensor(0.7430)
3158,3158,tensor(1.9212),tensor(1.2586),tensor(0.7430)
3159,3159,tensor(1.9212),tensor(1.2585),tensor(0.7430)
3160,3160,tensor(1.9212),tensor(1.2585),tensor(0.7430)
3161,3161,tensor(1.9212),tensor(1.2585),tensor(0.7430)
3162,3162,tensor(1.9211),tensor(1.2585),tensor(0.7430)
3163,3163,tensor(1.9211),tensor(1.2585),tensor(0.7430)
3164,3164,tensor(1.9211),tensor(1.2585),tensor(0.7430)
3165,3165,tensor(1.9211),tensor(1.2585),tensor(0.7430)
3166,3166,tensor(1.9211),tensor(1.2584),tensor(0.7430)
3167,3167,tensor(1.9211),tensor(1.2584),tensor(0.7430)
3168,3168,tensor(1.9210),tensor(1.2584),tensor(0.7430)
3169,3169,tensor(1.9210),tensor(1.2584),tensor(0.7430)
3170,3170,tensor(1.9210),tensor(1.2584),tensor(0.7429)
3171,3171,tensor(1.9210),tensor(1.2584),tensor(0.7429)
3172,3172,tensor(1.9210),tensor(1.2583),tensor(0.7429)
3173,3173,tensor(1.9209),tensor(1.2583),tensor(0.7429)
3174,3174,tensor(1.9209),tensor(1.2583),tensor(0.7429)
3175,3175,tensor(1.9209),tensor(1.2583),tensor(0.7429)
3176,3176,tensor(1.9209),tensor(1.2583),tensor(0.7429)
3177,3177,tensor(1.9209),tensor(1.2583),tensor(0.7429)
3178,3178,tensor(1.9209),tensor(1.2583),tensor(0.7429)
3179,3179,tensor(1.9208),tensor(1.2582),tensor(0.7429)
3180,3180,tensor(1.9208),tensor(1.2582),tensor(0.7429)
3181,3181,tensor(1.9208),tensor(1.2582),tensor(0.7429)
3182,3182,tensor(1.9208),tensor(1.2582),tensor(0.7429)
3183,3183,tensor(1.9208),tensor(1.2582),tensor(0.7429)
3184,3184,tensor(1.9207),tensor(1.2582),tensor(0.7429)
3185,3185,tensor(1.9207),tensor(1.2582),tensor(0.7429)
3186,3186,tensor(1.9207),tensor(1.2581),tensor(0.7429)
3187,3187,tensor(1.9207),tensor(1.2581),tensor(0.7429)
3188,3188,tensor(1.9207),tensor(1.2581),tensor(0.7429)
3189,3189,tensor(1.9207),tensor(1.2581),tensor(0.7429)
3190,3190,tensor(1.9206),tensor(1.2581),tensor(0.7429)
3191,3191,tensor(1.9206),tensor(1.2581),tensor(0.7429)
3192,3192,tensor(1.9206),tensor(1.2580),tensor(0.7429)
3193,3193,tensor(1.9206),tensor(1.2580),tensor(0.7429)
3194,3194,tensor(1.9206),tensor(1.2580),tensor(0.7429)
3195,3195,tensor(1.9206),tensor(1.2580),tensor(0.7428)
3196,3196,tensor(1.9205),tensor(1.2580),tensor(0.7428)
3197,3197,tensor(1.9205),tensor(1.2580),tensor(0.7428)
3198,3198,tensor(1.9205),tensor(1.2580),tensor(0.7428)
3199,3199,tensor(1.9205),tensor(1.2579),tensor(0.7428)
3200,3200,tensor(1.9205),tensor(1.2579),tensor(0.7428)
3201,3201,tensor(1.9204),tensor(1.2579),tensor(0.7428)
3202,3202,tensor(1.9204),tensor(1.2579),tensor(0.7428)
3203,3203,tensor(1.9204),tensor(1.2579),tensor(0.7428)
3204,3204,tensor(1.9204),tensor(1.2579),tensor(0.7428)
3205,3205,tensor(1.9204),tensor(1.2579),tensor(0.7428)
3206,3206,tensor(1.9204),tensor(1.2578),tensor(0.7428)
3207,3207,tensor(1.9203),tensor(1.2578),tensor(0.7428)
3208,3208,tensor(1.9203),tensor(1.2578),tensor(0.7428)
3209,3209,tensor(1.9203),tensor(1.2578),tensor(0.7428)
3210,3210,tensor(1.9203),tensor(1.2578),tensor(0.7428)
3211,3211,tensor(1.9203),tensor(1.2578),tensor(0.7428)
3212,3212,tensor(1.9203),tensor(1.2577),tensor(0.7428)
3213,3213,tensor(1.9202),tensor(1.2577),tensor(0.7428)
3214,3214,tensor(1.9202),tensor(1.2577),tensor(0.7428)
3215,3215,tensor(1.9202),tensor(1.2577),tensor(0.7428)
3216,3216,tensor(1.9202),tensor(1.2577),tensor(0.7428)
3217,3217,tensor(1.9202),tensor(1.2577),tensor(0.7428)
3218,3218,tensor(1.9201),tensor(1.2577),tensor(0.7428)
3219,3219,tensor(1.9201),tensor(1.2576),tensor(0.7428)
3220,3220,tensor(1.9201),tensor(1.2576),tensor(0.7427)
3221,3221,tensor(1.9201),tensor(1.2576),tensor(0.7427)
3222,3222,tensor(1.9201),tensor(1.2576),tensor(0.7427)
3223,3223,tensor(1.9201),tensor(1.2576),tensor(0.7427)
3224,3224,tensor(1.9200),tensor(1.2576),tensor(0.7427)
3225,3225,tensor(1.9200),tensor(1.2576),tensor(0.7427)
3226,3226,tensor(1.9200),tensor(1.2575),tensor(0.7427)
3227,3227,tensor(1.9200),tensor(1.2575),tensor(0.7427)
3228,3228,tensor(1.9200),tensor(1.2575),tensor(0.7427)
3229,3229,tensor(1.9200),tensor(1.2575),tensor(0.7427)
3230,3230,tensor(1.9199),tensor(1.2575),tensor(0.7427)
3231,3231,tensor(1.9199),tensor(1.2575),tensor(0.7427)
3232,3232,tensor(1.9199),tensor(1.2574),tensor(0.7427)
3233,3233,tensor(1.9199),tensor(1.2574),tensor(0.7427)
3234,3234,tensor(1.9199),tensor(1.2574),tensor(0.7427)
3235,3235,tensor(1.9198),tensor(1.2574),tensor(0.7427)
3236,3236,tensor(1.9198),tensor(1.2574),tensor(0.7427)
3237,3237,tensor(1.9198),tensor(1.2574),tensor(0.7427)
3238,3238,tensor(1.9198),tensor(1.2574),tensor(0.7427)
3239,3239,tensor(1.9198),tensor(1.2573),tensor(0.7427)
3240,3240,tensor(1.9198),tensor(1.2573),tensor(0.7427)
3241,3241,tensor(1.9197),tensor(1.2573),tensor(0.7427)
3242,3242,tensor(1.9197),tensor(1.2573),tensor(0.7427)
3243,3243,tensor(1.9197),tensor(1.2573),tensor(0.7427)
3244,3244,tensor(1.9197),tensor(1.2573),tensor(0.7427)
3245,3245,tensor(1.9197),tensor(1.2573),tensor(0.7427)
3246,3246,tensor(1.9197),tensor(1.2572),tensor(0.7426)
3247,3247,tensor(1.9196),tensor(1.2572),tensor(0.7426)
3248,3248,tensor(1.9196),tensor(1.2572),tensor(0.7426)
3249,3249,tensor(1.9196),tensor(1.2572),tensor(0.7426)
3250,3250,tensor(1.9196),tensor(1.2572),tensor(0.7426)
3251,3251,tensor(1.9196),tensor(1.2572),tensor(0.7426)
3252,3252,tensor(1.9195),tensor(1.2571),tensor(0.7426)
3253,3253,tensor(1.9195),tensor(1.2571),tensor(0.7426)
3254,3254,tensor(1.9195),tensor(1.2571),tensor(0.7426)
3255,3255,tensor(1.9195),tensor(1.2571),tensor(0.7426)
3256,3256,tensor(1.9195),tensor(1.2571),tensor(0.7426)
3257,3257,tensor(1.9195),tensor(1.2571),tensor(0.7426)
3258,3258,tensor(1.9194),tensor(1.2571),tensor(0.7426)
3259,3259,tensor(1.9194),tensor(1.2570),tensor(0.7426)
3260,3260,tensor(1.9194),tensor(1.2570),tensor(0.7426)
3261,3261,tensor(1.9194),tensor(1.2570),tensor(0.7426)
3262,3262,tensor(1.9194),tensor(1.2570),tensor(0.7426)
3263,3263,tensor(1.9194),tensor(1.2570),tensor(0.7426)
3264,3264,tensor(1.9193),tensor(1.2570),tensor(0.7426)
3265,3265,tensor(1.9193),tensor(1.2570),tensor(0.7426)
3266,3266,tensor(1.9193),tensor(1.2569),tensor(0.7426)
3267,3267,tensor(1.9193),tensor(1.2569),tensor(0.7426)
3268,3268,tensor(1.9193),tensor(1.2569),tensor(0.7426)
3269,3269,tensor(1.9193),tensor(1.2569),tensor(0.7426)
3270,3270,tensor(1.9192),tensor(1.2569),tensor(0.7426)
3271,3271,tensor(1.9192),tensor(1.2569),tensor(0.7425)
3272,3272,tensor(1.9192),tensor(1.2568),tensor(0.7425)
3273,3273,tensor(1.9192),tensor(1.2568),tensor(0.7425)
3274,3274,tensor(1.9192),tensor(1.2568),tensor(0.7425)
3275,3275,tensor(1.9192),tensor(1.2568),tensor(0.7425)
3276,3276,tensor(1.9191),tensor(1.2568),tensor(0.7425)
3277,3277,tensor(1.9191),tensor(1.2568),tensor(0.7425)
3278,3278,tensor(1.9191),tensor(1.2568),tensor(0.7425)
3279,3279,tensor(1.9191),tensor(1.2567),tensor(0.7425)
3280,3280,tensor(1.9191),tensor(1.2567),tensor(0.7425)
3281,3281,tensor(1.9190),tensor(1.2567),tensor(0.7425)
3282,3282,tensor(1.9190),tensor(1.2567),tensor(0.7425)
3283,3283,tensor(1.9190),tensor(1.2567),tensor(0.7425)
3284,3284,tensor(1.9190),tensor(1.2567),tensor(0.7425)
3285,3285,tensor(1.9190),tensor(1.2566),tensor(0.7425)
3286,3286,tensor(1.9190),tensor(1.2566),tensor(0.7425)
3287,3287,tensor(1.9189),tensor(1.2566),tensor(0.7425)
3288,3288,tensor(1.9189),tensor(1.2566),tensor(0.7425)
3289,3289,tensor(1.9189),tensor(1.2566),tensor(0.7425)
3290,3290,tensor(1.9189),tensor(1.2566),tensor(0.7425)
3291,3291,tensor(1.9189),tensor(1.2566),tensor(0.7425)
3292,3292,tensor(1.9189),tensor(1.2565),tensor(0.7425)
3293,3293,tensor(1.9188),tensor(1.2565),tensor(0.7425)
3294,3294,tensor(1.9188),tensor(1.2565),tensor(0.7425)
3295,3295,tensor(1.9188),tensor(1.2565),tensor(0.7425)
3296,3296,tensor(1.9188),tensor(1.2565),tensor(0.7424)
3297,3297,tensor(1.9188),tensor(1.2565),tensor(0.7424)
3298,3298,tensor(1.9188),tensor(1.2565),tensor(0.7424)
3299,3299,tensor(1.9187),tensor(1.2564),tensor(0.7424)
3300,3300,tensor(1.9187),tensor(1.2564),tensor(0.7424)
3301,3301,tensor(1.9187),tensor(1.2564),tensor(0.7424)
3302,3302,tensor(1.9187),tensor(1.2564),tensor(0.7424)
3303,3303,tensor(1.9187),tensor(1.2564),tensor(0.7424)
3304,3304,tensor(1.9187),tensor(1.2564),tensor(0.7424)
3305,3305,tensor(1.9186),tensor(1.2563),tensor(0.7424)
3306,3306,tensor(1.9186),tensor(1.2563),tensor(0.7424)
3307,3307,tensor(1.9186),tensor(1.2563),tensor(0.7424)
3308,3308,tensor(1.9186),tensor(1.2563),tensor(0.7424)
3309,3309,tensor(1.9186),tensor(1.2563),tensor(0.7424)
3310,3310,tensor(1.9186),tensor(1.2563),tensor(0.7424)
3311,3311,tensor(1.9185),tensor(1.2563),tensor(0.7424)
3312,3312,tensor(1.9185),tensor(1.2562),tensor(0.7424)
3313,3313,tensor(1.9185),tensor(1.2562),tensor(0.7424)
3314,3314,tensor(1.9185),tensor(1.2562),tensor(0.7424)
3315,3315,tensor(1.9185),tensor(1.2562),tensor(0.7424)
3316,3316,tensor(1.9185),tensor(1.2562),tensor(0.7424)
3317,3317,tensor(1.9184),tensor(1.2562),tensor(0.7424)
3318,3318,tensor(1.9184),tensor(1.2562),tensor(0.7424)
3319,3319,tensor(1.9184),tensor(1.2561),tensor(0.7424)
3320,3320,tensor(1.9184),tensor(1.2561),tensor(0.7424)
3321,3321,tensor(1.9184),tensor(1.2561),tensor(0.7424)
3322,3322,tensor(1.9184),tensor(1.2561),tensor(0.7423)
3323,3323,tensor(1.9183),tensor(1.2561),tensor(0.7423)
3324,3324,tensor(1.9183),tensor(1.2561),tensor(0.7423)
3325,3325,tensor(1.9183),tensor(1.2560),tensor(0.7423)
3326,3326,tensor(1.9183),tensor(1.2560),tensor(0.7423)
3327,3327,tensor(1.9183),tensor(1.2560),tensor(0.7423)
3328,3328,tensor(1.9182),tensor(1.2560),tensor(0.7423)
3329,3329,tensor(1.9182),tensor(1.2560),tensor(0.7423)
3330,3330,tensor(1.9182),tensor(1.2560),tensor(0.7423)
3331,3331,tensor(1.9182),tensor(1.2560),tensor(0.7423)
3332,3332,tensor(1.9182),tensor(1.2559),tensor(0.7423)
3333,3333,tensor(1.9182),tensor(1.2559),tensor(0.7423)
3334,3334,tensor(1.9181),tensor(1.2559),tensor(0.7423)
3335,3335,tensor(1.9181),tensor(1.2559),tensor(0.7423)
3336,3336,tensor(1.9181),tensor(1.2559),tensor(0.7423)
3337,3337,tensor(1.9181),tensor(1.2559),tensor(0.7423)
3338,3338,tensor(1.9181),tensor(1.2559),tensor(0.7423)
3339,3339,tensor(1.9181),tensor(1.2558),tensor(0.7423)
3340,3340,tensor(1.9180),tensor(1.2558),tensor(0.7423)
3341,3341,tensor(1.9180),tensor(1.2558),tensor(0.7423)
3342,3342,tensor(1.9180),tensor(1.2558),tensor(0.7423)
3343,3343,tensor(1.9180),tensor(1.2558),tensor(0.7423)
3344,3344,tensor(1.9180),tensor(1.2558),tensor(0.7423)
3345,3345,tensor(1.9180),tensor(1.2557),tensor(0.7423)
3346,3346,tensor(1.9179),tensor(1.2557),tensor(0.7423)
3347,3347,tensor(1.9179),tensor(1.2557),tensor(0.7423)
3348,3348,tensor(1.9179),tensor(1.2557),tensor(0.7422)
3349,3349,tensor(1.9179),tensor(1.2557),tensor(0.7422)
3350,3350,tensor(1.9179),tensor(1.2557),tensor(0.7422)
3351,3351,tensor(1.9179),tensor(1.2557),tensor(0.7422)
3352,3352,tensor(1.9178),tensor(1.2556),tensor(0.7422)
3353,3353,tensor(1.9178),tensor(1.2556),tensor(0.7422)
3354,3354,tensor(1.9178),tensor(1.2556),tensor(0.7422)
3355,3355,tensor(1.9178),tensor(1.2556),tensor(0.7422)
3356,3356,tensor(1.9178),tensor(1.2556),tensor(0.7422)
3357,3357,tensor(1.9178),tensor(1.2556),tensor(0.7422)
3358,3358,tensor(1.9177),tensor(1.2555),tensor(0.7422)
3359,3359,tensor(1.9177),tensor(1.2555),tensor(0.7422)
3360,3360,tensor(1.9177),tensor(1.2555),tensor(0.7422)
3361,3361,tensor(1.9177),tensor(1.2555),tensor(0.7422)
3362,3362,tensor(1.9177),tensor(1.2555),tensor(0.7422)
3363,3363,tensor(1.9177),tensor(1.2555),tensor(0.7422)
3364,3364,tensor(1.9177),tensor(1.2555),tensor(0.7422)
3365,3365,tensor(1.9176),tensor(1.2554),tensor(0.7422)
3366,3366,tensor(1.9176),tensor(1.2554),tensor(0.7422)
3367,3367,tensor(1.9176),tensor(1.2554),tensor(0.7422)
3368,3368,tensor(1.9176),tensor(1.2554),tensor(0.7422)
3369,3369,tensor(1.9176),tensor(1.2554),tensor(0.7422)
3370,3370,tensor(1.9176),tensor(1.2554),tensor(0.7422)
3371,3371,tensor(1.9175),tensor(1.2554),tensor(0.7422)
3372,3372,tensor(1.9175),tensor(1.2553),tensor(0.7422)
3373,3373,tensor(1.9175),tensor(1.2553),tensor(0.7422)
3374,3374,tensor(1.9175),tensor(1.2553),tensor(0.7421)
3375,3375,tensor(1.9175),tensor(1.2553),tensor(0.7421)
3376,3376,tensor(1.9175),tensor(1.2553),tensor(0.7421)
3377,3377,tensor(1.9174),tensor(1.2553),tensor(0.7421)
3378,3378,tensor(1.9174),tensor(1.2552),tensor(0.7421)
3379,3379,tensor(1.9174),tensor(1.2552),tensor(0.7421)
3380,3380,tensor(1.9174),tensor(1.2552),tensor(0.7421)
3381,3381,tensor(1.9174),tensor(1.2552),tensor(0.7421)
3382,3382,tensor(1.9174),tensor(1.2552),tensor(0.7421)
3383,3383,tensor(1.9173),tensor(1.2552),tensor(0.7421)
3384,3384,tensor(1.9173),tensor(1.2552),tensor(0.7421)
3385,3385,tensor(1.9173),tensor(1.2551),tensor(0.7421)
3386,3386,tensor(1.9173),tensor(1.2551),tensor(0.7421)
3387,3387,tensor(1.9173),tensor(1.2551),tensor(0.7421)
3388,3388,tensor(1.9173),tensor(1.2551),tensor(0.7421)
3389,3389,tensor(1.9172),tensor(1.2551),tensor(0.7421)
3390,3390,tensor(1.9172),tensor(1.2551),tensor(0.7421)
3391,3391,tensor(1.9172),tensor(1.2551),tensor(0.7421)
3392,3392,tensor(1.9172),tensor(1.2550),tensor(0.7421)
3393,3393,tensor(1.9172),tensor(1.2550),tensor(0.7421)
3394,3394,tensor(1.9172),tensor(1.2550),tensor(0.7421)
3395,3395,tensor(1.9171),tensor(1.2550),tensor(0.7421)
3396,3396,tensor(1.9171),tensor(1.2550),tensor(0.7421)
3397,3397,tensor(1.9171),tensor(1.2550),tensor(0.7421)
3398,3398,tensor(1.9171),tensor(1.2549),tensor(0.7421)
3399,3399,tensor(1.9171),tensor(1.2549),tensor(0.7421)
3400,3400,tensor(1.9171),tensor(1.2549),tensor(0.7420)
3401,3401,tensor(1.9170),tensor(1.2549),tensor(0.7420)
3402,3402,tensor(1.9170),tensor(1.2549),tensor(0.7420)
3403,3403,tensor(1.9170),tensor(1.2549),tensor(0.7420)
3404,3404,tensor(1.9170),tensor(1.2549),tensor(0.7420)
3405,3405,tensor(1.9170),tensor(1.2548),tensor(0.7420)
3406,3406,tensor(1.9170),tensor(1.2548),tensor(0.7420)
3407,3407,tensor(1.9169),tensor(1.2548),tensor(0.7420)
3408,3408,tensor(1.9169),tensor(1.2548),tensor(0.7420)
3409,3409,tensor(1.9169),tensor(1.2548),tensor(0.7420)
3410,3410,tensor(1.9169),tensor(1.2548),tensor(0.7420)
3411,3411,tensor(1.9169),tensor(1.2548),tensor(0.7420)
3412,3412,tensor(1.9169),tensor(1.2547),tensor(0.7420)
3413,3413,tensor(1.9169),tensor(1.2547),tensor(0.7420)
3414,3414,tensor(1.9168),tensor(1.2547),tensor(0.7420)
3415,3415,tensor(1.9168),tensor(1.2547),tensor(0.7420)
3416,3416,tensor(1.9168),tensor(1.2547),tensor(0.7420)
3417,3417,tensor(1.9168),tensor(1.2547),tensor(0.7420)
3418,3418,tensor(1.9168),tensor(1.2546),tensor(0.7420)
3419,3419,tensor(1.9168),tensor(1.2546),tensor(0.7420)
3420,3420,tensor(1.9167),tensor(1.2546),tensor(0.7420)
3421,3421,tensor(1.9167),tensor(1.2546),tensor(0.7420)
3422,3422,tensor(1.9167),tensor(1.2546),tensor(0.7420)
3423,3423,tensor(1.9167),tensor(1.2546),tensor(0.7420)
3424,3424,tensor(1.9167),tensor(1.2546),tensor(0.7420)
3425,3425,tensor(1.9167),tensor(1.2545),tensor(0.7420)
3426,3426,tensor(1.9166),tensor(1.2545),tensor(0.7419)
3427,3427,tensor(1.9166),tensor(1.2545),tensor(0.7419)
3428,3428,tensor(1.9166),tensor(1.2545),tensor(0.7419)
3429,3429,tensor(1.9166),tensor(1.2545),tensor(0.7419)
3430,3430,tensor(1.9166),tensor(1.2545),tensor(0.7419)
3431,3431,tensor(1.9166),tensor(1.2545),tensor(0.7419)
3432,3432,tensor(1.9165),tensor(1.2544),tensor(0.7419)
3433,3433,tensor(1.9165),tensor(1.2544),tensor(0.7419)
3434,3434,tensor(1.9165),tensor(1.2544),tensor(0.7419)
3435,3435,tensor(1.9165),tensor(1.2544),tensor(0.7419)
3436,3436,tensor(1.9165),tensor(1.2544),tensor(0.7419)
3437,3437,tensor(1.9165),tensor(1.2544),tensor(0.7419)
3438,3438,tensor(1.9165),tensor(1.2543),tensor(0.7419)
3439,3439,tensor(1.9164),tensor(1.2543),tensor(0.7419)
3440,3440,tensor(1.9164),tensor(1.2543),tensor(0.7419)
3441,3441,tensor(1.9164),tensor(1.2543),tensor(0.7419)
3442,3442,tensor(1.9164),tensor(1.2543),tensor(0.7419)
3443,3443,tensor(1.9164),tensor(1.2543),tensor(0.7419)
3444,3444,tensor(1.9164),tensor(1.2543),tensor(0.7419)
3445,3445,tensor(1.9163),tensor(1.2542),tensor(0.7419)
3446,3446,tensor(1.9163),tensor(1.2542),tensor(0.7419)
3447,3447,tensor(1.9163),tensor(1.2542),tensor(0.7419)
3448,3448,tensor(1.9163),tensor(1.2542),tensor(0.7419)
3449,3449,tensor(1.9163),tensor(1.2542),tensor(0.7419)
3450,3450,tensor(1.9163),tensor(1.2542),tensor(0.7419)
3451,3451,tensor(1.9162),tensor(1.2542),tensor(0.7419)
3452,3452,tensor(1.9162),tensor(1.2541),tensor(0.7419)
3453,3453,tensor(1.9162),tensor(1.2541),tensor(0.7418)
3454,3454,tensor(1.9162),tensor(1.2541),tensor(0.7418)
3455,3455,tensor(1.9162),tensor(1.2541),tensor(0.7418)
3456,3456,tensor(1.9162),tensor(1.2541),tensor(0.7418)
3457,3457,tensor(1.9162),tensor(1.2541),tensor(0.7418)
3458,3458,tensor(1.9161),tensor(1.2540),tensor(0.7418)
3459,3459,tensor(1.9161),tensor(1.2540),tensor(0.7418)
3460,3460,tensor(1.9161),tensor(1.2540),tensor(0.7418)
3461,3461,tensor(1.9161),tensor(1.2540),tensor(0.7418)
3462,3462,tensor(1.9161),tensor(1.2540),tensor(0.7418)
3463,3463,tensor(1.9161),tensor(1.2540),tensor(0.7418)
3464,3464,tensor(1.9160),tensor(1.2540),tensor(0.7418)
3465,3465,tensor(1.9160),tensor(1.2539),tensor(0.7418)
3466,3466,tensor(1.9160),tensor(1.2539),tensor(0.7418)
3467,3467,tensor(1.9160),tensor(1.2539),tensor(0.7418)
3468,3468,tensor(1.9160),tensor(1.2539),tensor(0.7418)
3469,3469,tensor(1.9160),tensor(1.2539),tensor(0.7418)
3470,3470,tensor(1.9160),tensor(1.2539),tensor(0.7418)
3471,3471,tensor(1.9159),tensor(1.2539),tensor(0.7418)
3472,3472,tensor(1.9159),tensor(1.2538),tensor(0.7418)
3473,3473,tensor(1.9159),tensor(1.2538),tensor(0.7418)
3474,3474,tensor(1.9159),tensor(1.2538),tensor(0.7418)
3475,3475,tensor(1.9159),tensor(1.2538),tensor(0.7418)
3476,3476,tensor(1.9159),tensor(1.2538),tensor(0.7418)
3477,3477,tensor(1.9158),tensor(1.2538),tensor(0.7418)
3478,3478,tensor(1.9158),tensor(1.2537),tensor(0.7418)
3479,3479,tensor(1.9158),tensor(1.2537),tensor(0.7417)
3480,3480,tensor(1.9158),tensor(1.2537),tensor(0.7417)
3481,3481,tensor(1.9158),tensor(1.2537),tensor(0.7417)
3482,3482,tensor(1.9158),tensor(1.2537),tensor(0.7417)
3483,3483,tensor(1.9158),tensor(1.2537),tensor(0.7417)
3484,3484,tensor(1.9157),tensor(1.2537),tensor(0.7417)
3485,3485,tensor(1.9157),tensor(1.2536),tensor(0.7417)
3486,3486,tensor(1.9157),tensor(1.2536),tensor(0.7417)
3487,3487,tensor(1.9157),tensor(1.2536),tensor(0.7417)
3488,3488,tensor(1.9157),tensor(1.2536),tensor(0.7417)
3489,3489,tensor(1.9157),tensor(1.2536),tensor(0.7417)
3490,3490,tensor(1.9156),tensor(1.2536),tensor(0.7417)
3491,3491,tensor(1.9156),tensor(1.2536),tensor(0.7417)
3492,3492,tensor(1.9156),tensor(1.2535),tensor(0.7417)
3493,3493,tensor(1.9156),tensor(1.2535),tensor(0.7417)
3494,3494,tensor(1.9156),tensor(1.2535),tensor(0.7417)
3495,3495,tensor(1.9156),tensor(1.2535),tensor(0.7417)
3496,3496,tensor(1.9156),tensor(1.2535),tensor(0.7417)
3497,3497,tensor(1.9155),tensor(1.2535),tensor(0.7417)
3498,3498,tensor(1.9155),tensor(1.2534),tensor(0.7417)
3499,3499,tensor(1.9155),tensor(1.2534),tensor(0.7417)
3500,3500,tensor(1.9155),tensor(1.2534),tensor(0.7417)
3501,3501,tensor(1.9155),tensor(1.2534),tensor(0.7417)
3502,3502,tensor(1.9155),tensor(1.2534),tensor(0.7417)
3503,3503,tensor(1.9154),tensor(1.2534),tensor(0.7417)
3504,3504,tensor(1.9154),tensor(1.2534),tensor(0.7417)
3505,3505,tensor(1.9154),tensor(1.2533),tensor(0.7417)
3506,3506,tensor(1.9154),tensor(1.2533),tensor(0.7416)
3507,3507,tensor(1.9154),tensor(1.2533),tensor(0.7416)
3508,3508,tensor(1.9154),tensor(1.2533),tensor(0.7416)
3509,3509,tensor(1.9154),tensor(1.2533),tensor(0.7416)
3510,3510,tensor(1.9153),tensor(1.2533),tensor(0.7416)
3511,3511,tensor(1.9153),tensor(1.2533),tensor(0.7416)
3512,3512,tensor(1.9153),tensor(1.2532),tensor(0.7416)
3513,3513,tensor(1.9153),tensor(1.2532),tensor(0.7416)
3514,3514,tensor(1.9153),tensor(1.2532),tensor(0.7416)
3515,3515,tensor(1.9153),tensor(1.2532),tensor(0.7416)
3516,3516,tensor(1.9152),tensor(1.2532),tensor(0.7416)
3517,3517,tensor(1.9152),tensor(1.2532),tensor(0.7416)
3518,3518,tensor(1.9152),tensor(1.2532),tensor(0.7416)
3519,3519,tensor(1.9152),tensor(1.2531),tensor(0.7416)
3520,3520,tensor(1.9152),tensor(1.2531),tensor(0.7416)
3521,3521,tensor(1.9152),tensor(1.2531),tensor(0.7416)
3522,3522,tensor(1.9152),tensor(1.2531),tensor(0.7416)
3523,3523,tensor(1.9151),tensor(1.2531),tensor(0.7416)
3524,3524,tensor(1.9151),tensor(1.2531),tensor(0.7416)
3525,3525,tensor(1.9151),tensor(1.2530),tensor(0.7416)
3526,3526,tensor(1.9151),tensor(1.2530),tensor(0.7416)
3527,3527,tensor(1.9151),tensor(1.2530),tensor(0.7416)
3528,3528,tensor(1.9151),tensor(1.2530),tensor(0.7416)
3529,3529,tensor(1.9151),tensor(1.2530),tensor(0.7416)
3530,3530,tensor(1.9150),tensor(1.2530),tensor(0.7416)
3531,3531,tensor(1.9150),tensor(1.2530),tensor(0.7416)
3532,3532,tensor(1.9150),tensor(1.2529),tensor(0.7416)
3533,3533,tensor(1.9150),tensor(1.2529),tensor(0.7415)
3534,3534,tensor(1.9150),tensor(1.2529),tensor(0.7415)
3535,3535,tensor(1.9150),tensor(1.2529),tensor(0.7415)
3536,3536,tensor(1.9149),tensor(1.2529),tensor(0.7415)
3537,3537,tensor(1.9149),tensor(1.2529),tensor(0.7415)
3538,3538,tensor(1.9149),tensor(1.2529),tensor(0.7415)
3539,3539,tensor(1.9149),tensor(1.2528),tensor(0.7415)
3540,3540,tensor(1.9149),tensor(1.2528),tensor(0.7415)
3541,3541,tensor(1.9149),tensor(1.2528),tensor(0.7415)
3542,3542,tensor(1.9149),tensor(1.2528),tensor(0.7415)
3543,3543,tensor(1.9148),tensor(1.2528),tensor(0.7415)
3544,3544,tensor(1.9148),tensor(1.2528),tensor(0.7415)
3545,3545,tensor(1.9148),tensor(1.2527),tensor(0.7415)
3546,3546,tensor(1.9148),tensor(1.2527),tensor(0.7415)
3547,3547,tensor(1.9148),tensor(1.2527),tensor(0.7415)
3548,3548,tensor(1.9148),tensor(1.2527),tensor(0.7415)
3549,3549,tensor(1.9148),tensor(1.2527),tensor(0.7415)
3550,3550,tensor(1.9147),tensor(1.2527),tensor(0.7415)
3551,3551,tensor(1.9147),tensor(1.2527),tensor(0.7415)
3552,3552,tensor(1.9147),tensor(1.2526),tensor(0.7415)
3553,3553,tensor(1.9147),tensor(1.2526),tensor(0.7415)
3554,3554,tensor(1.9147),tensor(1.2526),tensor(0.7415)
3555,3555,tensor(1.9147),tensor(1.2526),tensor(0.7415)
3556,3556,tensor(1.9147),tensor(1.2526),tensor(0.7415)
3557,3557,tensor(1.9146),tensor(1.2526),tensor(0.7415)
3558,3558,tensor(1.9146),tensor(1.2526),tensor(0.7415)
3559,3559,tensor(1.9146),tensor(1.2525),tensor(0.7415)
3560,3560,tensor(1.9146),tensor(1.2525),tensor(0.7415)
3561,3561,tensor(1.9146),tensor(1.2525),tensor(0.7414)
3562,3562,tensor(1.9146),tensor(1.2525),tensor(0.7414)
3563,3563,tensor(1.9145),tensor(1.2525),tensor(0.7414)
3564,3564,tensor(1.9145),tensor(1.2525),tensor(0.7414)
3565,3565,tensor(1.9145),tensor(1.2525),tensor(0.7414)
3566,3566,tensor(1.9145),tensor(1.2524),tensor(0.7414)
3567,3567,tensor(1.9145),tensor(1.2524),tensor(0.7414)
3568,3568,tensor(1.9145),tensor(1.2524),tensor(0.7414)
3569,3569,tensor(1.9145),tensor(1.2524),tensor(0.7414)
3570,3570,tensor(1.9144),tensor(1.2524),tensor(0.7414)
3571,3571,tensor(1.9144),tensor(1.2524),tensor(0.7414)
3572,3572,tensor(1.9144),tensor(1.2524),tensor(0.7414)
3573,3573,tensor(1.9144),tensor(1.2523),tensor(0.7414)
3574,3574,tensor(1.9144),tensor(1.2523),tensor(0.7414)
3575,3575,tensor(1.9144),tensor(1.2523),tensor(0.7414)
3576,3576,tensor(1.9144),tensor(1.2523),tensor(0.7414)
3577,3577,tensor(1.9143),tensor(1.2523),tensor(0.7414)
3578,3578,tensor(1.9143),tensor(1.2523),tensor(0.7414)
3579,3579,tensor(1.9143),tensor(1.2522),tensor(0.7414)
3580,3580,tensor(1.9143),tensor(1.2522),tensor(0.7414)
3581,3581,tensor(1.9143),tensor(1.2522),tensor(0.7414)
3582,3582,tensor(1.9143),tensor(1.2522),tensor(0.7414)
3583,3583,tensor(1.9143),tensor(1.2522),tensor(0.7414)
3584,3584,tensor(1.9142),tensor(1.2522),tensor(0.7414)
3585,3585,tensor(1.9142),tensor(1.2522),tensor(0.7414)
3586,3586,tensor(1.9142),tensor(1.2521),tensor(0.7414)
3587,3587,tensor(1.9142),tensor(1.2521),tensor(0.7414)
3588,3588,tensor(1.9142),tensor(1.2521),tensor(0.7413)
3589,3589,tensor(1.9142),tensor(1.2521),tensor(0.7413)
3590,3590,tensor(1.9142),tensor(1.2521),tensor(0.7413)
3591,3591,tensor(1.9141),tensor(1.2521),tensor(0.7413)
3592,3592,tensor(1.9141),tensor(1.2521),tensor(0.7413)
3593,3593,tensor(1.9141),tensor(1.2520),tensor(0.7413)
3594,3594,tensor(1.9141),tensor(1.2520),tensor(0.7413)
3595,3595,tensor(1.9141),tensor(1.2520),tensor(0.7413)
3596,3596,tensor(1.9141),tensor(1.2520),tensor(0.7413)
3597,3597,tensor(1.9141),tensor(1.2520),tensor(0.7413)
3598,3598,tensor(1.9140),tensor(1.2520),tensor(0.7413)
3599,3599,tensor(1.9140),tensor(1.2520),tensor(0.7413)
3600,3600,tensor(1.9140),tensor(1.2519),tensor(0.7413)
3601,3601,tensor(1.9140),tensor(1.2519),tensor(0.7413)
3602,3602,tensor(1.9140),tensor(1.2519),tensor(0.7413)
3603,3603,tensor(1.9140),tensor(1.2519),tensor(0.7413)
3604,3604,tensor(1.9140),tensor(1.2519),tensor(0.7413)
3605,3605,tensor(1.9139),tensor(1.2519),tensor(0.7413)
3606,3606,tensor(1.9139),tensor(1.2519),tensor(0.7413)
3607,3607,tensor(1.9139),tensor(1.2518),tensor(0.7413)
3608,3608,tensor(1.9139),tensor(1.2518),tensor(0.7413)
3609,3609,tensor(1.9139),tensor(1.2518),tensor(0.7413)
3610,3610,tensor(1.9139),tensor(1.2518),tensor(0.7413)
3611,3611,tensor(1.9139),tensor(1.2518),tensor(0.7413)
3612,3612,tensor(1.9138),tensor(1.2518),tensor(0.7413)
3613,3613,tensor(1.9138),tensor(1.2517),tensor(0.7413)
3614,3614,tensor(1.9138),tensor(1.2517),tensor(0.7413)
3615,3615,tensor(1.9138),tensor(1.2517),tensor(0.7413)
3616,3616,tensor(1.9138),tensor(1.2517),tensor(0.7413)
3617,3617,tensor(1.9138),tensor(1.2517),tensor(0.7412)
3618,3618,tensor(1.9138),tensor(1.2517),tensor(0.7412)
3619,3619,tensor(1.9137),tensor(1.2517),tensor(0.7412)
3620,3620,tensor(1.9137),tensor(1.2516),tensor(0.7412)
3621,3621,tensor(1.9137),tensor(1.2516),tensor(0.7412)
3622,3622,tensor(1.9137),tensor(1.2516),tensor(0.7412)
3623,3623,tensor(1.9137),tensor(1.2516),tensor(0.7412)
3624,3624,tensor(1.9137),tensor(1.2516),tensor(0.7412)
3625,3625,tensor(1.9137),tensor(1.2516),tensor(0.7412)
3626,3626,tensor(1.9136),tensor(1.2516),tensor(0.7412)
3627,3627,tensor(1.9136),tensor(1.2515),tensor(0.7412)
3628,3628,tensor(1.9136),tensor(1.2515),tensor(0.7412)
3629,3629,tensor(1.9136),tensor(1.2515),tensor(0.7412)
3630,3630,tensor(1.9136),tensor(1.2515),tensor(0.7412)
3631,3631,tensor(1.9136),tensor(1.2515),tensor(0.7412)
3632,3632,tensor(1.9136),tensor(1.2515),tensor(0.7412)
3633,3633,tensor(1.9135),tensor(1.2515),tensor(0.7412)
3634,3634,tensor(1.9135),tensor(1.2514),tensor(0.7412)
3635,3635,tensor(1.9135),tensor(1.2514),tensor(0.7412)
3636,3636,tensor(1.9135),tensor(1.2514),tensor(0.7412)
3637,3637,tensor(1.9135),tensor(1.2514),tensor(0.7412)
3638,3638,tensor(1.9135),tensor(1.2514),tensor(0.7412)
3639,3639,tensor(1.9135),tensor(1.2514),tensor(0.7412)
3640,3640,tensor(1.9135),tensor(1.2514),tensor(0.7412)
3641,3641,tensor(1.9134),tensor(1.2513),tensor(0.7412)
3642,3642,tensor(1.9134),tensor(1.2513),tensor(0.7412)
3643,3643,tensor(1.9134),tensor(1.2513),tensor(0.7412)
3644,3644,tensor(1.9134),tensor(1.2513),tensor(0.7412)
3645,3645,tensor(1.9134),tensor(1.2513),tensor(0.7411)
3646,3646,tensor(1.9134),tensor(1.2513),tensor(0.7411)
3647,3647,tensor(1.9134),tensor(1.2513),tensor(0.7411)
3648,3648,tensor(1.9133),tensor(1.2512),tensor(0.7411)
3649,3649,tensor(1.9133),tensor(1.2512),tensor(0.7411)
3650,3650,tensor(1.9133),tensor(1.2512),tensor(0.7411)
3651,3651,tensor(1.9133),tensor(1.2512),tensor(0.7411)
3652,3652,tensor(1.9133),tensor(1.2512),tensor(0.7411)
3653,3653,tensor(1.9133),tensor(1.2512),tensor(0.7411)
3654,3654,tensor(1.9133),tensor(1.2512),tensor(0.7411)
3655,3655,tensor(1.9132),tensor(1.2511),tensor(0.7411)
3656,3656,tensor(1.9132),tensor(1.2511),tensor(0.7411)
3657,3657,tensor(1.9132),tensor(1.2511),tensor(0.7411)
3658,3658,tensor(1.9132),tensor(1.2511),tensor(0.7411)
3659,3659,tensor(1.9132),tensor(1.2511),tensor(0.7411)
3660,3660,tensor(1.9132),tensor(1.2511),tensor(0.7411)
3661,3661,tensor(1.9132),tensor(1.2510),tensor(0.7411)
3662,3662,tensor(1.9132),tensor(1.2510),tensor(0.7411)
3663,3663,tensor(1.9131),tensor(1.2510),tensor(0.7411)
3664,3664,tensor(1.9131),tensor(1.2510),tensor(0.7411)
3665,3665,tensor(1.9131),tensor(1.2510),tensor(0.7411)
3666,3666,tensor(1.9131),tensor(1.2510),tensor(0.7411)
3667,3667,tensor(1.9131),tensor(1.2510),tensor(0.7411)
3668,3668,tensor(1.9131),tensor(1.2509),tensor(0.7411)
3669,3669,tensor(1.9131),tensor(1.2509),tensor(0.7411)
3670,3670,tensor(1.9130),tensor(1.2509),tensor(0.7411)
3671,3671,tensor(1.9130),tensor(1.2509),tensor(0.7411)
3672,3672,tensor(1.9130),tensor(1.2509),tensor(0.7411)
3673,3673,tensor(1.9130),tensor(1.2509),tensor(0.7411)
3674,3674,tensor(1.9130),tensor(1.2509),tensor(0.7410)
3675,3675,tensor(1.9130),tensor(1.2508),tensor(0.7410)
3676,3676,tensor(1.9130),tensor(1.2508),tensor(0.7410)
3677,3677,tensor(1.9129),tensor(1.2508),tensor(0.7410)
3678,3678,tensor(1.9129),tensor(1.2508),tensor(0.7410)
3679,3679,tensor(1.9129),tensor(1.2508),tensor(0.7410)
3680,3680,tensor(1.9129),tensor(1.2508),tensor(0.7410)
3681,3681,tensor(1.9129),tensor(1.2508),tensor(0.7410)
3682,3682,tensor(1.9129),tensor(1.2507),tensor(0.7410)
3683,3683,tensor(1.9129),tensor(1.2507),tensor(0.7410)
3684,3684,tensor(1.9129),tensor(1.2507),tensor(0.7410)
3685,3685,tensor(1.9128),tensor(1.2507),tensor(0.7410)
3686,3686,tensor(1.9128),tensor(1.2507),tensor(0.7410)
3687,3687,tensor(1.9128),tensor(1.2507),tensor(0.7410)
3688,3688,tensor(1.9128),tensor(1.2507),tensor(0.7410)
3689,3689,tensor(1.9128),tensor(1.2506),tensor(0.7410)
3690,3690,tensor(1.9128),tensor(1.2506),tensor(0.7410)
3691,3691,tensor(1.9128),tensor(1.2506),tensor(0.7410)
3692,3692,tensor(1.9127),tensor(1.2506),tensor(0.7410)
3693,3693,tensor(1.9127),tensor(1.2506),tensor(0.7410)
3694,3694,tensor(1.9127),tensor(1.2506),tensor(0.7410)
3695,3695,tensor(1.9127),tensor(1.2506),tensor(0.7410)
3696,3696,tensor(1.9127),tensor(1.2505),tensor(0.7410)
3697,3697,tensor(1.9127),tensor(1.2505),tensor(0.7410)
3698,3698,tensor(1.9127),tensor(1.2505),tensor(0.7410)
3699,3699,tensor(1.9127),tensor(1.2505),tensor(0.7410)
3700,3700,tensor(1.9126),tensor(1.2505),tensor(0.7410)
3701,3701,tensor(1.9126),tensor(1.2505),tensor(0.7410)
3702,3702,tensor(1.9126),tensor(1.2505),tensor(0.7410)
3703,3703,tensor(1.9126),tensor(1.2504),tensor(0.7409)
3704,3704,tensor(1.9126),tensor(1.2504),tensor(0.7409)
3705,3705,tensor(1.9126),tensor(1.2504),tensor(0.7409)
3706,3706,tensor(1.9126),tensor(1.2504),tensor(0.7409)
3707,3707,tensor(1.9125),tensor(1.2504),tensor(0.7409)
3708,3708,tensor(1.9125),tensor(1.2504),tensor(0.7409)
3709,3709,tensor(1.9125),tensor(1.2504),tensor(0.7409)
3710,3710,tensor(1.9125),tensor(1.2503),tensor(0.7409)
3711,3711,tensor(1.9125),tensor(1.2503),tensor(0.7409)
3712,3712,tensor(1.9125),tensor(1.2503),tensor(0.7409)
3713,3713,tensor(1.9125),tensor(1.2503),tensor(0.7409)
3714,3714,tensor(1.9125),tensor(1.2503),tensor(0.7409)
3715,3715,tensor(1.9124),tensor(1.2503),tensor(0.7409)
3716,3716,tensor(1.9124),tensor(1.2503),tensor(0.7409)
3717,3717,tensor(1.9124),tensor(1.2502),tensor(0.7409)
3718,3718,tensor(1.9124),tensor(1.2502),tensor(0.7409)
3719,3719,tensor(1.9124),tensor(1.2502),tensor(0.7409)
3720,3720,tensor(1.9124),tensor(1.2502),tensor(0.7409)
3721,3721,tensor(1.9124),tensor(1.2502),tensor(0.7409)
3722,3722,tensor(1.9124),tensor(1.2502),tensor(0.7409)
3723,3723,tensor(1.9123),tensor(1.2502),tensor(0.7409)
3724,3724,tensor(1.9123),tensor(1.2501),tensor(0.7409)
3725,3725,tensor(1.9123),tensor(1.2501),tensor(0.7409)
3726,3726,tensor(1.9123),tensor(1.2501),tensor(0.7409)
3727,3727,tensor(1.9123),tensor(1.2501),tensor(0.7409)
3728,3728,tensor(1.9123),tensor(1.2501),tensor(0.7409)
3729,3729,tensor(1.9123),tensor(1.2501),tensor(0.7409)
3730,3730,tensor(1.9122),tensor(1.2501),tensor(0.7409)
3731,3731,tensor(1.9122),tensor(1.2500),tensor(0.7409)
3732,3732,tensor(1.9122),tensor(1.2500),tensor(0.7408)
3733,3733,tensor(1.9122),tensor(1.2500),tensor(0.7408)
3734,3734,tensor(1.9122),tensor(1.2500),tensor(0.7408)
3735,3735,tensor(1.9122),tensor(1.2500),tensor(0.7408)
3736,3736,tensor(1.9122),tensor(1.2500),tensor(0.7408)
3737,3737,tensor(1.9122),tensor(1.2500),tensor(0.7408)
3738,3738,tensor(1.9121),tensor(1.2499),tensor(0.7408)
3739,3739,tensor(1.9121),tensor(1.2499),tensor(0.7408)
3740,3740,tensor(1.9121),tensor(1.2499),tensor(0.7408)
3741,3741,tensor(1.9121),tensor(1.2499),tensor(0.7408)
3742,3742,tensor(1.9121),tensor(1.2499),tensor(0.7408)
3743,3743,tensor(1.9121),tensor(1.2499),tensor(0.7408)
3744,3744,tensor(1.9121),tensor(1.2499),tensor(0.7408)
3745,3745,tensor(1.9121),tensor(1.2498),tensor(0.7408)
3746,3746,tensor(1.9120),tensor(1.2498),tensor(0.7408)
3747,3747,tensor(1.9120),tensor(1.2498),tensor(0.7408)
3748,3748,tensor(1.9120),tensor(1.2498),tensor(0.7408)
3749,3749,tensor(1.9120),tensor(1.2498),tensor(0.7408)
3750,3750,tensor(1.9120),tensor(1.2498),tensor(0.7408)
3751,3751,tensor(1.9120),tensor(1.2498),tensor(0.7408)
3752,3752,tensor(1.9120),tensor(1.2497),tensor(0.7408)
3753,3753,tensor(1.9120),tensor(1.2497),tensor(0.7408)
3754,3754,tensor(1.9119),tensor(1.2497),tensor(0.7408)
3755,3755,tensor(1.9119),tensor(1.2497),tensor(0.7408)
3756,3756,tensor(1.9119),tensor(1.2497),tensor(0.7408)
3757,3757,tensor(1.9119),tensor(1.2497),tensor(0.7408)
3758,3758,tensor(1.9119),tensor(1.2497),tensor(0.7408)
3759,3759,tensor(1.9119),tensor(1.2496),tensor(0.7408)
3760,3760,tensor(1.9119),tensor(1.2496),tensor(0.7408)
3761,3761,tensor(1.9119),tensor(1.2496),tensor(0.7408)
3762,3762,tensor(1.9118),tensor(1.2496),tensor(0.7407)
3763,3763,tensor(1.9118),tensor(1.2496),tensor(0.7407)
3764,3764,tensor(1.9118),tensor(1.2496),tensor(0.7407)
3765,3765,tensor(1.9118),tensor(1.2496),tensor(0.7407)
3766,3766,tensor(1.9118),tensor(1.2496),tensor(0.7407)
3767,3767,tensor(1.9118),tensor(1.2495),tensor(0.7407)
3768,3768,tensor(1.9118),tensor(1.2495),tensor(0.7407)
3769,3769,tensor(1.9118),tensor(1.2495),tensor(0.7407)
3770,3770,tensor(1.9117),tensor(1.2495),tensor(0.7407)
3771,3771,tensor(1.9117),tensor(1.2495),tensor(0.7407)
3772,3772,tensor(1.9117),tensor(1.2495),tensor(0.7407)
3773,3773,tensor(1.9117),tensor(1.2495),tensor(0.7407)
3774,3774,tensor(1.9117),tensor(1.2494),tensor(0.7407)
3775,3775,tensor(1.9117),tensor(1.2494),tensor(0.7407)
3776,3776,tensor(1.9117),tensor(1.2494),tensor(0.7407)
3777,3777,tensor(1.9117),tensor(1.2494),tensor(0.7407)
3778,3778,tensor(1.9116),tensor(1.2494),tensor(0.7407)
3779,3779,tensor(1.9116),tensor(1.2494),tensor(0.7407)
3780,3780,tensor(1.9116),tensor(1.2494),tensor(0.7407)
3781,3781,tensor(1.9116),tensor(1.2493),tensor(0.7407)
3782,3782,tensor(1.9116),tensor(1.2493),tensor(0.7407)
3783,3783,tensor(1.9116),tensor(1.2493),tensor(0.7407)
3784,3784,tensor(1.9116),tensor(1.2493),tensor(0.7407)
3785,3785,tensor(1.9116),tensor(1.2493),tensor(0.7407)
3786,3786,tensor(1.9115),tensor(1.2493),tensor(0.7407)
3787,3787,tensor(1.9115),tensor(1.2493),tensor(0.7407)
3788,3788,tensor(1.9115),tensor(1.2492),tensor(0.7407)
3789,3789,tensor(1.9115),tensor(1.2492),tensor(0.7407)
3790,3790,tensor(1.9115),tensor(1.2492),tensor(0.7407)
3791,3791,tensor(1.9115),tensor(1.2492),tensor(0.7407)
3792,3792,tensor(1.9115),tensor(1.2492),tensor(0.7406)
3793,3793,tensor(1.9115),tensor(1.2492),tensor(0.7406)
3794,3794,tensor(1.9114),tensor(1.2492),tensor(0.7406)
3795,3795,tensor(1.9114),tensor(1.2491),tensor(0.7406)
3796,3796,tensor(1.9114),tensor(1.2491),tensor(0.7406)
3797,3797,tensor(1.9114),tensor(1.2491),tensor(0.7406)
3798,3798,tensor(1.9114),tensor(1.2491),tensor(0.7406)
3799,3799,tensor(1.9114),tensor(1.2491),tensor(0.7406)
3800,3800,tensor(1.9114),tensor(1.2491),tensor(0.7406)
3801,3801,tensor(1.9114),tensor(1.2491),tensor(0.7406)
3802,3802,tensor(1.9114),tensor(1.2490),tensor(0.7406)
3803,3803,tensor(1.9113),tensor(1.2490),tensor(0.7406)
3804,3804,tensor(1.9113),tensor(1.2490),tensor(0.7406)
3805,3805,tensor(1.9113),tensor(1.2490),tensor(0.7406)
3806,3806,tensor(1.9113),tensor(1.2490),tensor(0.7406)
3807,3807,tensor(1.9113),tensor(1.2490),tensor(0.7406)
3808,3808,tensor(1.9113),tensor(1.2490),tensor(0.7406)
3809,3809,tensor(1.9113),tensor(1.2489),tensor(0.7406)
3810,3810,tensor(1.9113),tensor(1.2489),tensor(0.7406)
3811,3811,tensor(1.9112),tensor(1.2489),tensor(0.7406)
3812,3812,tensor(1.9112),tensor(1.2489),tensor(0.7406)
3813,3813,tensor(1.9112),tensor(1.2489),tensor(0.7406)
3814,3814,tensor(1.9112),tensor(1.2489),tensor(0.7406)
3815,3815,tensor(1.9112),tensor(1.2489),tensor(0.7406)
3816,3816,tensor(1.9112),tensor(1.2489),tensor(0.7406)
3817,3817,tensor(1.9112),tensor(1.2488),tensor(0.7406)
3818,3818,tensor(1.9112),tensor(1.2488),tensor(0.7406)
3819,3819,tensor(1.9111),tensor(1.2488),tensor(0.7406)
3820,3820,tensor(1.9111),tensor(1.2488),tensor(0.7406)
3821,3821,tensor(1.9111),tensor(1.2488),tensor(0.7406)
3822,3822,tensor(1.9111),tensor(1.2488),tensor(0.7406)
3823,3823,tensor(1.9111),tensor(1.2488),tensor(0.7405)
3824,3824,tensor(1.9111),tensor(1.2487),tensor(0.7405)
3825,3825,tensor(1.9111),tensor(1.2487),tensor(0.7405)
3826,3826,tensor(1.9111),tensor(1.2487),tensor(0.7405)
3827,3827,tensor(1.9111),tensor(1.2487),tensor(0.7405)
3828,3828,tensor(1.9110),tensor(1.2487),tensor(0.7405)
3829,3829,tensor(1.9110),tensor(1.2487),tensor(0.7405)
3830,3830,tensor(1.9110),tensor(1.2487),tensor(0.7405)
3831,3831,tensor(1.9110),tensor(1.2486),tensor(0.7405)
3832,3832,tensor(1.9110),tensor(1.2486),tensor(0.7405)
3833,3833,tensor(1.9110),tensor(1.2486),tensor(0.7405)
3834,3834,tensor(1.9110),tensor(1.2486),tensor(0.7405)
3835,3835,tensor(1.9110),tensor(1.2486),tensor(0.7405)
3836,3836,tensor(1.9109),tensor(1.2486),tensor(0.7405)
3837,3837,tensor(1.9109),tensor(1.2486),tensor(0.7405)
3838,3838,tensor(1.9109),tensor(1.2485),tensor(0.7405)
3839,3839,tensor(1.9109),tensor(1.2485),tensor(0.7405)
3840,3840,tensor(1.9109),tensor(1.2485),tensor(0.7405)
3841,3841,tensor(1.9109),tensor(1.2485),tensor(0.7405)
3842,3842,tensor(1.9109),tensor(1.2485),tensor(0.7405)
3843,3843,tensor(1.9109),tensor(1.2485),tensor(0.7405)
3844,3844,tensor(1.9109),tensor(1.2485),tensor(0.7405)
3845,3845,tensor(1.9108),tensor(1.2485),tensor(0.7405)
3846,3846,tensor(1.9108),tensor(1.2484),tensor(0.7405)
3847,3847,tensor(1.9108),tensor(1.2484),tensor(0.7405)
3848,3848,tensor(1.9108),tensor(1.2484),tensor(0.7405)
3849,3849,tensor(1.9108),tensor(1.2484),tensor(0.7405)
3850,3850,tensor(1.9108),tensor(1.2484),tensor(0.7405)
3851,3851,tensor(1.9108),tensor(1.2484),tensor(0.7405)
3852,3852,tensor(1.9108),tensor(1.2484),tensor(0.7405)
3853,3853,tensor(1.9107),tensor(1.2483),tensor(0.7405)
3854,3854,tensor(1.9107),tensor(1.2483),tensor(0.7404)
3855,3855,tensor(1.9107),tensor(1.2483),tensor(0.7404)
3856,3856,tensor(1.9107),tensor(1.2483),tensor(0.7404)
3857,3857,tensor(1.9107),tensor(1.2483),tensor(0.7404)
3858,3858,tensor(1.9107),tensor(1.2483),tensor(0.7404)
3859,3859,tensor(1.9107),tensor(1.2483),tensor(0.7404)
3860,3860,tensor(1.9107),tensor(1.2482),tensor(0.7404)
3861,3861,tensor(1.9107),tensor(1.2482),tensor(0.7404)
3862,3862,tensor(1.9106),tensor(1.2482),tensor(0.7404)
3863,3863,tensor(1.9106),tensor(1.2482),tensor(0.7404)
3864,3864,tensor(1.9106),tensor(1.2482),tensor(0.7404)
3865,3865,tensor(1.9106),tensor(1.2482),tensor(0.7404)
3866,3866,tensor(1.9106),tensor(1.2482),tensor(0.7404)
3867,3867,tensor(1.9106),tensor(1.2482),tensor(0.7404)
3868,3868,tensor(1.9106),tensor(1.2481),tensor(0.7404)
3869,3869,tensor(1.9106),tensor(1.2481),tensor(0.7404)
3870,3870,tensor(1.9106),tensor(1.2481),tensor(0.7404)
3871,3871,tensor(1.9105),tensor(1.2481),tensor(0.7404)
3872,3872,tensor(1.9105),tensor(1.2481),tensor(0.7404)
3873,3873,tensor(1.9105),tensor(1.2481),tensor(0.7404)
3874,3874,tensor(1.9105),tensor(1.2481),tensor(0.7404)
3875,3875,tensor(1.9105),tensor(1.2480),tensor(0.7404)
3876,3876,tensor(1.9105),tensor(1.2480),tensor(0.7404)
3877,3877,tensor(1.9105),tensor(1.2480),tensor(0.7404)
3878,3878,tensor(1.9105),tensor(1.2480),tensor(0.7404)
3879,3879,tensor(1.9105),tensor(1.2480),tensor(0.7404)
3880,3880,tensor(1.9104),tensor(1.2480),tensor(0.7404)
3881,3881,tensor(1.9104),tensor(1.2480),tensor(0.7404)
3882,3882,tensor(1.9104),tensor(1.2479),tensor(0.7404)
3883,3883,tensor(1.9104),tensor(1.2479),tensor(0.7404)
3884,3884,tensor(1.9104),tensor(1.2479),tensor(0.7404)
3885,3885,tensor(1.9104),tensor(1.2479),tensor(0.7404)
3886,3886,tensor(1.9104),tensor(1.2479),tensor(0.7403)
3887,3887,tensor(1.9104),tensor(1.2479),tensor(0.7403)
3888,3888,tensor(1.9104),tensor(1.2479),tensor(0.7403)
3889,3889,tensor(1.9103),tensor(1.2479),tensor(0.7403)
3890,3890,tensor(1.9103),tensor(1.2478),tensor(0.7403)
3891,3891,tensor(1.9103),tensor(1.2478),tensor(0.7403)
3892,3892,tensor(1.9103),tensor(1.2478),tensor(0.7403)
3893,3893,tensor(1.9103),tensor(1.2478),tensor(0.7403)
3894,3894,tensor(1.9103),tensor(1.2478),tensor(0.7403)
3895,3895,tensor(1.9103),tensor(1.2478),tensor(0.7403)
3896,3896,tensor(1.9103),tensor(1.2478),tensor(0.7403)
3897,3897,tensor(1.9103),tensor(1.2477),tensor(0.7403)
3898,3898,tensor(1.9102),tensor(1.2477),tensor(0.7403)
3899,3899,tensor(1.9102),tensor(1.2477),tensor(0.7403)
3900,3900,tensor(1.9102),tensor(1.2477),tensor(0.7403)
3901,3901,tensor(1.9102),tensor(1.2477),tensor(0.7403)
3902,3902,tensor(1.9102),tensor(1.2477),tensor(0.7403)
3903,3903,tensor(1.9102),tensor(1.2477),tensor(0.7403)
3904,3904,tensor(1.9102),tensor(1.2477),tensor(0.7403)
3905,3905,tensor(1.9102),tensor(1.2476),tensor(0.7403)
3906,3906,tensor(1.9102),tensor(1.2476),tensor(0.7403)
3907,3907,tensor(1.9101),tensor(1.2476),tensor(0.7403)
3908,3908,tensor(1.9101),tensor(1.2476),tensor(0.7403)
3909,3909,tensor(1.9101),tensor(1.2476),tensor(0.7403)
3910,3910,tensor(1.9101),tensor(1.2476),tensor(0.7403)
3911,3911,tensor(1.9101),tensor(1.2476),tensor(0.7403)
3912,3912,tensor(1.9101),tensor(1.2475),tensor(0.7403)
3913,3913,tensor(1.9101),tensor(1.2475),tensor(0.7403)
3914,3914,tensor(1.9101),tensor(1.2475),tensor(0.7403)
3915,3915,tensor(1.9101),tensor(1.2475),tensor(0.7403)
3916,3916,tensor(1.9100),tensor(1.2475),tensor(0.7403)
3917,3917,tensor(1.9100),tensor(1.2475),tensor(0.7403)
3918,3918,tensor(1.9100),tensor(1.2475),tensor(0.7402)
3919,3919,tensor(1.9100),tensor(1.2475),tensor(0.7402)
3920,3920,tensor(1.9100),tensor(1.2474),tensor(0.7402)
3921,3921,tensor(1.9100),tensor(1.2474),tensor(0.7402)
3922,3922,tensor(1.9100),tensor(1.2474),tensor(0.7402)
3923,3923,tensor(1.9100),tensor(1.2474),tensor(0.7402)
3924,3924,tensor(1.9100),tensor(1.2474),tensor(0.7402)
3925,3925,tensor(1.9099),tensor(1.2474),tensor(0.7402)
3926,3926,tensor(1.9099),tensor(1.2474),tensor(0.7402)
3927,3927,tensor(1.9099),tensor(1.2473),tensor(0.7402)
3928,3928,tensor(1.9099),tensor(1.2473),tensor(0.7402)
3929,3929,tensor(1.9099),tensor(1.2473),tensor(0.7402)
3930,3930,tensor(1.9099),tensor(1.2473),tensor(0.7402)
3931,3931,tensor(1.9099),tensor(1.2473),tensor(0.7402)
3932,3932,tensor(1.9099),tensor(1.2473),tensor(0.7402)
3933,3933,tensor(1.9099),tensor(1.2473),tensor(0.7402)
3934,3934,tensor(1.9099),tensor(1.2473),tensor(0.7402)
3935,3935,tensor(1.9098),tensor(1.2472),tensor(0.7402)
3936,3936,tensor(1.9098),tensor(1.2472),tensor(0.7402)
3937,3937,tensor(1.9098),tensor(1.2472),tensor(0.7402)
3938,3938,tensor(1.9098),tensor(1.2472),tensor(0.7402)
3939,3939,tensor(1.9098),tensor(1.2472),tensor(0.7402)
3940,3940,tensor(1.9098),tensor(1.2472),tensor(0.7402)
3941,3941,tensor(1.9098),tensor(1.2472),tensor(0.7402)
3942,3942,tensor(1.9098),tensor(1.2471),tensor(0.7402)
3943,3943,tensor(1.9098),tensor(1.2471),tensor(0.7402)
3944,3944,tensor(1.9097),tensor(1.2471),tensor(0.7402)
3945,3945,tensor(1.9097),tensor(1.2471),tensor(0.7402)
3946,3946,tensor(1.9097),tensor(1.2471),tensor(0.7402)
3947,3947,tensor(1.9097),tensor(1.2471),tensor(0.7402)
3948,3948,tensor(1.9097),tensor(1.2471),tensor(0.7402)
3949,3949,tensor(1.9097),tensor(1.2471),tensor(0.7402)
3950,3950,tensor(1.9097),tensor(1.2470),tensor(0.7402)
3951,3951,tensor(1.9097),tensor(1.2470),tensor(0.7401)
3952,3952,tensor(1.9097),tensor(1.2470),tensor(0.7401)
3953,3953,tensor(1.9097),tensor(1.2470),tensor(0.7401)
3954,3954,tensor(1.9096),tensor(1.2470),tensor(0.7401)
3955,3955,tensor(1.9096),tensor(1.2470),tensor(0.7401)
3956,3956,tensor(1.9096),tensor(1.2470),tensor(0.7401)
3957,3957,tensor(1.9096),tensor(1.2469),tensor(0.7401)
3958,3958,tensor(1.9096),tensor(1.2469),tensor(0.7401)
3959,3959,tensor(1.9096),tensor(1.2469),tensor(0.7401)
3960,3960,tensor(1.9096),tensor(1.2469),tensor(0.7401)
3961,3961,tensor(1.9096),tensor(1.2469),tensor(0.7401)
3962,3962,tensor(1.9096),tensor(1.2469),tensor(0.7401)
3963,3963,tensor(1.9095),tensor(1.2469),tensor(0.7401)
3964,3964,tensor(1.9095),tensor(1.2469),tensor(0.7401)
3965,3965,tensor(1.9095),tensor(1.2468),tensor(0.7401)
3966,3966,tensor(1.9095),tensor(1.2468),tensor(0.7401)
3967,3967,tensor(1.9095),tensor(1.2468),tensor(0.7401)
3968,3968,tensor(1.9095),tensor(1.2468),tensor(0.7401)
3969,3969,tensor(1.9095),tensor(1.2468),tensor(0.7401)
3970,3970,tensor(1.9095),tensor(1.2468),tensor(0.7401)
3971,3971,tensor(1.9095),tensor(1.2468),tensor(0.7401)
3972,3972,tensor(1.9095),tensor(1.2468),tensor(0.7401)
3973,3973,tensor(1.9094),tensor(1.2467),tensor(0.7401)
3974,3974,tensor(1.9094),tensor(1.2467),tensor(0.7401)
3975,3975,tensor(1.9094),tensor(1.2467),tensor(0.7401)
3976,3976,tensor(1.9094),tensor(1.2467),tensor(0.7401)
3977,3977,tensor(1.9094),tensor(1.2467),tensor(0.7401)
3978,3978,tensor(1.9094),tensor(1.2467),tensor(0.7401)
3979,3979,tensor(1.9094),tensor(1.2467),tensor(0.7401)
3980,3980,tensor(1.9094),tensor(1.2466),tensor(0.7401)
3981,3981,tensor(1.9094),tensor(1.2466),tensor(0.7401)
3982,3982,tensor(1.9094),tensor(1.2466),tensor(0.7401)
3983,3983,tensor(1.9093),tensor(1.2466),tensor(0.7401)
3984,3984,tensor(1.9093),tensor(1.2466),tensor(0.7400)
3985,3985,tensor(1.9093),tensor(1.2466),tensor(0.7400)
3986,3986,tensor(1.9093),tensor(1.2466),tensor(0.7400)
3987,3987,tensor(1.9093),tensor(1.2466),tensor(0.7400)
3988,3988,tensor(1.9093),tensor(1.2465),tensor(0.7400)
3989,3989,tensor(1.9093),tensor(1.2465),tensor(0.7400)
3990,3990,tensor(1.9093),tensor(1.2465),tensor(0.7400)
3991,3991,tensor(1.9093),tensor(1.2465),tensor(0.7400)
3992,3992,tensor(1.9093),tensor(1.2465),tensor(0.7400)
3993,3993,tensor(1.9092),tensor(1.2465),tensor(0.7400)
3994,3994,tensor(1.9092),tensor(1.2465),tensor(0.7400)
3995,3995,tensor(1.9092),tensor(1.2465),tensor(0.7400)
3996,3996,tensor(1.9092),tensor(1.2464),tensor(0.7400)
3997,3997,tensor(1.9092),tensor(1.2464),tensor(0.7400)
3998,3998,tensor(1.9092),tensor(1.2464),tensor(0.7400)
3999,3999,tensor(1.9092),tensor(1.2464),tensor(0.7400)
4000,4000,tensor(1.9092),tensor(1.2464),tensor(0.7400)
4001,4001,tensor(1.9092),tensor(1.2464),tensor(0.7400)
4002,4002,tensor(1.9092),tensor(1.2464),tensor(0.7400)
4003,4003,tensor(1.9091),tensor(1.2464),tensor(0.7400)
4004,4004,tensor(1.9091),tensor(1.2463),tensor(0.7400)
4005,4005,tensor(1.9091),tensor(1.2463),tensor(0.7400)
4006,4006,tensor(1.9091),tensor(1.2463),tensor(0.7400)
4007,4007,tensor(1.9091),tensor(1.2463),tensor(0.7400)
4008,4008,tensor(1.9091),tensor(1.2463),tensor(0.7400)
4009,4009,tensor(1.9091),tensor(1.2463),tensor(0.7400)
4010,4010,tensor(1.9091),tensor(1.2463),tensor(0.7400)
4011,4011,tensor(1.9091),tensor(1.2462),tensor(0.7400)
4012,4012,tensor(1.9091),tensor(1.2462),tensor(0.7400)
4013,4013,tensor(1.9090),tensor(1.2462),tensor(0.7400)
4014,4014,tensor(1.9090),tensor(1.2462),tensor(0.7400)
4015,4015,tensor(1.9090),tensor(1.2462),tensor(0.7400)
4016,4016,tensor(1.9090),tensor(1.2462),tensor(0.7400)
4017,4017,tensor(1.9090),tensor(1.2462),tensor(0.7400)
4018,4018,tensor(1.9090),tensor(1.2462),tensor(0.7400)
4019,4019,tensor(1.9090),tensor(1.2461),tensor(0.7399)
4020,4020,tensor(1.9090),tensor(1.2461),tensor(0.7399)
4021,4021,tensor(1.9090),tensor(1.2461),tensor(0.7399)
4022,4022,tensor(1.9090),tensor(1.2461),tensor(0.7399)
4023,4023,tensor(1.9090),tensor(1.2461),tensor(0.7399)
4024,4024,tensor(1.9089),tensor(1.2461),tensor(0.7399)
4025,4025,tensor(1.9089),tensor(1.2461),tensor(0.7399)
4026,4026,tensor(1.9089),tensor(1.2461),tensor(0.7399)
4027,4027,tensor(1.9089),tensor(1.2460),tensor(0.7399)
4028,4028,tensor(1.9089),tensor(1.2460),tensor(0.7399)
4029,4029,tensor(1.9089),tensor(1.2460),tensor(0.7399)
4030,4030,tensor(1.9089),tensor(1.2460),tensor(0.7399)
4031,4031,tensor(1.9089),tensor(1.2460),tensor(0.7399)
4032,4032,tensor(1.9089),tensor(1.2460),tensor(0.7399)
4033,4033,tensor(1.9089),tensor(1.2460),tensor(0.7399)
4034,4034,tensor(1.9088),tensor(1.2460),tensor(0.7399)
4035,4035,tensor(1.9088),tensor(1.2459),tensor(0.7399)
4036,4036,tensor(1.9088),tensor(1.2459),tensor(0.7399)
4037,4037,tensor(1.9088),tensor(1.2459),tensor(0.7399)
4038,4038,tensor(1.9088),tensor(1.2459),tensor(0.7399)
4039,4039,tensor(1.9088),tensor(1.2459),tensor(0.7399)
4040,4040,tensor(1.9088),tensor(1.2459),tensor(0.7399)
4041,4041,tensor(1.9088),tensor(1.2459),tensor(0.7399)
4042,4042,tensor(1.9088),tensor(1.2459),tensor(0.7399)
4043,4043,tensor(1.9088),tensor(1.2458),tensor(0.7399)
4044,4044,tensor(1.9087),tensor(1.2458),tensor(0.7399)
4045,4045,tensor(1.9087),tensor(1.2458),tensor(0.7399)
4046,4046,tensor(1.9087),tensor(1.2458),tensor(0.7399)
4047,4047,tensor(1.9087),tensor(1.2458),tensor(0.7399)
4048,4048,tensor(1.9087),tensor(1.2458),tensor(0.7399)
4049,4049,tensor(1.9087),tensor(1.2458),tensor(0.7399)
4050,4050,tensor(1.9087),tensor(1.2458),tensor(0.7399)
4051,4051,tensor(1.9087),tensor(1.2457),tensor(0.7399)
4052,4052,tensor(1.9087),tensor(1.2457),tensor(0.7399)
4053,4053,tensor(1.9087),tensor(1.2457),tensor(0.7399)
4054,4054,tensor(1.9087),tensor(1.2457),tensor(0.7398)
4055,4055,tensor(1.9086),tensor(1.2457),tensor(0.7398)
4056,4056,tensor(1.9086),tensor(1.2457),tensor(0.7398)
4057,4057,tensor(1.9086),tensor(1.2457),tensor(0.7398)
4058,4058,tensor(1.9086),tensor(1.2457),tensor(0.7398)
4059,4059,tensor(1.9086),tensor(1.2456),tensor(0.7398)
4060,4060,tensor(1.9086),tensor(1.2456),tensor(0.7398)
4061,4061,tensor(1.9086),tensor(1.2456),tensor(0.7398)
4062,4062,tensor(1.9086),tensor(1.2456),tensor(0.7398)
4063,4063,tensor(1.9086),tensor(1.2456),tensor(0.7398)
4064,4064,tensor(1.9086),tensor(1.2456),tensor(0.7398)
4065,4065,tensor(1.9086),tensor(1.2456),tensor(0.7398)
4066,4066,tensor(1.9085),tensor(1.2456),tensor(0.7398)
4067,4067,tensor(1.9085),tensor(1.2455),tensor(0.7398)
4068,4068,tensor(1.9085),tensor(1.2455),tensor(0.7398)
4069,4069,tensor(1.9085),tensor(1.2455),tensor(0.7398)
4070,4070,tensor(1.9085),tensor(1.2455),tensor(0.7398)
4071,4071,tensor(1.9085),tensor(1.2455),tensor(0.7398)
4072,4072,tensor(1.9085),tensor(1.2455),tensor(0.7398)
4073,4073,tensor(1.9085),tensor(1.2455),tensor(0.7398)
4074,4074,tensor(1.9085),tensor(1.2455),tensor(0.7398)
4075,4075,tensor(1.9085),tensor(1.2454),tensor(0.7398)
4076,4076,tensor(1.9085),tensor(1.2454),tensor(0.7398)
4077,4077,tensor(1.9084),tensor(1.2454),tensor(0.7398)
4078,4078,tensor(1.9084),tensor(1.2454),tensor(0.7398)
4079,4079,tensor(1.9084),tensor(1.2454),tensor(0.7398)
4080,4080,tensor(1.9084),tensor(1.2454),tensor(0.7398)
4081,4081,tensor(1.9084),tensor(1.2454),tensor(0.7398)
4082,4082,tensor(1.9084),tensor(1.2454),tensor(0.7398)
4083,4083,tensor(1.9084),tensor(1.2453),tensor(0.7398)
4084,4084,tensor(1.9084),tensor(1.2453),tensor(0.7398)
4085,4085,tensor(1.9084),tensor(1.2453),tensor(0.7398)
4086,4086,tensor(1.9084),tensor(1.2453),tensor(0.7398)
4087,4087,tensor(1.9084),tensor(1.2453),tensor(0.7398)
4088,4088,tensor(1.9083),tensor(1.2453),tensor(0.7398)
4089,4089,tensor(1.9083),tensor(1.2453),tensor(0.7397)
4090,4090,tensor(1.9083),tensor(1.2453),tensor(0.7397)
4091,4091,tensor(1.9083),tensor(1.2452),tensor(0.7397)
4092,4092,tensor(1.9083),tensor(1.2452),tensor(0.7397)
4093,4093,tensor(1.9083),tensor(1.2452),tensor(0.7397)
4094,4094,tensor(1.9083),tensor(1.2452),tensor(0.7397)
4095,4095,tensor(1.9083),tensor(1.2452),tensor(0.7397)
4096,4096,tensor(1.9083),tensor(1.2452),tensor(0.7397)
4097,4097,tensor(1.9083),tensor(1.2452),tensor(0.7397)
4098,4098,tensor(1.9083),tensor(1.2452),tensor(0.7397)
4099,4099,tensor(1.9082),tensor(1.2451),tensor(0.7397)
4100,4100,tensor(1.9082),tensor(1.2451),tensor(0.7397)
4101,4101,tensor(1.9082),tensor(1.2451),tensor(0.7397)
4102,4102,tensor(1.9082),tensor(1.2451),tensor(0.7397)
4103,4103,tensor(1.9082),tensor(1.2451),tensor(0.7397)
4104,4104,tensor(1.9082),tensor(1.2451),tensor(0.7397)
4105,4105,tensor(1.9082),tensor(1.2451),tensor(0.7397)
4106,4106,tensor(1.9082),tensor(1.2451),tensor(0.7397)
4107,4107,tensor(1.9082),tensor(1.2450),tensor(0.7397)
4108,4108,tensor(1.9082),tensor(1.2450),tensor(0.7397)
4109,4109,tensor(1.9082),tensor(1.2450),tensor(0.7397)
4110,4110,tensor(1.9082),tensor(1.2450),tensor(0.7397)
4111,4111,tensor(1.9081),tensor(1.2450),tensor(0.7397)
4112,4112,tensor(1.9081),tensor(1.2450),tensor(0.7397)
4113,4113,tensor(1.9081),tensor(1.2450),tensor(0.7397)
4114,4114,tensor(1.9081),tensor(1.2450),tensor(0.7397)
4115,4115,tensor(1.9081),tensor(1.2449),tensor(0.7397)
4116,4116,tensor(1.9081),tensor(1.2449),tensor(0.7397)
4117,4117,tensor(1.9081),tensor(1.2449),tensor(0.7397)
4118,4118,tensor(1.9081),tensor(1.2449),tensor(0.7397)
4119,4119,tensor(1.9081),tensor(1.2449),tensor(0.7397)
4120,4120,tensor(1.9081),tensor(1.2449),tensor(0.7397)
4121,4121,tensor(1.9081),tensor(1.2449),tensor(0.7397)
4122,4122,tensor(1.9080),tensor(1.2449),tensor(0.7397)
4123,4123,tensor(1.9080),tensor(1.2448),tensor(0.7397)
4124,4124,tensor(1.9080),tensor(1.2448),tensor(0.7397)
4125,4125,tensor(1.9080),tensor(1.2448),tensor(0.7397)
4126,4126,tensor(1.9080),tensor(1.2448),tensor(0.7396)
4127,4127,tensor(1.9080),tensor(1.2448),tensor(0.7396)
4128,4128,tensor(1.9080),tensor(1.2448),tensor(0.7396)
4129,4129,tensor(1.9080),tensor(1.2448),tensor(0.7396)
4130,4130,tensor(1.9080),tensor(1.2448),tensor(0.7396)
4131,4131,tensor(1.9080),tensor(1.2448),tensor(0.7396)
4132,4132,tensor(1.9080),tensor(1.2447),tensor(0.7396)
4133,4133,tensor(1.9080),tensor(1.2447),tensor(0.7396)
4134,4134,tensor(1.9079),tensor(1.2447),tensor(0.7396)
4135,4135,tensor(1.9079),tensor(1.2447),tensor(0.7396)
4136,4136,tensor(1.9079),tensor(1.2447),tensor(0.7396)
4137,4137,tensor(1.9079),tensor(1.2447),tensor(0.7396)
4138,4138,tensor(1.9079),tensor(1.2447),tensor(0.7396)
4139,4139,tensor(1.9079),tensor(1.2447),tensor(0.7396)
4140,4140,tensor(1.9079),tensor(1.2446),tensor(0.7396)
4141,4141,tensor(1.9079),tensor(1.2446),tensor(0.7396)
4142,4142,tensor(1.9079),tensor(1.2446),tensor(0.7396)
4143,4143,tensor(1.9079),tensor(1.2446),tensor(0.7396)
4144,4144,tensor(1.9079),tensor(1.2446),tensor(0.7396)
4145,4145,tensor(1.9079),tensor(1.2446),tensor(0.7396)
4146,4146,tensor(1.9078),tensor(1.2446),tensor(0.7396)
4147,4147,tensor(1.9078),tensor(1.2446),tensor(0.7396)
4148,4148,tensor(1.9078),tensor(1.2445),tensor(0.7396)
4149,4149,tensor(1.9078),tensor(1.2445),tensor(0.7396)
4150,4150,tensor(1.9078),tensor(1.2445),tensor(0.7396)
4151,4151,tensor(1.9078),tensor(1.2445),tensor(0.7396)
4152,4152,tensor(1.9078),tensor(1.2445),tensor(0.7396)
4153,4153,tensor(1.9078),tensor(1.2445),tensor(0.7396)
4154,4154,tensor(1.9078),tensor(1.2445),tensor(0.7396)
4155,4155,tensor(1.9078),tensor(1.2445),tensor(0.7396)
4156,4156,tensor(1.9078),tensor(1.2445),tensor(0.7396)
4157,4157,tensor(1.9078),tensor(1.2444),tensor(0.7396)
4158,4158,tensor(1.9077),tensor(1.2444),tensor(0.7396)
4159,4159,tensor(1.9077),tensor(1.2444),tensor(0.7396)
4160,4160,tensor(1.9077),tensor(1.2444),tensor(0.7396)
4161,4161,tensor(1.9077),tensor(1.2444),tensor(0.7396)
4162,4162,tensor(1.9077),tensor(1.2444),tensor(0.7396)
4163,4163,tensor(1.9077),tensor(1.2444),tensor(0.7395)
4164,4164,tensor(1.9077),tensor(1.2444),tensor(0.7395)
4165,4165,tensor(1.9077),tensor(1.2443),tensor(0.7395)
4166,4166,tensor(1.9077),tensor(1.2443),tensor(0.7395)
4167,4167,tensor(1.9077),tensor(1.2443),tensor(0.7395)
4168,4168,tensor(1.9077),tensor(1.2443),tensor(0.7395)
4169,4169,tensor(1.9077),tensor(1.2443),tensor(0.7395)
4170,4170,tensor(1.9076),tensor(1.2443),tensor(0.7395)
4171,4171,tensor(1.9076),tensor(1.2443),tensor(0.7395)
4172,4172,tensor(1.9076),tensor(1.2443),tensor(0.7395)
4173,4173,tensor(1.9076),tensor(1.2443),tensor(0.7395)
4174,4174,tensor(1.9076),tensor(1.2442),tensor(0.7395)
4175,4175,tensor(1.9076),tensor(1.2442),tensor(0.7395)
4176,4176,tensor(1.9076),tensor(1.2442),tensor(0.7395)
4177,4177,tensor(1.9076),tensor(1.2442),tensor(0.7395)
4178,4178,tensor(1.9076),tensor(1.2442),tensor(0.7395)
4179,4179,tensor(1.9076),tensor(1.2442),tensor(0.7395)
4180,4180,tensor(1.9076),tensor(1.2442),tensor(0.7395)
4181,4181,tensor(1.9076),tensor(1.2442),tensor(0.7395)
4182,4182,tensor(1.9076),tensor(1.2441),tensor(0.7395)
4183,4183,tensor(1.9075),tensor(1.2441),tensor(0.7395)
4184,4184,tensor(1.9075),tensor(1.2441),tensor(0.7395)
4185,4185,tensor(1.9075),tensor(1.2441),tensor(0.7395)
4186,4186,tensor(1.9075),tensor(1.2441),tensor(0.7395)
4187,4187,tensor(1.9075),tensor(1.2441),tensor(0.7395)
4188,4188,tensor(1.9075),tensor(1.2441),tensor(0.7395)
4189,4189,tensor(1.9075),tensor(1.2441),tensor(0.7395)
4190,4190,tensor(1.9075),tensor(1.2441),tensor(0.7395)
4191,4191,tensor(1.9075),tensor(1.2440),tensor(0.7395)
4192,4192,tensor(1.9075),tensor(1.2440),tensor(0.7395)
4193,4193,tensor(1.9075),tensor(1.2440),tensor(0.7395)
4194,4194,tensor(1.9075),tensor(1.2440),tensor(0.7395)
4195,4195,tensor(1.9074),tensor(1.2440),tensor(0.7395)
4196,4196,tensor(1.9074),tensor(1.2440),tensor(0.7395)
4197,4197,tensor(1.9074),tensor(1.2440),tensor(0.7395)
4198,4198,tensor(1.9074),tensor(1.2440),tensor(0.7395)
4199,4199,tensor(1.9074),tensor(1.2439),tensor(0.7395)
4200,4200,tensor(1.9074),tensor(1.2439),tensor(0.7395)
4201,4201,tensor(1.9074),tensor(1.2439),tensor(0.7395)
4202,4202,tensor(1.9074),tensor(1.2439),tensor(0.7394)
4203,4203,tensor(1.9074),tensor(1.2439),tensor(0.7394)
4204,4204,tensor(1.9074),tensor(1.2439),tensor(0.7394)
4205,4205,tensor(1.9074),tensor(1.2439),tensor(0.7394)
4206,4206,tensor(1.9074),tensor(1.2439),tensor(0.7394)
4207,4207,tensor(1.9074),tensor(1.2439),tensor(0.7394)
4208,4208,tensor(1.9073),tensor(1.2438),tensor(0.7394)
4209,4209,tensor(1.9073),tensor(1.2438),tensor(0.7394)
4210,4210,tensor(1.9073),tensor(1.2438),tensor(0.7394)
4211,4211,tensor(1.9073),tensor(1.2438),tensor(0.7394)
4212,4212,tensor(1.9073),tensor(1.2438),tensor(0.7394)
4213,4213,tensor(1.9073),tensor(1.2438),tensor(0.7394)
4214,4214,tensor(1.9073),tensor(1.2438),tensor(0.7394)
4215,4215,tensor(1.9073),tensor(1.2438),tensor(0.7394)
4216,4216,tensor(1.9073),tensor(1.2437),tensor(0.7394)
4217,4217,tensor(1.9073),tensor(1.2437),tensor(0.7394)
4218,4218,tensor(1.9073),tensor(1.2437),tensor(0.7394)
4219,4219,tensor(1.9073),tensor(1.2437),tensor(0.7394)
4220,4220,tensor(1.9073),tensor(1.2437),tensor(0.7394)
4221,4221,tensor(1.9072),tensor(1.2437),tensor(0.7394)
4222,4222,tensor(1.9072),tensor(1.2437),tensor(0.7394)
4223,4223,tensor(1.9072),tensor(1.2437),tensor(0.7394)
4224,4224,tensor(1.9072),tensor(1.2437),tensor(0.7394)
4225,4225,tensor(1.9072),tensor(1.2436),tensor(0.7394)
4226,4226,tensor(1.9072),tensor(1.2436),tensor(0.7394)
4227,4227,tensor(1.9072),tensor(1.2436),tensor(0.7394)
4228,4228,tensor(1.9072),tensor(1.2436),tensor(0.7394)
4229,4229,tensor(1.9072),tensor(1.2436),tensor(0.7394)
4230,4230,tensor(1.9072),tensor(1.2436),tensor(0.7394)
4231,4231,tensor(1.9072),tensor(1.2436),tensor(0.7394)
4232,4232,tensor(1.9072),tensor(1.2436),tensor(0.7394)
4233,4233,tensor(1.9072),tensor(1.2436),tensor(0.7394)
4234,4234,tensor(1.9071),tensor(1.2435),tensor(0.7394)
4235,4235,tensor(1.9071),tensor(1.2435),tensor(0.7394)
4236,4236,tensor(1.9071),tensor(1.2435),tensor(0.7394)
4237,4237,tensor(1.9071),tensor(1.2435),tensor(0.7394)
4238,4238,tensor(1.9071),tensor(1.2435),tensor(0.7394)
4239,4239,tensor(1.9071),tensor(1.2435),tensor(0.7394)
4240,4240,tensor(1.9071),tensor(1.2435),tensor(0.7394)
4241,4241,tensor(1.9071),tensor(1.2435),tensor(0.7394)
4242,4242,tensor(1.9071),tensor(1.2435),tensor(0.7393)
4243,4243,tensor(1.9071),tensor(1.2434),tensor(0.7393)
4244,4244,tensor(1.9071),tensor(1.2434),tensor(0.7393)
4245,4245,tensor(1.9071),tensor(1.2434),tensor(0.7393)
4246,4246,tensor(1.9071),tensor(1.2434),tensor(0.7393)
4247,4247,tensor(1.9071),tensor(1.2434),tensor(0.7393)
4248,4248,tensor(1.9070),tensor(1.2434),tensor(0.7393)
4249,4249,tensor(1.9070),tensor(1.2434),tensor(0.7393)
4250,4250,tensor(1.9070),tensor(1.2434),tensor(0.7393)
4251,4251,tensor(1.9070),tensor(1.2433),tensor(0.7393)
4252,4252,tensor(1.9070),tensor(1.2433),tensor(0.7393)
4253,4253,tensor(1.9070),tensor(1.2433),tensor(0.7393)
4254,4254,tensor(1.9070),tensor(1.2433),tensor(0.7393)
4255,4255,tensor(1.9070),tensor(1.2433),tensor(0.7393)
4256,4256,tensor(1.9070),tensor(1.2433),tensor(0.7393)
4257,4257,tensor(1.9070),tensor(1.2433),tensor(0.7393)
4258,4258,tensor(1.9070),tensor(1.2433),tensor(0.7393)
4259,4259,tensor(1.9070),tensor(1.2433),tensor(0.7393)
4260,4260,tensor(1.9070),tensor(1.2432),tensor(0.7393)
4261,4261,tensor(1.9070),tensor(1.2432),tensor(0.7393)
4262,4262,tensor(1.9069),tensor(1.2432),tensor(0.7393)
4263,4263,tensor(1.9069),tensor(1.2432),tensor(0.7393)
4264,4264,tensor(1.9069),tensor(1.2432),tensor(0.7393)
4265,4265,tensor(1.9069),tensor(1.2432),tensor(0.7393)
4266,4266,tensor(1.9069),tensor(1.2432),tensor(0.7393)
4267,4267,tensor(1.9069),tensor(1.2432),tensor(0.7393)
4268,4268,tensor(1.9069),tensor(1.2432),tensor(0.7393)
4269,4269,tensor(1.9069),tensor(1.2431),tensor(0.7393)
4270,4270,tensor(1.9069),tensor(1.2431),tensor(0.7393)
4271,4271,tensor(1.9069),tensor(1.2431),tensor(0.7393)
4272,4272,tensor(1.9069),tensor(1.2431),tensor(0.7393)
4273,4273,tensor(1.9069),tensor(1.2431),tensor(0.7393)
4274,4274,tensor(1.9069),tensor(1.2431),tensor(0.7393)
4275,4275,tensor(1.9069),tensor(1.2431),tensor(0.7393)
4276,4276,tensor(1.9068),tensor(1.2431),tensor(0.7393)
4277,4277,tensor(1.9068),tensor(1.2431),tensor(0.7393)
4278,4278,tensor(1.9068),tensor(1.2430),tensor(0.7393)
4279,4279,tensor(1.9068),tensor(1.2430),tensor(0.7393)
4280,4280,tensor(1.9068),tensor(1.2430),tensor(0.7393)
4281,4281,tensor(1.9068),tensor(1.2430),tensor(0.7393)
4282,4282,tensor(1.9068),tensor(1.2430),tensor(0.7392)
4283,4283,tensor(1.9068),tensor(1.2430),tensor(0.7392)
4284,4284,tensor(1.9068),tensor(1.2430),tensor(0.7392)
4285,4285,tensor(1.9068),tensor(1.2430),tensor(0.7392)
4286,4286,tensor(1.9068),tensor(1.2430),tensor(0.7392)
4287,4287,tensor(1.9068),tensor(1.2429),tensor(0.7392)
4288,4288,tensor(1.9068),tensor(1.2429),tensor(0.7392)
4289,4289,tensor(1.9068),tensor(1.2429),tensor(0.7392)
4290,4290,tensor(1.9067),tensor(1.2429),tensor(0.7392)
4291,4291,tensor(1.9067),tensor(1.2429),tensor(0.7392)
4292,4292,tensor(1.9067),tensor(1.2429),tensor(0.7392)
4293,4293,tensor(1.9067),tensor(1.2429),tensor(0.7392)
4294,4294,tensor(1.9067),tensor(1.2429),tensor(0.7392)
4295,4295,tensor(1.9067),tensor(1.2429),tensor(0.7392)
4296,4296,tensor(1.9067),tensor(1.2428),tensor(0.7392)
4297,4297,tensor(1.9067),tensor(1.2428),tensor(0.7392)
4298,4298,tensor(1.9067),tensor(1.2428),tensor(0.7392)
4299,4299,tensor(1.9067),tensor(1.2428),tensor(0.7392)
4300,4300,tensor(1.9067),tensor(1.2428),tensor(0.7392)
4301,4301,tensor(1.9067),tensor(1.2428),tensor(0.7392)
4302,4302,tensor(1.9067),tensor(1.2428),tensor(0.7392)
4303,4303,tensor(1.9067),tensor(1.2428),tensor(0.7392)
4304,4304,tensor(1.9067),tensor(1.2428),tensor(0.7392)
4305,4305,tensor(1.9066),tensor(1.2427),tensor(0.7392)
4306,4306,tensor(1.9066),tensor(1.2427),tensor(0.7392)
4307,4307,tensor(1.9066),tensor(1.2427),tensor(0.7392)
4308,4308,tensor(1.9066),tensor(1.2427),tensor(0.7392)
4309,4309,tensor(1.9066),tensor(1.2427),tensor(0.7392)
4310,4310,tensor(1.9066),tensor(1.2427),tensor(0.7392)
4311,4311,tensor(1.9066),tensor(1.2427),tensor(0.7392)
4312,4312,tensor(1.9066),tensor(1.2427),tensor(0.7392)
4313,4313,tensor(1.9066),tensor(1.2427),tensor(0.7392)
4314,4314,tensor(1.9066),tensor(1.2426),tensor(0.7392)
4315,4315,tensor(1.9066),tensor(1.2426),tensor(0.7392)
4316,4316,tensor(1.9066),tensor(1.2426),tensor(0.7392)
4317,4317,tensor(1.9066),tensor(1.2426),tensor(0.7392)
4318,4318,tensor(1.9066),tensor(1.2426),tensor(0.7392)
4319,4319,tensor(1.9066),tensor(1.2426),tensor(0.7392)
4320,4320,tensor(1.9065),tensor(1.2426),tensor(0.7392)
4321,4321,tensor(1.9065),tensor(1.2426),tensor(0.7392)
4322,4322,tensor(1.9065),tensor(1.2426),tensor(0.7392)
4323,4323,tensor(1.9065),tensor(1.2426),tensor(0.7392)
4324,4324,tensor(1.9065),tensor(1.2425),tensor(0.7391)
4325,4325,tensor(1.9065),tensor(1.2425),tensor(0.7391)
4326,4326,tensor(1.9065),tensor(1.2425),tensor(0.7391)
4327,4327,tensor(1.9065),tensor(1.2425),tensor(0.7391)
4328,4328,tensor(1.9065),tensor(1.2425),tensor(0.7391)
4329,4329,tensor(1.9065),tensor(1.2425),tensor(0.7391)
4330,4330,tensor(1.9065),tensor(1.2425),tensor(0.7391)
4331,4331,tensor(1.9065),tensor(1.2425),tensor(0.7391)
4332,4332,tensor(1.9065),tensor(1.2425),tensor(0.7391)
4333,4333,tensor(1.9065),tensor(1.2424),tensor(0.7391)
4334,4334,tensor(1.9065),tensor(1.2424),tensor(0.7391)
4335,4335,tensor(1.9064),tensor(1.2424),tensor(0.7391)
4336,4336,tensor(1.9064),tensor(1.2424),tensor(0.7391)
4337,4337,tensor(1.9064),tensor(1.2424),tensor(0.7391)
4338,4338,tensor(1.9064),tensor(1.2424),tensor(0.7391)
4339,4339,tensor(1.9064),tensor(1.2424),tensor(0.7391)
4340,4340,tensor(1.9064),tensor(1.2424),tensor(0.7391)
4341,4341,tensor(1.9064),tensor(1.2424),tensor(0.7391)
4342,4342,tensor(1.9064),tensor(1.2423),tensor(0.7391)
4343,4343,tensor(1.9064),tensor(1.2423),tensor(0.7391)
4344,4344,tensor(1.9064),tensor(1.2423),tensor(0.7391)
4345,4345,tensor(1.9064),tensor(1.2423),tensor(0.7391)
4346,4346,tensor(1.9064),tensor(1.2423),tensor(0.7391)
4347,4347,tensor(1.9064),tensor(1.2423),tensor(0.7391)
4348,4348,tensor(1.9064),tensor(1.2423),tensor(0.7391)
4349,4349,tensor(1.9064),tensor(1.2423),tensor(0.7391)
4350,4350,tensor(1.9064),tensor(1.2423),tensor(0.7391)
4351,4351,tensor(1.9063),tensor(1.2423),tensor(0.7391)
4352,4352,tensor(1.9063),tensor(1.2422),tensor(0.7391)
4353,4353,tensor(1.9063),tensor(1.2422),tensor(0.7391)
4354,4354,tensor(1.9063),tensor(1.2422),tensor(0.7391)
4355,4355,tensor(1.9063),tensor(1.2422),tensor(0.7391)
4356,4356,tensor(1.9063),tensor(1.2422),tensor(0.7391)
4357,4357,tensor(1.9063),tensor(1.2422),tensor(0.7391)
4358,4358,tensor(1.9063),tensor(1.2422),tensor(0.7391)
4359,4359,tensor(1.9063),tensor(1.2422),tensor(0.7391)
4360,4360,tensor(1.9063),tensor(1.2422),tensor(0.7391)
4361,4361,tensor(1.9063),tensor(1.2421),tensor(0.7391)
4362,4362,tensor(1.9063),tensor(1.2421),tensor(0.7391)
4363,4363,tensor(1.9063),tensor(1.2421),tensor(0.7391)
4364,4364,tensor(1.9063),tensor(1.2421),tensor(0.7391)
4365,4365,tensor(1.9063),tensor(1.2421),tensor(0.7391)
4366,4366,tensor(1.9063),tensor(1.2421),tensor(0.7391)
4367,4367,tensor(1.9062),tensor(1.2421),tensor(0.7390)
4368,4368,tensor(1.9062),tensor(1.2421),tensor(0.7390)
4369,4369,tensor(1.9062),tensor(1.2421),tensor(0.7390)
4370,4370,tensor(1.9062),tensor(1.2420),tensor(0.7390)
4371,4371,tensor(1.9062),tensor(1.2420),tensor(0.7390)
4372,4372,tensor(1.9062),tensor(1.2420),tensor(0.7390)
4373,4373,tensor(1.9062),tensor(1.2420),tensor(0.7390)
4374,4374,tensor(1.9062),tensor(1.2420),tensor(0.7390)
4375,4375,tensor(1.9062),tensor(1.2420),tensor(0.7390)
4376,4376,tensor(1.9062),tensor(1.2420),tensor(0.7390)
4377,4377,tensor(1.9062),tensor(1.2420),tensor(0.7390)
4378,4378,tensor(1.9062),tensor(1.2420),tensor(0.7390)
4379,4379,tensor(1.9062),tensor(1.2420),tensor(0.7390)
4380,4380,tensor(1.9062),tensor(1.2419),tensor(0.7390)
4381,4381,tensor(1.9062),tensor(1.2419),tensor(0.7390)
4382,4382,tensor(1.9062),tensor(1.2419),tensor(0.7390)
4383,4383,tensor(1.9061),tensor(1.2419),tensor(0.7390)
4384,4384,tensor(1.9061),tensor(1.2419),tensor(0.7390)
4385,4385,tensor(1.9061),tensor(1.2419),tensor(0.7390)
4386,4386,tensor(1.9061),tensor(1.2419),tensor(0.7390)
4387,4387,tensor(1.9061),tensor(1.2419),tensor(0.7390)
4388,4388,tensor(1.9061),tensor(1.2419),tensor(0.7390)
4389,4389,tensor(1.9061),tensor(1.2419),tensor(0.7390)
4390,4390,tensor(1.9061),tensor(1.2418),tensor(0.7390)
4391,4391,tensor(1.9061),tensor(1.2418),tensor(0.7390)
4392,4392,tensor(1.9061),tensor(1.2418),tensor(0.7390)
4393,4393,tensor(1.9061),tensor(1.2418),tensor(0.7390)
4394,4394,tensor(1.9061),tensor(1.2418),tensor(0.7390)
4395,4395,tensor(1.9061),tensor(1.2418),tensor(0.7390)
4396,4396,tensor(1.9061),tensor(1.2418),tensor(0.7390)
4397,4397,tensor(1.9061),tensor(1.2418),tensor(0.7390)
4398,4398,tensor(1.9061),tensor(1.2418),tensor(0.7390)
4399,4399,tensor(1.9061),tensor(1.2417),tensor(0.7390)
4400,4400,tensor(1.9060),tensor(1.2417),tensor(0.7390)
4401,4401,tensor(1.9060),tensor(1.2417),tensor(0.7390)
4402,4402,tensor(1.9060),tensor(1.2417),tensor(0.7390)
4403,4403,tensor(1.9060),tensor(1.2417),tensor(0.7390)
4404,4404,tensor(1.9060),tensor(1.2417),tensor(0.7390)
4405,4405,tensor(1.9060),tensor(1.2417),tensor(0.7390)
4406,4406,tensor(1.9060),tensor(1.2417),tensor(0.7390)
4407,4407,tensor(1.9060),tensor(1.2417),tensor(0.7390)
4408,4408,tensor(1.9060),tensor(1.2417),tensor(0.7390)
4409,4409,tensor(1.9060),tensor(1.2416),tensor(0.7390)
4410,4410,tensor(1.9060),tensor(1.2416),tensor(0.7390)
4411,4411,tensor(1.9060),tensor(1.2416),tensor(0.7390)
4412,4412,tensor(1.9060),tensor(1.2416),tensor(0.7389)
4413,4413,tensor(1.9060),tensor(1.2416),tensor(0.7389)
4414,4414,tensor(1.9060),tensor(1.2416),tensor(0.7389)
4415,4415,tensor(1.9060),tensor(1.2416),tensor(0.7389)
4416,4416,tensor(1.9060),tensor(1.2416),tensor(0.7389)
4417,4417,tensor(1.9059),tensor(1.2416),tensor(0.7389)
4418,4418,tensor(1.9059),tensor(1.2416),tensor(0.7389)
4419,4419,tensor(1.9059),tensor(1.2415),tensor(0.7389)
4420,4420,tensor(1.9059),tensor(1.2415),tensor(0.7389)
4421,4421,tensor(1.9059),tensor(1.2415),tensor(0.7389)
4422,4422,tensor(1.9059),tensor(1.2415),tensor(0.7389)
4423,4423,tensor(1.9059),tensor(1.2415),tensor(0.7389)
4424,4424,tensor(1.9059),tensor(1.2415),tensor(0.7389)
4425,4425,tensor(1.9059),tensor(1.2415),tensor(0.7389)
4426,4426,tensor(1.9059),tensor(1.2415),tensor(0.7389)
4427,4427,tensor(1.9059),tensor(1.2415),tensor(0.7389)
4428,4428,tensor(1.9059),tensor(1.2415),tensor(0.7389)
4429,4429,tensor(1.9059),tensor(1.2414),tensor(0.7389)
4430,4430,tensor(1.9059),tensor(1.2414),tensor(0.7389)
4431,4431,tensor(1.9059),tensor(1.2414),tensor(0.7389)
4432,4432,tensor(1.9059),tensor(1.2414),tensor(0.7389)
4433,4433,tensor(1.9059),tensor(1.2414),tensor(0.7389)
4434,4434,tensor(1.9059),tensor(1.2414),tensor(0.7389)
4435,4435,tensor(1.9058),tensor(1.2414),tensor(0.7389)
4436,4436,tensor(1.9058),tensor(1.2414),tensor(0.7389)
4437,4437,tensor(1.9058),tensor(1.2414),tensor(0.7389)
4438,4438,tensor(1.9058),tensor(1.2414),tensor(0.7389)
4439,4439,tensor(1.9058),tensor(1.2413),tensor(0.7389)
4440,4440,tensor(1.9058),tensor(1.2413),tensor(0.7389)
4441,4441,tensor(1.9058),tensor(1.2413),tensor(0.7389)
4442,4442,tensor(1.9058),tensor(1.2413),tensor(0.7389)
4443,4443,tensor(1.9058),tensor(1.2413),tensor(0.7389)
4444,4444,tensor(1.9058),tensor(1.2413),tensor(0.7389)
4445,4445,tensor(1.9058),tensor(1.2413),tensor(0.7389)
4446,4446,tensor(1.9058),tensor(1.2413),tensor(0.7389)
4447,4447,tensor(1.9058),tensor(1.2413),tensor(0.7389)
4448,4448,tensor(1.9058),tensor(1.2413),tensor(0.7389)
4449,4449,tensor(1.9058),tensor(1.2412),tensor(0.7389)
4450,4450,tensor(1.9058),tensor(1.2412),tensor(0.7389)
4451,4451,tensor(1.9058),tensor(1.2412),tensor(0.7389)
4452,4452,tensor(1.9058),tensor(1.2412),tensor(0.7389)
4453,4453,tensor(1.9057),tensor(1.2412),tensor(0.7389)
4454,4454,tensor(1.9057),tensor(1.2412),tensor(0.7389)
4455,4455,tensor(1.9057),tensor(1.2412),tensor(0.7389)
4456,4456,tensor(1.9057),tensor(1.2412),tensor(0.7389)
4457,4457,tensor(1.9057),tensor(1.2412),tensor(0.7389)
4458,4458,tensor(1.9057),tensor(1.2412),tensor(0.7389)
4459,4459,tensor(1.9057),tensor(1.2411),tensor(0.7388)
4460,4460,tensor(1.9057),tensor(1.2411),tensor(0.7388)
4461,4461,tensor(1.9057),tensor(1.2411),tensor(0.7388)
4462,4462,tensor(1.9057),tensor(1.2411),tensor(0.7388)
4463,4463,tensor(1.9057),tensor(1.2411),tensor(0.7388)
4464,4464,tensor(1.9057),tensor(1.2411),tensor(0.7388)
4465,4465,tensor(1.9057),tensor(1.2411),tensor(0.7388)
4466,4466,tensor(1.9057),tensor(1.2411),tensor(0.7388)
4467,4467,tensor(1.9057),tensor(1.2411),tensor(0.7388)
4468,4468,tensor(1.9057),tensor(1.2411),tensor(0.7388)
4469,4469,tensor(1.9057),tensor(1.2410),tensor(0.7388)
4470,4470,tensor(1.9057),tensor(1.2410),tensor(0.7388)
4471,4471,tensor(1.9056),tensor(1.2410),tensor(0.7388)
4472,4472,tensor(1.9056),tensor(1.2410),tensor(0.7388)
4473,4473,tensor(1.9056),tensor(1.2410),tensor(0.7388)
4474,4474,tensor(1.9056),tensor(1.2410),tensor(0.7388)
4475,4475,tensor(1.9056),tensor(1.2410),tensor(0.7388)
4476,4476,tensor(1.9056),tensor(1.2410),tensor(0.7388)
4477,4477,tensor(1.9056),tensor(1.2410),tensor(0.7388)
4478,4478,tensor(1.9056),tensor(1.2410),tensor(0.7388)
4479,4479,tensor(1.9056),tensor(1.2409),tensor(0.7388)
4480,4480,tensor(1.9056),tensor(1.2409),tensor(0.7388)
4481,4481,tensor(1.9056),tensor(1.2409),tensor(0.7388)
4482,4482,tensor(1.9056),tensor(1.2409),tensor(0.7388)
4483,4483,tensor(1.9056),tensor(1.2409),tensor(0.7388)
4484,4484,tensor(1.9056),tensor(1.2409),tensor(0.7388)
4485,4485,tensor(1.9056),tensor(1.2409),tensor(0.7388)
4486,4486,tensor(1.9056),tensor(1.2409),tensor(0.7388)
4487,4487,tensor(1.9056),tensor(1.2409),tensor(0.7388)
4488,4488,tensor(1.9056),tensor(1.2409),tensor(0.7388)
4489,4489,tensor(1.9056),tensor(1.2408),tensor(0.7388)
4490,4490,tensor(1.9056),tensor(1.2408),tensor(0.7388)
4491,4491,tensor(1.9055),tensor(1.2408),tensor(0.7388)
4492,4492,tensor(1.9055),tensor(1.2408),tensor(0.7388)
4493,4493,tensor(1.9055),tensor(1.2408),tensor(0.7388)
4494,4494,tensor(1.9055),tensor(1.2408),tensor(0.7388)
4495,4495,tensor(1.9055),tensor(1.2408),tensor(0.7388)
4496,4496,tensor(1.9055),tensor(1.2408),tensor(0.7388)
4497,4497,tensor(1.9055),tensor(1.2408),tensor(0.7388)
4498,4498,tensor(1.9055),tensor(1.2408),tensor(0.7388)
4499,4499,tensor(1.9055),tensor(1.2408),tensor(0.7388)
4500,4500,tensor(1.9055),tensor(1.2407),tensor(0.7388)
4501,4501,tensor(1.9055),tensor(1.2407),tensor(0.7388)
4502,4502,tensor(1.9055),tensor(1.2407),tensor(0.7388)
4503,4503,tensor(1.9055),tensor(1.2407),tensor(0.7388)
4504,4504,tensor(1.9055),tensor(1.2407),tensor(0.7388)
4505,4505,tensor(1.9055),tensor(1.2407),tensor(0.7388)
4506,4506,tensor(1.9055),tensor(1.2407),tensor(0.7388)
4507,4507,tensor(1.9055),tensor(1.2407),tensor(0.7387)
4508,4508,tensor(1.9055),tensor(1.2407),tensor(0.7387)
4509,4509,tensor(1.9055),tensor(1.2407),tensor(0.7387)
4510,4510,tensor(1.9055),tensor(1.2406),tensor(0.7387)
4511,4511,tensor(1.9054),tensor(1.2406),tensor(0.7387)
4512,4512,tensor(1.9054),tensor(1.2406),tensor(0.7387)
4513,4513,tensor(1.9054),tensor(1.2406),tensor(0.7387)
4514,4514,tensor(1.9054),tensor(1.2406),tensor(0.7387)
4515,4515,tensor(1.9054),tensor(1.2406),tensor(0.7387)
4516,4516,tensor(1.9054),tensor(1.2406),tensor(0.7387)
4517,4517,tensor(1.9054),tensor(1.2406),tensor(0.7387)
4518,4518,tensor(1.9054),tensor(1.2406),tensor(0.7387)
4519,4519,tensor(1.9054),tensor(1.2406),tensor(0.7387)
4520,4520,tensor(1.9054),tensor(1.2406),tensor(0.7387)
4521,4521,tensor(1.9054),tensor(1.2405),tensor(0.7387)
4522,4522,tensor(1.9054),tensor(1.2405),tensor(0.7387)
4523,4523,tensor(1.9054),tensor(1.2405),tensor(0.7387)
4524,4524,tensor(1.9054),tensor(1.2405),tensor(0.7387)
4525,4525,tensor(1.9054),tensor(1.2405),tensor(0.7387)
4526,4526,tensor(1.9054),tensor(1.2405),tensor(0.7387)
4527,4527,tensor(1.9054),tensor(1.2405),tensor(0.7387)
4528,4528,tensor(1.9054),tensor(1.2405),tensor(0.7387)
4529,4529,tensor(1.9054),tensor(1.2405),tensor(0.7387)
4530,4530,tensor(1.9054),tensor(1.2405),tensor(0.7387)
4531,4531,tensor(1.9053),tensor(1.2404),tensor(0.7387)
4532,4532,tensor(1.9053),tensor(1.2404),tensor(0.7387)
4533,4533,tensor(1.9053),tensor(1.2404),tensor(0.7387)
4534,4534,tensor(1.9053),tensor(1.2404),tensor(0.7387)
4535,4535,tensor(1.9053),tensor(1.2404),tensor(0.7387)
4536,4536,tensor(1.9053),tensor(1.2404),tensor(0.7387)
4537,4537,tensor(1.9053),tensor(1.2404),tensor(0.7387)
4538,4538,tensor(1.9053),tensor(1.2404),tensor(0.7387)
4539,4539,tensor(1.9053),tensor(1.2404),tensor(0.7387)
4540,4540,tensor(1.9053),tensor(1.2404),tensor(0.7387)
4541,4541,tensor(1.9053),tensor(1.2404),tensor(0.7387)
4542,4542,tensor(1.9053),tensor(1.2403),tensor(0.7387)
4543,4543,tensor(1.9053),tensor(1.2403),tensor(0.7387)
4544,4544,tensor(1.9053),tensor(1.2403),tensor(0.7387)
4545,4545,tensor(1.9053),tensor(1.2403),tensor(0.7387)
4546,4546,tensor(1.9053),tensor(1.2403),tensor(0.7387)
4547,4547,tensor(1.9053),tensor(1.2403),tensor(0.7387)
4548,4548,tensor(1.9053),tensor(1.2403),tensor(0.7387)
4549,4549,tensor(1.9053),tensor(1.2403),tensor(0.7387)
4550,4550,tensor(1.9053),tensor(1.2403),tensor(0.7387)
4551,4551,tensor(1.9053),tensor(1.2403),tensor(0.7387)
4552,4552,tensor(1.9052),tensor(1.2403),tensor(0.7387)
4553,4553,tensor(1.9052),tensor(1.2402),tensor(0.7387)
4554,4554,tensor(1.9052),tensor(1.2402),tensor(0.7387)
4555,4555,tensor(1.9052),tensor(1.2402),tensor(0.7387)
4556,4556,tensor(1.9052),tensor(1.2402),tensor(0.7387)
4557,4557,tensor(1.9052),tensor(1.2402),tensor(0.7386)
4558,4558,tensor(1.9052),tensor(1.2402),tensor(0.7386)
4559,4559,tensor(1.9052),tensor(1.2402),tensor(0.7386)
4560,4560,tensor(1.9052),tensor(1.2402),tensor(0.7386)
4561,4561,tensor(1.9052),tensor(1.2402),tensor(0.7386)
4562,4562,tensor(1.9052),tensor(1.2402),tensor(0.7386)
4563,4563,tensor(1.9052),tensor(1.2402),tensor(0.7386)
4564,4564,tensor(1.9052),tensor(1.2401),tensor(0.7386)
4565,4565,tensor(1.9052),tensor(1.2401),tensor(0.7386)
4566,4566,tensor(1.9052),tensor(1.2401),tensor(0.7386)
4567,4567,tensor(1.9052),tensor(1.2401),tensor(0.7386)
4568,4568,tensor(1.9052),tensor(1.2401),tensor(0.7386)
4569,4569,tensor(1.9052),tensor(1.2401),tensor(0.7386)
4570,4570,tensor(1.9052),tensor(1.2401),tensor(0.7386)
4571,4571,tensor(1.9052),tensor(1.2401),tensor(0.7386)
4572,4572,tensor(1.9052),tensor(1.2401),tensor(0.7386)
4573,4573,tensor(1.9052),tensor(1.2401),tensor(0.7386)
4574,4574,tensor(1.9051),tensor(1.2401),tensor(0.7386)
4575,4575,tensor(1.9051),tensor(1.2400),tensor(0.7386)
4576,4576,tensor(1.9051),tensor(1.2400),tensor(0.7386)
4577,4577,tensor(1.9051),tensor(1.2400),tensor(0.7386)
4578,4578,tensor(1.9051),tensor(1.2400),tensor(0.7386)
4579,4579,tensor(1.9051),tensor(1.2400),tensor(0.7386)
4580,4580,tensor(1.9051),tensor(1.2400),tensor(0.7386)
4581,4581,tensor(1.9051),tensor(1.2400),tensor(0.7386)
4582,4582,tensor(1.9051),tensor(1.2400),tensor(0.7386)
4583,4583,tensor(1.9051),tensor(1.2400),tensor(0.7386)
4584,4584,tensor(1.9051),tensor(1.2400),tensor(0.7386)
4585,4585,tensor(1.9051),tensor(1.2400),tensor(0.7386)
4586,4586,tensor(1.9051),tensor(1.2399),tensor(0.7386)
4587,4587,tensor(1.9051),tensor(1.2399),tensor(0.7386)
4588,4588,tensor(1.9051),tensor(1.2399),tensor(0.7386)
4589,4589,tensor(1.9051),tensor(1.2399),tensor(0.7386)
4590,4590,tensor(1.9051),tensor(1.2399),tensor(0.7386)
4591,4591,tensor(1.9051),tensor(1.2399),tensor(0.7386)
4592,4592,tensor(1.9051),tensor(1.2399),tensor(0.7386)
4593,4593,tensor(1.9051),tensor(1.2399),tensor(0.7386)
4594,4594,tensor(1.9051),tensor(1.2399),tensor(0.7386)
4595,4595,tensor(1.9051),tensor(1.2399),tensor(0.7386)
4596,4596,tensor(1.9051),tensor(1.2399),tensor(0.7386)
4597,4597,tensor(1.9050),tensor(1.2398),tensor(0.7386)
4598,4598,tensor(1.9050),tensor(1.2398),tensor(0.7386)
4599,4599,tensor(1.9050),tensor(1.2398),tensor(0.7386)
4600,4600,tensor(1.9050),tensor(1.2398),tensor(0.7386)
4601,4601,tensor(1.9050),tensor(1.2398),tensor(0.7386)
4602,4602,tensor(1.9050),tensor(1.2398),tensor(0.7386)
4603,4603,tensor(1.9050),tensor(1.2398),tensor(0.7386)
4604,4604,tensor(1.9050),tensor(1.2398),tensor(0.7386)
4605,4605,tensor(1.9050),tensor(1.2398),tensor(0.7386)
4606,4606,tensor(1.9050),tensor(1.2398),tensor(0.7386)
4607,4607,tensor(1.9050),tensor(1.2398),tensor(0.7386)
4608,4608,tensor(1.9050),tensor(1.2397),tensor(0.7386)
4609,4609,tensor(1.9050),tensor(1.2397),tensor(0.7386)
4610,4610,tensor(1.9050),tensor(1.2397),tensor(0.7385)
4611,4611,tensor(1.9050),tensor(1.2397),tensor(0.7385)
4612,4612,tensor(1.9050),tensor(1.2397),tensor(0.7385)
4613,4613,tensor(1.9050),tensor(1.2397),tensor(0.7385)
4614,4614,tensor(1.9050),tensor(1.2397),tensor(0.7385)
4615,4615,tensor(1.9050),tensor(1.2397),tensor(0.7385)
4616,4616,tensor(1.9050),tensor(1.2397),tensor(0.7385)
4617,4617,tensor(1.9050),tensor(1.2397),tensor(0.7385)
4618,4618,tensor(1.9050),tensor(1.2397),tensor(0.7385)
4619,4619,tensor(1.9050),tensor(1.2396),tensor(0.7385)
4620,4620,tensor(1.9050),tensor(1.2396),tensor(0.7385)
4621,4621,tensor(1.9049),tensor(1.2396),tensor(0.7385)
4622,4622,tensor(1.9049),tensor(1.2396),tensor(0.7385)
4623,4623,tensor(1.9049),tensor(1.2396),tensor(0.7385)
4624,4624,tensor(1.9049),tensor(1.2396),tensor(0.7385)
4625,4625,tensor(1.9049),tensor(1.2396),tensor(0.7385)
4626,4626,tensor(1.9049),tensor(1.2396),tensor(0.7385)
4627,4627,tensor(1.9049),tensor(1.2396),tensor(0.7385)
4628,4628,tensor(1.9049),tensor(1.2396),tensor(0.7385)
4629,4629,tensor(1.9049),tensor(1.2396),tensor(0.7385)
4630,4630,tensor(1.9049),tensor(1.2396),tensor(0.7385)
4631,4631,tensor(1.9049),tensor(1.2395),tensor(0.7385)
4632,4632,tensor(1.9049),tensor(1.2395),tensor(0.7385)
4633,4633,tensor(1.9049),tensor(1.2395),tensor(0.7385)
4634,4634,tensor(1.9049),tensor(1.2395),tensor(0.7385)
4635,4635,tensor(1.9049),tensor(1.2395),tensor(0.7385)
4636,4636,tensor(1.9049),tensor(1.2395),tensor(0.7385)
4637,4637,tensor(1.9049),tensor(1.2395),tensor(0.7385)
4638,4638,tensor(1.9049),tensor(1.2395),tensor(0.7385)
4639,4639,tensor(1.9049),tensor(1.2395),tensor(0.7385)
4640,4640,tensor(1.9049),tensor(1.2395),tensor(0.7385)
4641,4641,tensor(1.9049),tensor(1.2395),tensor(0.7385)
4642,4642,tensor(1.9049),tensor(1.2394),tensor(0.7385)
4643,4643,tensor(1.9049),tensor(1.2394),tensor(0.7385)
4644,4644,tensor(1.9049),tensor(1.2394),tensor(0.7385)
4645,4645,tensor(1.9049),tensor(1.2394),tensor(0.7385)
4646,4646,tensor(1.9048),tensor(1.2394),tensor(0.7385)
4647,4647,tensor(1.9048),tensor(1.2394),tensor(0.7385)
4648,4648,tensor(1.9048),tensor(1.2394),tensor(0.7385)
4649,4649,tensor(1.9048),tensor(1.2394),tensor(0.7385)
4650,4650,tensor(1.9048),tensor(1.2394),tensor(0.7385)
4651,4651,tensor(1.9048),tensor(1.2394),tensor(0.7385)
4652,4652,tensor(1.9048),tensor(1.2394),tensor(0.7385)
4653,4653,tensor(1.9048),tensor(1.2394),tensor(0.7385)
4654,4654,tensor(1.9048),tensor(1.2393),tensor(0.7385)
4655,4655,tensor(1.9048),tensor(1.2393),tensor(0.7385)
4656,4656,tensor(1.9048),tensor(1.2393),tensor(0.7385)
4657,4657,tensor(1.9048),tensor(1.2393),tensor(0.7385)
4658,4658,tensor(1.9048),tensor(1.2393),tensor(0.7385)
4659,4659,tensor(1.9048),tensor(1.2393),tensor(0.7385)
4660,4660,tensor(1.9048),tensor(1.2393),tensor(0.7385)
4661,4661,tensor(1.9048),tensor(1.2393),tensor(0.7385)
4662,4662,tensor(1.9048),tensor(1.2393),tensor(0.7385)
4663,4663,tensor(1.9048),tensor(1.2393),tensor(0.7385)
4664,4664,tensor(1.9048),tensor(1.2393),tensor(0.7385)
4665,4665,tensor(1.9048),tensor(1.2393),tensor(0.7384)
4666,4666,tensor(1.9048),tensor(1.2392),tensor(0.7384)
4667,4667,tensor(1.9048),tensor(1.2392),tensor(0.7384)
4668,4668,tensor(1.9048),tensor(1.2392),tensor(0.7384)
4669,4669,tensor(1.9048),tensor(1.2392),tensor(0.7384)
4670,4670,tensor(1.9048),tensor(1.2392),tensor(0.7384)
4671,4671,tensor(1.9048),tensor(1.2392),tensor(0.7384)
4672,4672,tensor(1.9047),tensor(1.2392),tensor(0.7384)
4673,4673,tensor(1.9047),tensor(1.2392),tensor(0.7384)
4674,4674,tensor(1.9047),tensor(1.2392),tensor(0.7384)
4675,4675,tensor(1.9047),tensor(1.2392),tensor(0.7384)
4676,4676,tensor(1.9047),tensor(1.2392),tensor(0.7384)
4677,4677,tensor(1.9047),tensor(1.2391),tensor(0.7384)
4678,4678,tensor(1.9047),tensor(1.2391),tensor(0.7384)
4679,4679,tensor(1.9047),tensor(1.2391),tensor(0.7384)
4680,4680,tensor(1.9047),tensor(1.2391),tensor(0.7384)
4681,4681,tensor(1.9047),tensor(1.2391),tensor(0.7384)
4682,4682,tensor(1.9047),tensor(1.2391),tensor(0.7384)
4683,4683,tensor(1.9047),tensor(1.2391),tensor(0.7384)
4684,4684,tensor(1.9047),tensor(1.2391),tensor(0.7384)
4685,4685,tensor(1.9047),tensor(1.2391),tensor(0.7384)
4686,4686,tensor(1.9047),tensor(1.2391),tensor(0.7384)
4687,4687,tensor(1.9047),tensor(1.2391),tensor(0.7384)
4688,4688,tensor(1.9047),tensor(1.2391),tensor(0.7384)
4689,4689,tensor(1.9047),tensor(1.2390),tensor(0.7384)
4690,4690,tensor(1.9047),tensor(1.2390),tensor(0.7384)
4691,4691,tensor(1.9047),tensor(1.2390),tensor(0.7384)
4692,4692,tensor(1.9047),tensor(1.2390),tensor(0.7384)
4693,4693,tensor(1.9047),tensor(1.2390),tensor(0.7384)
4694,4694,tensor(1.9047),tensor(1.2390),tensor(0.7384)
4695,4695,tensor(1.9047),tensor(1.2390),tensor(0.7384)
4696,4696,tensor(1.9047),tensor(1.2390),tensor(0.7384)
4697,4697,tensor(1.9047),tensor(1.2390),tensor(0.7384)
4698,4698,tensor(1.9047),tensor(1.2390),tensor(0.7384)
4699,4699,tensor(1.9047),tensor(1.2390),tensor(0.7384)
4700,4700,tensor(1.9046),tensor(1.2390),tensor(0.7384)
4701,4701,tensor(1.9046),tensor(1.2390),tensor(0.7384)
4702,4702,tensor(1.9046),tensor(1.2389),tensor(0.7384)
4703,4703,tensor(1.9046),tensor(1.2389),tensor(0.7384)
4704,4704,tensor(1.9046),tensor(1.2389),tensor(0.7384)
4705,4705,tensor(1.9046),tensor(1.2389),tensor(0.7384)
4706,4706,tensor(1.9046),tensor(1.2389),tensor(0.7384)
4707,4707,tensor(1.9046),tensor(1.2389),tensor(0.7384)
4708,4708,tensor(1.9046),tensor(1.2389),tensor(0.7384)
4709,4709,tensor(1.9046),tensor(1.2389),tensor(0.7384)
4710,4710,tensor(1.9046),tensor(1.2389),tensor(0.7384)
4711,4711,tensor(1.9046),tensor(1.2389),tensor(0.7384)
4712,4712,tensor(1.9046),tensor(1.2389),tensor(0.7384)
4713,4713,tensor(1.9046),tensor(1.2389),tensor(0.7384)
4714,4714,tensor(1.9046),tensor(1.2388),tensor(0.7384)
4715,4715,tensor(1.9046),tensor(1.2388),tensor(0.7384)
4716,4716,tensor(1.9046),tensor(1.2388),tensor(0.7384)
4717,4717,tensor(1.9046),tensor(1.2388),tensor(0.7384)
4718,4718,tensor(1.9046),tensor(1.2388),tensor(0.7384)
4719,4719,tensor(1.9046),tensor(1.2388),tensor(0.7384)
4720,4720,tensor(1.9046),tensor(1.2388),tensor(0.7384)
4721,4721,tensor(1.9046),tensor(1.2388),tensor(0.7384)
4722,4722,tensor(1.9046),tensor(1.2388),tensor(0.7384)
4723,4723,tensor(1.9046),tensor(1.2388),tensor(0.7383)
4724,4724,tensor(1.9046),tensor(1.2388),tensor(0.7383)
4725,4725,tensor(1.9046),tensor(1.2388),tensor(0.7383)
4726,4726,tensor(1.9046),tensor(1.2387),tensor(0.7383)
4727,4727,tensor(1.9046),tensor(1.2387),tensor(0.7383)
4728,4728,tensor(1.9045),tensor(1.2387),tensor(0.7383)
4729,4729,tensor(1.9045),tensor(1.2387),tensor(0.7383)
4730,4730,tensor(1.9045),tensor(1.2387),tensor(0.7383)
4731,4731,tensor(1.9045),tensor(1.2387),tensor(0.7383)
4732,4732,tensor(1.9045),tensor(1.2387),tensor(0.7383)
4733,4733,tensor(1.9045),tensor(1.2387),tensor(0.7383)
4734,4734,tensor(1.9045),tensor(1.2387),tensor(0.7383)
4735,4735,tensor(1.9045),tensor(1.2387),tensor(0.7383)
4736,4736,tensor(1.9045),tensor(1.2387),tensor(0.7383)
4737,4737,tensor(1.9045),tensor(1.2387),tensor(0.7383)
4738,4738,tensor(1.9045),tensor(1.2387),tensor(0.7383)
4739,4739,tensor(1.9045),tensor(1.2386),tensor(0.7383)
4740,4740,tensor(1.9045),tensor(1.2386),tensor(0.7383)
4741,4741,tensor(1.9045),tensor(1.2386),tensor(0.7383)
4742,4742,tensor(1.9045),tensor(1.2386),tensor(0.7383)
4743,4743,tensor(1.9045),tensor(1.2386),tensor(0.7383)
4744,4744,tensor(1.9045),tensor(1.2386),tensor(0.7383)
4745,4745,tensor(1.9045),tensor(1.2386),tensor(0.7383)
4746,4746,tensor(1.9045),tensor(1.2386),tensor(0.7383)
4747,4747,tensor(1.9045),tensor(1.2386),tensor(0.7383)
4748,4748,tensor(1.9045),tensor(1.2386),tensor(0.7383)
4749,4749,tensor(1.9045),tensor(1.2386),tensor(0.7383)
4750,4750,tensor(1.9045),tensor(1.2386),tensor(0.7383)
4751,4751,tensor(1.9045),tensor(1.2385),tensor(0.7383)
4752,4752,tensor(1.9045),tensor(1.2385),tensor(0.7383)
4753,4753,tensor(1.9045),tensor(1.2385),tensor(0.7383)
4754,4754,tensor(1.9045),tensor(1.2385),tensor(0.7383)
4755,4755,tensor(1.9045),tensor(1.2385),tensor(0.7383)
4756,4756,tensor(1.9045),tensor(1.2385),tensor(0.7383)
4757,4757,tensor(1.9045),tensor(1.2385),tensor(0.7383)
4758,4758,tensor(1.9045),tensor(1.2385),tensor(0.7383)
4759,4759,tensor(1.9044),tensor(1.2385),tensor(0.7383)
4760,4760,tensor(1.9044),tensor(1.2385),tensor(0.7383)
4761,4761,tensor(1.9044),tensor(1.2385),tensor(0.7383)
4762,4762,tensor(1.9044),tensor(1.2385),tensor(0.7383)
4763,4763,tensor(1.9044),tensor(1.2385),tensor(0.7383)
4764,4764,tensor(1.9044),tensor(1.2384),tensor(0.7383)
4765,4765,tensor(1.9044),tensor(1.2384),tensor(0.7383)
4766,4766,tensor(1.9044),tensor(1.2384),tensor(0.7383)
4767,4767,tensor(1.9044),tensor(1.2384),tensor(0.7383)
4768,4768,tensor(1.9044),tensor(1.2384),tensor(0.7383)
4769,4769,tensor(1.9044),tensor(1.2384),tensor(0.7383)
4770,4770,tensor(1.9044),tensor(1.2384),tensor(0.7383)
4771,4771,tensor(1.9044),tensor(1.2384),tensor(0.7383)
4772,4772,tensor(1.9044),tensor(1.2384),tensor(0.7383)
4773,4773,tensor(1.9044),tensor(1.2384),tensor(0.7383)
4774,4774,tensor(1.9044),tensor(1.2384),tensor(0.7383)
4775,4775,tensor(1.9044),tensor(1.2384),tensor(0.7383)
4776,4776,tensor(1.9044),tensor(1.2384),tensor(0.7383)
4777,4777,tensor(1.9044),tensor(1.2383),tensor(0.7383)
4778,4778,tensor(1.9044),tensor(1.2383),tensor(0.7383)
4779,4779,tensor(1.9044),tensor(1.2383),tensor(0.7383)
4780,4780,tensor(1.9044),tensor(1.2383),tensor(0.7383)
4781,4781,tensor(1.9044),tensor(1.2383),tensor(0.7383)
4782,4782,tensor(1.9044),tensor(1.2383),tensor(0.7383)
4783,4783,tensor(1.9044),tensor(1.2383),tensor(0.7383)
4784,4784,tensor(1.9044),tensor(1.2383),tensor(0.7383)
4785,4785,tensor(1.9044),tensor(1.2383),tensor(0.7382)
4786,4786,tensor(1.9044),tensor(1.2383),tensor(0.7382)
4787,4787,tensor(1.9044),tensor(1.2383),tensor(0.7382)
4788,4788,tensor(1.9044),tensor(1.2383),tensor(0.7382)
4789,4789,tensor(1.9044),tensor(1.2383),tensor(0.7382)
4790,4790,tensor(1.9044),tensor(1.2382),tensor(0.7382)
4791,4791,tensor(1.9043),tensor(1.2382),tensor(0.7382)
4792,4792,tensor(1.9043),tensor(1.2382),tensor(0.7382)
4793,4793,tensor(1.9043),tensor(1.2382),tensor(0.7382)
4794,4794,tensor(1.9043),tensor(1.2382),tensor(0.7382)
4795,4795,tensor(1.9043),tensor(1.2382),tensor(0.7382)
4796,4796,tensor(1.9043),tensor(1.2382),tensor(0.7382)
4797,4797,tensor(1.9043),tensor(1.2382),tensor(0.7382)
4798,4798,tensor(1.9043),tensor(1.2382),tensor(0.7382)
4799,4799,tensor(1.9043),tensor(1.2382),tensor(0.7382)
4800,4800,tensor(1.9043),tensor(1.2382),tensor(0.7382)
4801,4801,tensor(1.9043),tensor(1.2382),tensor(0.7382)
4802,4802,tensor(1.9043),tensor(1.2382),tensor(0.7382)
4803,4803,tensor(1.9043),tensor(1.2381),tensor(0.7382)
4804,4804,tensor(1.9043),tensor(1.2381),tensor(0.7382)
4805,4805,tensor(1.9043),tensor(1.2381),tensor(0.7382)
4806,4806,tensor(1.9043),tensor(1.2381),tensor(0.7382)
4807,4807,tensor(1.9043),tensor(1.2381),tensor(0.7382)
4808,4808,tensor(1.9043),tensor(1.2381),tensor(0.7382)
4809,4809,tensor(1.9043),tensor(1.2381),tensor(0.7382)
4810,4810,tensor(1.9043),tensor(1.2381),tensor(0.7382)
4811,4811,tensor(1.9043),tensor(1.2381),tensor(0.7382)
4812,4812,tensor(1.9043),tensor(1.2381),tensor(0.7382)
4813,4813,tensor(1.9043),tensor(1.2381),tensor(0.7382)
4814,4814,tensor(1.9043),tensor(1.2381),tensor(0.7382)
4815,4815,tensor(1.9043),tensor(1.2381),tensor(0.7382)
4816,4816,tensor(1.9043),tensor(1.2380),tensor(0.7382)
4817,4817,tensor(1.9043),tensor(1.2380),tensor(0.7382)
4818,4818,tensor(1.9043),tensor(1.2380),tensor(0.7382)
4819,4819,tensor(1.9043),tensor(1.2380),tensor(0.7382)
4820,4820,tensor(1.9043),tensor(1.2380),tensor(0.7382)
4821,4821,tensor(1.9043),tensor(1.2380),tensor(0.7382)
4822,4822,tensor(1.9043),tensor(1.2380),tensor(0.7382)
4823,4823,tensor(1.9043),tensor(1.2380),tensor(0.7382)
4824,4824,tensor(1.9043),tensor(1.2380),tensor(0.7382)
4825,4825,tensor(1.9043),tensor(1.2380),tensor(0.7382)
4826,4826,tensor(1.9042),tensor(1.2380),tensor(0.7382)
4827,4827,tensor(1.9042),tensor(1.2380),tensor(0.7382)
4828,4828,tensor(1.9042),tensor(1.2380),tensor(0.7382)
4829,4829,tensor(1.9042),tensor(1.2380),tensor(0.7382)
4830,4830,tensor(1.9042),tensor(1.2379),tensor(0.7382)
4831,4831,tensor(1.9042),tensor(1.2379),tensor(0.7382)
4832,4832,tensor(1.9042),tensor(1.2379),tensor(0.7382)
4833,4833,tensor(1.9042),tensor(1.2379),tensor(0.7382)
4834,4834,tensor(1.9042),tensor(1.2379),tensor(0.7382)
4835,4835,tensor(1.9042),tensor(1.2379),tensor(0.7382)
4836,4836,tensor(1.9042),tensor(1.2379),tensor(0.7382)
4837,4837,tensor(1.9042),tensor(1.2379),tensor(0.7382)
4838,4838,tensor(1.9042),tensor(1.2379),tensor(0.7382)
4839,4839,tensor(1.9042),tensor(1.2379),tensor(0.7382)
4840,4840,tensor(1.9042),tensor(1.2379),tensor(0.7382)
4841,4841,tensor(1.9042),tensor(1.2379),tensor(0.7382)
4842,4842,tensor(1.9042),tensor(1.2379),tensor(0.7382)
4843,4843,tensor(1.9042),tensor(1.2379),tensor(0.7382)
4844,4844,tensor(1.9042),tensor(1.2378),tensor(0.7382)
4845,4845,tensor(1.9042),tensor(1.2378),tensor(0.7382)
4846,4846,tensor(1.9042),tensor(1.2378),tensor(0.7382)
4847,4847,tensor(1.9042),tensor(1.2378),tensor(0.7382)
4848,4848,tensor(1.9042),tensor(1.2378),tensor(0.7382)
4849,4849,tensor(1.9042),tensor(1.2378),tensor(0.7382)
4850,4850,tensor(1.9042),tensor(1.2378),tensor(0.7381)
4851,4851,tensor(1.9042),tensor(1.2378),tensor(0.7381)
4852,4852,tensor(1.9042),tensor(1.2378),tensor(0.7381)
4853,4853,tensor(1.9042),tensor(1.2378),tensor(0.7381)
4854,4854,tensor(1.9042),tensor(1.2378),tensor(0.7381)
4855,4855,tensor(1.9042),tensor(1.2378),tensor(0.7381)
4856,4856,tensor(1.9042),tensor(1.2378),tensor(0.7381)
4857,4857,tensor(1.9042),tensor(1.2377),tensor(0.7381)
4858,4858,tensor(1.9042),tensor(1.2377),tensor(0.7381)
4859,4859,tensor(1.9042),tensor(1.2377),tensor(0.7381)
4860,4860,tensor(1.9042),tensor(1.2377),tensor(0.7381)
4861,4861,tensor(1.9042),tensor(1.2377),tensor(0.7381)
4862,4862,tensor(1.9042),tensor(1.2377),tensor(0.7381)
4863,4863,tensor(1.9041),tensor(1.2377),tensor(0.7381)
4864,4864,tensor(1.9041),tensor(1.2377),tensor(0.7381)
4865,4865,tensor(1.9041),tensor(1.2377),tensor(0.7381)
4866,4866,tensor(1.9041),tensor(1.2377),tensor(0.7381)
4867,4867,tensor(1.9041),tensor(1.2377),tensor(0.7381)
4868,4868,tensor(1.9041),tensor(1.2377),tensor(0.7381)
4869,4869,tensor(1.9041),tensor(1.2377),tensor(0.7381)
4870,4870,tensor(1.9041),tensor(1.2377),tensor(0.7381)
4871,4871,tensor(1.9041),tensor(1.2376),tensor(0.7381)
4872,4872,tensor(1.9041),tensor(1.2376),tensor(0.7381)
4873,4873,tensor(1.9041),tensor(1.2376),tensor(0.7381)
4874,4874,tensor(1.9041),tensor(1.2376),tensor(0.7381)
4875,4875,tensor(1.9041),tensor(1.2376),tensor(0.7381)
4876,4876,tensor(1.9041),tensor(1.2376),tensor(0.7381)
4877,4877,tensor(1.9041),tensor(1.2376),tensor(0.7381)
4878,4878,tensor(1.9041),tensor(1.2376),tensor(0.7381)
4879,4879,tensor(1.9041),tensor(1.2376),tensor(0.7381)
4880,4880,tensor(1.9041),tensor(1.2376),tensor(0.7381)
4881,4881,tensor(1.9041),tensor(1.2376),tensor(0.7381)
4882,4882,tensor(1.9041),tensor(1.2376),tensor(0.7381)
4883,4883,tensor(1.9041),tensor(1.2376),tensor(0.7381)
4884,4884,tensor(1.9041),tensor(1.2376),tensor(0.7381)
4885,4885,tensor(1.9041),tensor(1.2376),tensor(0.7381)
4886,4886,tensor(1.9041),tensor(1.2375),tensor(0.7381)
4887,4887,tensor(1.9041),tensor(1.2375),tensor(0.7381)
4888,4888,tensor(1.9041),tensor(1.2375),tensor(0.7381)
4889,4889,tensor(1.9041),tensor(1.2375),tensor(0.7381)
4890,4890,tensor(1.9041),tensor(1.2375),tensor(0.7381)
4891,4891,tensor(1.9041),tensor(1.2375),tensor(0.7381)
4892,4892,tensor(1.9041),tensor(1.2375),tensor(0.7381)
4893,4893,tensor(1.9041),tensor(1.2375),tensor(0.7381)
4894,4894,tensor(1.9041),tensor(1.2375),tensor(0.7381)
4895,4895,tensor(1.9041),tensor(1.2375),tensor(0.7381)
4896,4896,tensor(1.9041),tensor(1.2375),tensor(0.7381)
4897,4897,tensor(1.9041),tensor(1.2375),tensor(0.7381)
4898,4898,tensor(1.9041),tensor(1.2375),tensor(0.7381)
4899,4899,tensor(1.9041),tensor(1.2375),tensor(0.7381)
4900,4900,tensor(1.9041),tensor(1.2374),tensor(0.7381)
4901,4901,tensor(1.9041),tensor(1.2374),tensor(0.7381)
4902,4902,tensor(1.9041),tensor(1.2374),tensor(0.7381)
4903,4903,tensor(1.9040),tensor(1.2374),tensor(0.7381)
4904,4904,tensor(1.9040),tensor(1.2374),tensor(0.7381)
4905,4905,tensor(1.9040),tensor(1.2374),tensor(0.7381)
4906,4906,tensor(1.9040),tensor(1.2374),tensor(0.7381)
4907,4907,tensor(1.9040),tensor(1.2374),tensor(0.7381)
4908,4908,tensor(1.9040),tensor(1.2374),tensor(0.7381)
4909,4909,tensor(1.9040),tensor(1.2374),tensor(0.7381)
4910,4910,tensor(1.9040),tensor(1.2374),tensor(0.7381)
4911,4911,tensor(1.9040),tensor(1.2374),tensor(0.7381)
4912,4912,tensor(1.9040),tensor(1.2374),tensor(0.7381)
4913,4913,tensor(1.9040),tensor(1.2374),tensor(0.7381)
4914,4914,tensor(1.9040),tensor(1.2374),tensor(0.7381)
4915,4915,tensor(1.9040),tensor(1.2373),tensor(0.7381)
4916,4916,tensor(1.9040),tensor(1.2373),tensor(0.7381)
4917,4917,tensor(1.9040),tensor(1.2373),tensor(0.7381)
4918,4918,tensor(1.9040),tensor(1.2373),tensor(0.7381)
4919,4919,tensor(1.9040),tensor(1.2373),tensor(0.7381)
4920,4920,tensor(1.9040),tensor(1.2373),tensor(0.7380)
4921,4921,tensor(1.9040),tensor(1.2373),tensor(0.7380)
4922,4922,tensor(1.9040),tensor(1.2373),tensor(0.7380)
4923,4923,tensor(1.9040),tensor(1.2373),tensor(0.7380)
4924,4924,tensor(1.9040),tensor(1.2373),tensor(0.7380)
4925,4925,tensor(1.9040),tensor(1.2373),tensor(0.7380)
4926,4926,tensor(1.9040),tensor(1.2373),tensor(0.7380)
4927,4927,tensor(1.9040),tensor(1.2373),tensor(0.7380)
4928,4928,tensor(1.9040),tensor(1.2373),tensor(0.7380)
4929,4929,tensor(1.9040),tensor(1.2372),tensor(0.7380)
4930,4930,tensor(1.9040),tensor(1.2372),tensor(0.7380)
4931,4931,tensor(1.9040),tensor(1.2372),tensor(0.7380)
4932,4932,tensor(1.9040),tensor(1.2372),tensor(0.7380)
4933,4933,tensor(1.9040),tensor(1.2372),tensor(0.7380)
4934,4934,tensor(1.9040),tensor(1.2372),tensor(0.7380)
4935,4935,tensor(1.9040),tensor(1.2372),tensor(0.7380)
4936,4936,tensor(1.9040),tensor(1.2372),tensor(0.7380)
4937,4937,tensor(1.9040),tensor(1.2372),tensor(0.7380)
4938,4938,tensor(1.9040),tensor(1.2372),tensor(0.7380)
4939,4939,tensor(1.9040),tensor(1.2372),tensor(0.7380)
4940,4940,tensor(1.9040),tensor(1.2372),tensor(0.7380)
4941,4941,tensor(1.9040),tensor(1.2372),tensor(0.7380)
4942,4942,tensor(1.9040),tensor(1.2372),tensor(0.7380)
4943,4943,tensor(1.9040),tensor(1.2372),tensor(0.7380)
4944,4944,tensor(1.9040),tensor(1.2371),tensor(0.7380)
4945,4945,tensor(1.9040),tensor(1.2371),tensor(0.7380)
4946,4946,tensor(1.9040),tensor(1.2371),tensor(0.7380)
4947,4947,tensor(1.9039),tensor(1.2371),tensor(0.7380)
4948,4948,tensor(1.9039),tensor(1.2371),tensor(0.7380)
4949,4949,tensor(1.9039),tensor(1.2371),tensor(0.7380)
4950,4950,tensor(1.9039),tensor(1.2371),tensor(0.7380)
4951,4951,tensor(1.9039),tensor(1.2371),tensor(0.7380)
4952,4952,tensor(1.9039),tensor(1.2371),tensor(0.7380)
4953,4953,tensor(1.9039),tensor(1.2371),tensor(0.7380)
4954,4954,tensor(1.9039),tensor(1.2371),tensor(0.7380)
4955,4955,tensor(1.9039),tensor(1.2371),tensor(0.7380)
4956,4956,tensor(1.9039),tensor(1.2371),tensor(0.7380)
4957,4957,tensor(1.9039),tensor(1.2371),tensor(0.7380)
4958,4958,tensor(1.9039),tensor(1.2371),tensor(0.7380)
4959,4959,tensor(1.9039),tensor(1.2371),tensor(0.7380)
4960,4960,tensor(1.9039),tensor(1.2370),tensor(0.7380)
4961,4961,tensor(1.9039),tensor(1.2370),tensor(0.7380)
4962,4962,tensor(1.9039),tensor(1.2370),tensor(0.7380)
4963,4963,tensor(1.9039),tensor(1.2370),tensor(0.7380)
4964,4964,tensor(1.9039),tensor(1.2370),tensor(0.7380)
4965,4965,tensor(1.9039),tensor(1.2370),tensor(0.7380)
4966,4966,tensor(1.9039),tensor(1.2370),tensor(0.7380)
4967,4967,tensor(1.9039),tensor(1.2370),tensor(0.7380)
4968,4968,tensor(1.9039),tensor(1.2370),tensor(0.7380)
4969,4969,tensor(1.9039),tensor(1.2370),tensor(0.7380)
4970,4970,tensor(1.9039),tensor(1.2370),tensor(0.7380)
4971,4971,tensor(1.9039),tensor(1.2370),tensor(0.7380)
4972,4972,tensor(1.9039),tensor(1.2370),tensor(0.7380)
4973,4973,tensor(1.9039),tensor(1.2370),tensor(0.7380)
4974,4974,tensor(1.9039),tensor(1.2370),tensor(0.7380)
4975,4975,tensor(1.9039),tensor(1.2369),tensor(0.7380)
4976,4976,tensor(1.9039),tensor(1.2369),tensor(0.7380)
4977,4977,tensor(1.9039),tensor(1.2369),tensor(0.7380)
4978,4978,tensor(1.9039),tensor(1.2369),tensor(0.7380)
4979,4979,tensor(1.9039),tensor(1.2369),tensor(0.7380)
4980,4980,tensor(1.9039),tensor(1.2369),tensor(0.7380)
4981,4981,tensor(1.9039),tensor(1.2369),tensor(0.7380)
4982,4982,tensor(1.9039),tensor(1.2369),tensor(0.7380)
4983,4983,tensor(1.9039),tensor(1.2369),tensor(0.7380)
4984,4984,tensor(1.9039),tensor(1.2369),tensor(0.7380)
4985,4985,tensor(1.9039),tensor(1.2369),tensor(0.7380)
4986,4986,tensor(1.9039),tensor(1.2369),tensor(0.7380)
4987,4987,tensor(1.9039),tensor(1.2369),tensor(0.7380)
4988,4988,tensor(1.9039),tensor(1.2369),tensor(0.7380)
4989,4989,tensor(1.9039),tensor(1.2369),tensor(0.7380)
4990,4990,tensor(1.9039),tensor(1.2369),tensor(0.7380)
4991,4991,tensor(1.9039),tensor(1.2368),tensor(0.7380)
4992,4992,tensor(1.9039),tensor(1.2368),tensor(0.7380)
4993,4993,tensor(1.9039),tensor(1.2368),tensor(0.7380)
4994,4994,tensor(1.9039),tensor(1.2368),tensor(0.7380)
4995,4995,tensor(1.9039),tensor(1.2368),tensor(0.7379)
4996,4996,tensor(1.9038),tensor(1.2368),tensor(0.7379)
4997,4997,tensor(1.9038),tensor(1.2368),tensor(0.7379)
4998,4998,tensor(1.9038),tensor(1.2368),tensor(0.7379)
4999,4999,tensor(1.9038),tensor(1.2368),tensor(0.7379)
5000,5000,tensor(1.9038),tensor(1.2368),tensor(0.7379)
5001,5001,tensor(1.9038),tensor(1.2368),tensor(0.7379)
5002,5002,tensor(1.9038),tensor(1.2368),tensor(0.7379)
5003,5003,tensor(1.9038),tensor(1.2368),tensor(0.7379)
5004,5004,tensor(1.9038),tensor(1.2368),tensor(0.7379)
5005,5005,tensor(1.9038),tensor(1.2368),tensor(0.7379)
5006,5006,tensor(1.9038),tensor(1.2368),tensor(0.7379)
5007,5007,tensor(1.9038),tensor(1.2367),tensor(0.7379)
5008,5008,tensor(1.9038),tensor(1.2367),tensor(0.7379)
5009,5009,tensor(1.9038),tensor(1.2367),tensor(0.7379)
5010,5010,tensor(1.9038),tensor(1.2367),tensor(0.7379)
5011,5011,tensor(1.9038),tensor(1.2367),tensor(0.7379)
5012,5012,tensor(1.9038),tensor(1.2367),tensor(0.7379)
5013,5013,tensor(1.9038),tensor(1.2367),tensor(0.7379)
5014,5014,tensor(1.9038),tensor(1.2367),tensor(0.7379)
5015,5015,tensor(1.9038),tensor(1.2367),tensor(0.7379)
5016,5016,tensor(1.9038),tensor(1.2367),tensor(0.7379)
5017,5017,tensor(1.9038),tensor(1.2367),tensor(0.7379)
5018,5018,tensor(1.9038),tensor(1.2367),tensor(0.7379)
5019,5019,tensor(1.9038),tensor(1.2367),tensor(0.7379)
5020,5020,tensor(1.9038),tensor(1.2367),tensor(0.7379)
5021,5021,tensor(1.9038),tensor(1.2367),tensor(0.7379)
5022,5022,tensor(1.9038),tensor(1.2367),tensor(0.7379)
5023,5023,tensor(1.9038),tensor(1.2366),tensor(0.7379)
5024,5024,tensor(1.9038),tensor(1.2366),tensor(0.7379)
5025,5025,tensor(1.9038),tensor(1.2366),tensor(0.7379)
5026,5026,tensor(1.9038),tensor(1.2366),tensor(0.7379)
5027,5027,tensor(1.9038),tensor(1.2366),tensor(0.7379)
5028,5028,tensor(1.9038),tensor(1.2366),tensor(0.7379)
5029,5029,tensor(1.9038),tensor(1.2366),tensor(0.7379)
5030,5030,tensor(1.9038),tensor(1.2366),tensor(0.7379)
5031,5031,tensor(1.9038),tensor(1.2366),tensor(0.7379)
5032,5032,tensor(1.9038),tensor(1.2366),tensor(0.7379)
5033,5033,tensor(1.9038),tensor(1.2366),tensor(0.7379)
5034,5034,tensor(1.9038),tensor(1.2366),tensor(0.7379)
5035,5035,tensor(1.9038),tensor(1.2366),tensor(0.7379)
5036,5036,tensor(1.9038),tensor(1.2366),tensor(0.7379)
5037,5037,tensor(1.9038),tensor(1.2366),tensor(0.7379)
5038,5038,tensor(1.9038),tensor(1.2366),tensor(0.7379)
5039,5039,tensor(1.9038),tensor(1.2365),tensor(0.7379)
5040,5040,tensor(1.9038),tensor(1.2365),tensor(0.7379)
5041,5041,tensor(1.9038),tensor(1.2365),tensor(0.7379)
5042,5042,tensor(1.9038),tensor(1.2365),tensor(0.7379)
5043,5043,tensor(1.9038),tensor(1.2365),tensor(0.7379)
5044,5044,tensor(1.9038),tensor(1.2365),tensor(0.7379)
5045,5045,tensor(1.9038),tensor(1.2365),tensor(0.7379)
5046,5046,tensor(1.9038),tensor(1.2365),tensor(0.7379)
5047,5047,tensor(1.9038),tensor(1.2365),tensor(0.7379)
5048,5048,tensor(1.9038),tensor(1.2365),tensor(0.7379)
5049,5049,tensor(1.9038),tensor(1.2365),tensor(0.7379)
5050,5050,tensor(1.9037),tensor(1.2365),tensor(0.7379)
5051,5051,tensor(1.9037),tensor(1.2365),tensor(0.7379)
5052,5052,tensor(1.9037),tensor(1.2365),tensor(0.7379)
5053,5053,tensor(1.9037),tensor(1.2365),tensor(0.7379)
5054,5054,tensor(1.9037),tensor(1.2365),tensor(0.7379)
5055,5055,tensor(1.9037),tensor(1.2365),tensor(0.7379)
5056,5056,tensor(1.9037),tensor(1.2364),tensor(0.7379)
5057,5057,tensor(1.9037),tensor(1.2364),tensor(0.7379)
5058,5058,tensor(1.9037),tensor(1.2364),tensor(0.7379)
5059,5059,tensor(1.9037),tensor(1.2364),tensor(0.7379)
5060,5060,tensor(1.9037),tensor(1.2364),tensor(0.7379)
5061,5061,tensor(1.9037),tensor(1.2364),tensor(0.7379)
5062,5062,tensor(1.9037),tensor(1.2364),tensor(0.7379)
5063,5063,tensor(1.9037),tensor(1.2364),tensor(0.7379)
5064,5064,tensor(1.9037),tensor(1.2364),tensor(0.7379)
5065,5065,tensor(1.9037),tensor(1.2364),tensor(0.7379)
5066,5066,tensor(1.9037),tensor(1.2364),tensor(0.7379)
5067,5067,tensor(1.9037),tensor(1.2364),tensor(0.7379)
5068,5068,tensor(1.9037),tensor(1.2364),tensor(0.7379)
5069,5069,tensor(1.9037),tensor(1.2364),tensor(0.7379)
5070,5070,tensor(1.9037),tensor(1.2364),tensor(0.7379)
5071,5071,tensor(1.9037),tensor(1.2364),tensor(0.7379)
5072,5072,tensor(1.9037),tensor(1.2364),tensor(0.7379)
5073,5073,tensor(1.9037),tensor(1.2363),tensor(0.7379)
5074,5074,tensor(1.9037),tensor(1.2363),tensor(0.7379)
5075,5075,tensor(1.9037),tensor(1.2363),tensor(0.7379)
5076,5076,tensor(1.9037),tensor(1.2363),tensor(0.7379)
5077,5077,tensor(1.9037),tensor(1.2363),tensor(0.7378)
5078,5078,tensor(1.9037),tensor(1.2363),tensor(0.7378)
5079,5079,tensor(1.9037),tensor(1.2363),tensor(0.7378)
5080,5080,tensor(1.9037),tensor(1.2363),tensor(0.7378)
5081,5081,tensor(1.9037),tensor(1.2363),tensor(0.7378)
5082,5082,tensor(1.9037),tensor(1.2363),tensor(0.7378)
5083,5083,tensor(1.9037),tensor(1.2363),tensor(0.7378)
5084,5084,tensor(1.9037),tensor(1.2363),tensor(0.7378)
5085,5085,tensor(1.9037),tensor(1.2363),tensor(0.7378)
5086,5086,tensor(1.9037),tensor(1.2363),tensor(0.7378)
5087,5087,tensor(1.9037),tensor(1.2363),tensor(0.7378)
5088,5088,tensor(1.9037),tensor(1.2363),tensor(0.7378)
5089,5089,tensor(1.9037),tensor(1.2363),tensor(0.7378)
5090,5090,tensor(1.9037),tensor(1.2362),tensor(0.7378)
5091,5091,tensor(1.9037),tensor(1.2362),tensor(0.7378)
5092,5092,tensor(1.9037),tensor(1.2362),tensor(0.7378)
5093,5093,tensor(1.9037),tensor(1.2362),tensor(0.7378)
5094,5094,tensor(1.9037),tensor(1.2362),tensor(0.7378)
5095,5095,tensor(1.9037),tensor(1.2362),tensor(0.7378)
5096,5096,tensor(1.9037),tensor(1.2362),tensor(0.7378)
5097,5097,tensor(1.9037),tensor(1.2362),tensor(0.7378)
5098,5098,tensor(1.9037),tensor(1.2362),tensor(0.7378)
5099,5099,tensor(1.9037),tensor(1.2362),tensor(0.7378)
5100,5100,tensor(1.9037),tensor(1.2362),tensor(0.7378)
5101,5101,tensor(1.9037),tensor(1.2362),tensor(0.7378)
5102,5102,tensor(1.9037),tensor(1.2362),tensor(0.7378)
5103,5103,tensor(1.9037),tensor(1.2362),tensor(0.7378)
5104,5104,tensor(1.9037),tensor(1.2362),tensor(0.7378)
5105,5105,tensor(1.9037),tensor(1.2362),tensor(0.7378)
5106,5106,tensor(1.9037),tensor(1.2362),tensor(0.7378)
5107,5107,tensor(1.9037),tensor(1.2362),tensor(0.7378)
5108,5108,tensor(1.9037),tensor(1.2361),tensor(0.7378)
5109,5109,tensor(1.9037),tensor(1.2361),tensor(0.7378)
5110,5110,tensor(1.9037),tensor(1.2361),tensor(0.7378)
5111,5111,tensor(1.9037),tensor(1.2361),tensor(0.7378)
5112,5112,tensor(1.9036),tensor(1.2361),tensor(0.7378)
5113,5113,tensor(1.9036),tensor(1.2361),tensor(0.7378)
5114,5114,tensor(1.9036),tensor(1.2361),tensor(0.7378)
5115,5115,tensor(1.9036),tensor(1.2361),tensor(0.7378)
5116,5116,tensor(1.9036),tensor(1.2361),tensor(0.7378)
5117,5117,tensor(1.9036),tensor(1.2361),tensor(0.7378)
5118,5118,tensor(1.9036),tensor(1.2361),tensor(0.7378)
5119,5119,tensor(1.9036),tensor(1.2361),tensor(0.7378)
5120,5120,tensor(1.9036),tensor(1.2361),tensor(0.7378)
5121,5121,tensor(1.9036),tensor(1.2361),tensor(0.7378)
5122,5122,tensor(1.9036),tensor(1.2361),tensor(0.7378)
5123,5123,tensor(1.9036),tensor(1.2361),tensor(0.7378)
5124,5124,tensor(1.9036),tensor(1.2361),tensor(0.7378)
5125,5125,tensor(1.9036),tensor(1.2361),tensor(0.7378)
5126,5126,tensor(1.9036),tensor(1.2360),tensor(0.7378)
5127,5127,tensor(1.9036),tensor(1.2360),tensor(0.7378)
5128,5128,tensor(1.9036),tensor(1.2360),tensor(0.7378)
5129,5129,tensor(1.9036),tensor(1.2360),tensor(0.7378)
5130,5130,tensor(1.9036),tensor(1.2360),tensor(0.7378)
5131,5131,tensor(1.9036),tensor(1.2360),tensor(0.7378)
5132,5132,tensor(1.9036),tensor(1.2360),tensor(0.7378)
5133,5133,tensor(1.9036),tensor(1.2360),tensor(0.7378)
5134,5134,tensor(1.9036),tensor(1.2360),tensor(0.7378)
5135,5135,tensor(1.9036),tensor(1.2360),tensor(0.7378)
5136,5136,tensor(1.9036),tensor(1.2360),tensor(0.7378)
5137,5137,tensor(1.9036),tensor(1.2360),tensor(0.7378)
5138,5138,tensor(1.9036),tensor(1.2360),tensor(0.7378)
5139,5139,tensor(1.9036),tensor(1.2360),tensor(0.7378)
5140,5140,tensor(1.9036),tensor(1.2360),tensor(0.7378)
5141,5141,tensor(1.9036),tensor(1.2360),tensor(0.7378)
5142,5142,tensor(1.9036),tensor(1.2360),tensor(0.7378)
5143,5143,tensor(1.9036),tensor(1.2360),tensor(0.7378)
5144,5144,tensor(1.9036),tensor(1.2359),tensor(0.7378)
5145,5145,tensor(1.9036),tensor(1.2359),tensor(0.7378)
5146,5146,tensor(1.9036),tensor(1.2359),tensor(0.7378)
5147,5147,tensor(1.9036),tensor(1.2359),tensor(0.7378)
5148,5148,tensor(1.9036),tensor(1.2359),tensor(0.7378)
5149,5149,tensor(1.9036),tensor(1.2359),tensor(0.7378)
5150,5150,tensor(1.9036),tensor(1.2359),tensor(0.7378)
5151,5151,tensor(1.9036),tensor(1.2359),tensor(0.7378)
5152,5152,tensor(1.9036),tensor(1.2359),tensor(0.7378)
5153,5153,tensor(1.9036),tensor(1.2359),tensor(0.7378)
5154,5154,tensor(1.9036),tensor(1.2359),tensor(0.7378)
5155,5155,tensor(1.9036),tensor(1.2359),tensor(0.7378)
5156,5156,tensor(1.9036),tensor(1.2359),tensor(0.7378)
5157,5157,tensor(1.9036),tensor(1.2359),tensor(0.7378)
5158,5158,tensor(1.9036),tensor(1.2359),tensor(0.7378)
5159,5159,tensor(1.9036),tensor(1.2359),tensor(0.7378)
5160,5160,tensor(1.9036),tensor(1.2359),tensor(0.7378)
5161,5161,tensor(1.9036),tensor(1.2359),tensor(0.7378)
5162,5162,tensor(1.9036),tensor(1.2359),tensor(0.7378)
5163,5163,tensor(1.9036),tensor(1.2358),tensor(0.7378)
5164,5164,tensor(1.9036),tensor(1.2358),tensor(0.7378)
5165,5165,tensor(1.9036),tensor(1.2358),tensor(0.7378)
5166,5166,tensor(1.9036),tensor(1.2358),tensor(0.7377)
5167,5167,tensor(1.9036),tensor(1.2358),tensor(0.7377)
5168,5168,tensor(1.9036),tensor(1.2358),tensor(0.7377)
5169,5169,tensor(1.9036),tensor(1.2358),tensor(0.7377)
5170,5170,tensor(1.9036),tensor(1.2358),tensor(0.7377)
5171,5171,tensor(1.9036),tensor(1.2358),tensor(0.7377)
5172,5172,tensor(1.9036),tensor(1.2358),tensor(0.7377)
5173,5173,tensor(1.9036),tensor(1.2358),tensor(0.7377)
5174,5174,tensor(1.9036),tensor(1.2358),tensor(0.7377)
5175,5175,tensor(1.9036),tensor(1.2358),tensor(0.7377)
5176,5176,tensor(1.9036),tensor(1.2358),tensor(0.7377)
5177,5177,tensor(1.9036),tensor(1.2358),tensor(0.7377)
5178,5178,tensor(1.9036),tensor(1.2358),tensor(0.7377)
5179,5179,tensor(1.9036),tensor(1.2358),tensor(0.7377)
5180,5180,tensor(1.9036),tensor(1.2358),tensor(0.7377)
5181,5181,tensor(1.9036),tensor(1.2358),tensor(0.7377)
5182,5182,tensor(1.9036),tensor(1.2357),tensor(0.7377)
5183,5183,tensor(1.9036),tensor(1.2357),tensor(0.7377)
5184,5184,tensor(1.9036),tensor(1.2357),tensor(0.7377)
5185,5185,tensor(1.9035),tensor(1.2357),tensor(0.7377)
5186,5186,tensor(1.9035),tensor(1.2357),tensor(0.7377)
5187,5187,tensor(1.9035),tensor(1.2357),tensor(0.7377)
5188,5188,tensor(1.9035),tensor(1.2357),tensor(0.7377)
5189,5189,tensor(1.9035),tensor(1.2357),tensor(0.7377)
5190,5190,tensor(1.9035),tensor(1.2357),tensor(0.7377)
5191,5191,tensor(1.9035),tensor(1.2357),tensor(0.7377)
5192,5192,tensor(1.9035),tensor(1.2357),tensor(0.7377)
5193,5193,tensor(1.9035),tensor(1.2357),tensor(0.7377)
5194,5194,tensor(1.9035),tensor(1.2357),tensor(0.7377)
5195,5195,tensor(1.9035),tensor(1.2357),tensor(0.7377)
5196,5196,tensor(1.9035),tensor(1.2357),tensor(0.7377)
5197,5197,tensor(1.9035),tensor(1.2357),tensor(0.7377)
5198,5198,tensor(1.9035),tensor(1.2357),tensor(0.7377)
5199,5199,tensor(1.9035),tensor(1.2357),tensor(0.7377)
5200,5200,tensor(1.9035),tensor(1.2357),tensor(0.7377)
5201,5201,tensor(1.9035),tensor(1.2357),tensor(0.7377)
5202,5202,tensor(1.9035),tensor(1.2356),tensor(0.7377)
5203,5203,tensor(1.9035),tensor(1.2356),tensor(0.7377)
5204,5204,tensor(1.9035),tensor(1.2356),tensor(0.7377)
5205,5205,tensor(1.9035),tensor(1.2356),tensor(0.7377)
5206,5206,tensor(1.9035),tensor(1.2356),tensor(0.7377)
5207,5207,tensor(1.9035),tensor(1.2356),tensor(0.7377)
5208,5208,tensor(1.9035),tensor(1.2356),tensor(0.7377)
5209,5209,tensor(1.9035),tensor(1.2356),tensor(0.7377)
5210,5210,tensor(1.9035),tensor(1.2356),tensor(0.7377)
5211,5211,tensor(1.9035),tensor(1.2356),tensor(0.7377)
5212,5212,tensor(1.9035),tensor(1.2356),tensor(0.7377)
5213,5213,tensor(1.9035),tensor(1.2356),tensor(0.7377)
5214,5214,tensor(1.9035),tensor(1.2356),tensor(0.7377)
5215,5215,tensor(1.9035),tensor(1.2356),tensor(0.7377)
5216,5216,tensor(1.9035),tensor(1.2356),tensor(0.7377)
5217,5217,tensor(1.9035),tensor(1.2356),tensor(0.7377)
5218,5218,tensor(1.9035),tensor(1.2356),tensor(0.7377)
5219,5219,tensor(1.9035),tensor(1.2356),tensor(0.7377)
5220,5220,tensor(1.9035),tensor(1.2356),tensor(0.7377)
5221,5221,tensor(1.9035),tensor(1.2356),tensor(0.7377)
5222,5222,tensor(1.9035),tensor(1.2355),tensor(0.7377)
5223,5223,tensor(1.9035),tensor(1.2355),tensor(0.7377)
5224,5224,tensor(1.9035),tensor(1.2355),tensor(0.7377)
5225,5225,tensor(1.9035),tensor(1.2355),tensor(0.7377)
5226,5226,tensor(1.9035),tensor(1.2355),tensor(0.7377)
5227,5227,tensor(1.9035),tensor(1.2355),tensor(0.7377)
5228,5228,tensor(1.9035),tensor(1.2355),tensor(0.7377)
5229,5229,tensor(1.9035),tensor(1.2355),tensor(0.7377)
5230,5230,tensor(1.9035),tensor(1.2355),tensor(0.7377)
5231,5231,tensor(1.9035),tensor(1.2355),tensor(0.7377)
5232,5232,tensor(1.9035),tensor(1.2355),tensor(0.7377)
5233,5233,tensor(1.9035),tensor(1.2355),tensor(0.7377)
5234,5234,tensor(1.9035),tensor(1.2355),tensor(0.7377)
5235,5235,tensor(1.9035),tensor(1.2355),tensor(0.7377)
5236,5236,tensor(1.9035),tensor(1.2355),tensor(0.7377)
5237,5237,tensor(1.9035),tensor(1.2355),tensor(0.7377)
5238,5238,tensor(1.9035),tensor(1.2355),tensor(0.7377)
5239,5239,tensor(1.9035),tensor(1.2355),tensor(0.7377)
5240,5240,tensor(1.9035),tensor(1.2355),tensor(0.7377)
5241,5241,tensor(1.9035),tensor(1.2355),tensor(0.7377)
5242,5242,tensor(1.9035),tensor(1.2354),tensor(0.7377)
5243,5243,tensor(1.9035),tensor(1.2354),tensor(0.7377)
5244,5244,tensor(1.9035),tensor(1.2354),tensor(0.7377)
5245,5245,tensor(1.9035),tensor(1.2354),tensor(0.7377)
5246,5246,tensor(1.9035),tensor(1.2354),tensor(0.7377)
5247,5247,tensor(1.9035),tensor(1.2354),tensor(0.7377)
5248,5248,tensor(1.9035),tensor(1.2354),tensor(0.7377)
5249,5249,tensor(1.9035),tensor(1.2354),tensor(0.7377)
5250,5250,tensor(1.9035),tensor(1.2354),tensor(0.7377)
5251,5251,tensor(1.9035),tensor(1.2354),tensor(0.7377)
5252,5252,tensor(1.9035),tensor(1.2354),tensor(0.7377)
5253,5253,tensor(1.9035),tensor(1.2354),tensor(0.7377)
5254,5254,tensor(1.9035),tensor(1.2354),tensor(0.7377)
5255,5255,tensor(1.9035),tensor(1.2354),tensor(0.7377)
5256,5256,tensor(1.9035),tensor(1.2354),tensor(0.7377)
5257,5257,tensor(1.9035),tensor(1.2354),tensor(0.7377)
5258,5258,tensor(1.9035),tensor(1.2354),tensor(0.7377)
5259,5259,tensor(1.9035),tensor(1.2354),tensor(0.7377)
5260,5260,tensor(1.9035),tensor(1.2354),tensor(0.7377)
5261,5261,tensor(1.9035),tensor(1.2354),tensor(0.7377)
5262,5262,tensor(1.9035),tensor(1.2354),tensor(0.7377)
5263,5263,tensor(1.9035),tensor(1.2353),tensor(0.7377)
5264,5264,tensor(1.9035),tensor(1.2353),tensor(0.7377)
5265,5265,tensor(1.9035),tensor(1.2353),tensor(0.7377)
5266,5266,tensor(1.9035),tensor(1.2353),tensor(0.7376)
5267,5267,tensor(1.9035),tensor(1.2353),tensor(0.7376)
5268,5268,tensor(1.9035),tensor(1.2353),tensor(0.7376)
5269,5269,tensor(1.9035),tensor(1.2353),tensor(0.7376)
5270,5270,tensor(1.9035),tensor(1.2353),tensor(0.7376)
5271,5271,tensor(1.9035),tensor(1.2353),tensor(0.7376)
5272,5272,tensor(1.9035),tensor(1.2353),tensor(0.7376)
5273,5273,tensor(1.9035),tensor(1.2353),tensor(0.7376)
5274,5274,tensor(1.9035),tensor(1.2353),tensor(0.7376)
5275,5275,tensor(1.9034),tensor(1.2353),tensor(0.7376)
5276,5276,tensor(1.9034),tensor(1.2353),tensor(0.7376)
5277,5277,tensor(1.9034),tensor(1.2353),tensor(0.7376)
5278,5278,tensor(1.9034),tensor(1.2353),tensor(0.7376)
5279,5279,tensor(1.9034),tensor(1.2353),tensor(0.7376)
5280,5280,tensor(1.9034),tensor(1.2353),tensor(0.7376)
5281,5281,tensor(1.9034),tensor(1.2353),tensor(0.7376)
5282,5282,tensor(1.9034),tensor(1.2353),tensor(0.7376)
5283,5283,tensor(1.9034),tensor(1.2353),tensor(0.7376)
5284,5284,tensor(1.9034),tensor(1.2352),tensor(0.7376)
5285,5285,tensor(1.9034),tensor(1.2352),tensor(0.7376)
5286,5286,tensor(1.9034),tensor(1.2352),tensor(0.7376)
5287,5287,tensor(1.9034),tensor(1.2352),tensor(0.7376)
5288,5288,tensor(1.9034),tensor(1.2352),tensor(0.7376)
5289,5289,tensor(1.9034),tensor(1.2352),tensor(0.7376)
5290,5290,tensor(1.9034),tensor(1.2352),tensor(0.7376)
5291,5291,tensor(1.9034),tensor(1.2352),tensor(0.7376)
5292,5292,tensor(1.9034),tensor(1.2352),tensor(0.7376)
5293,5293,tensor(1.9034),tensor(1.2352),tensor(0.7376)
5294,5294,tensor(1.9034),tensor(1.2352),tensor(0.7376)
5295,5295,tensor(1.9034),tensor(1.2352),tensor(0.7376)
5296,5296,tensor(1.9034),tensor(1.2352),tensor(0.7376)
5297,5297,tensor(1.9034),tensor(1.2352),tensor(0.7376)
5298,5298,tensor(1.9034),tensor(1.2352),tensor(0.7376)
5299,5299,tensor(1.9034),tensor(1.2352),tensor(0.7376)
5300,5300,tensor(1.9034),tensor(1.2352),tensor(0.7376)
5301,5301,tensor(1.9034),tensor(1.2352),tensor(0.7376)
5302,5302,tensor(1.9034),tensor(1.2352),tensor(0.7376)
5303,5303,tensor(1.9034),tensor(1.2352),tensor(0.7376)
5304,5304,tensor(1.9034),tensor(1.2352),tensor(0.7376)
5305,5305,tensor(1.9034),tensor(1.2352),tensor(0.7376)
5306,5306,tensor(1.9034),tensor(1.2351),tensor(0.7376)
5307,5307,tensor(1.9034),tensor(1.2351),tensor(0.7376)
5308,5308,tensor(1.9034),tensor(1.2351),tensor(0.7376)
5309,5309,tensor(1.9034),tensor(1.2351),tensor(0.7376)
5310,5310,tensor(1.9034),tensor(1.2351),tensor(0.7376)
5311,5311,tensor(1.9034),tensor(1.2351),tensor(0.7376)
5312,5312,tensor(1.9034),tensor(1.2351),tensor(0.7376)
5313,5313,tensor(1.9034),tensor(1.2351),tensor(0.7376)
5314,5314,tensor(1.9034),tensor(1.2351),tensor(0.7376)
5315,5315,tensor(1.9034),tensor(1.2351),tensor(0.7376)
5316,5316,tensor(1.9034),tensor(1.2351),tensor(0.7376)
5317,5317,tensor(1.9034),tensor(1.2351),tensor(0.7376)
5318,5318,tensor(1.9034),tensor(1.2351),tensor(0.7376)
5319,5319,tensor(1.9034),tensor(1.2351),tensor(0.7376)
5320,5320,tensor(1.9034),tensor(1.2351),tensor(0.7376)
5321,5321,tensor(1.9034),tensor(1.2351),tensor(0.7376)
5322,5322,tensor(1.9034),tensor(1.2351),tensor(0.7376)
5323,5323,tensor(1.9034),tensor(1.2351),tensor(0.7376)
5324,5324,tensor(1.9034),tensor(1.2351),tensor(0.7376)
5325,5325,tensor(1.9034),tensor(1.2351),tensor(0.7376)
5326,5326,tensor(1.9034),tensor(1.2351),tensor(0.7376)
5327,5327,tensor(1.9034),tensor(1.2351),tensor(0.7376)
5328,5328,tensor(1.9034),tensor(1.2351),tensor(0.7376)
5329,5329,tensor(1.9034),tensor(1.2350),tensor(0.7376)
5330,5330,tensor(1.9034),tensor(1.2350),tensor(0.7376)
5331,5331,tensor(1.9034),tensor(1.2350),tensor(0.7376)
5332,5332,tensor(1.9034),tensor(1.2350),tensor(0.7376)
5333,5333,tensor(1.9034),tensor(1.2350),tensor(0.7376)
5334,5334,tensor(1.9034),tensor(1.2350),tensor(0.7376)
5335,5335,tensor(1.9034),tensor(1.2350),tensor(0.7376)
5336,5336,tensor(1.9034),tensor(1.2350),tensor(0.7376)
5337,5337,tensor(1.9034),tensor(1.2350),tensor(0.7376)
5338,5338,tensor(1.9034),tensor(1.2350),tensor(0.7376)
5339,5339,tensor(1.9034),tensor(1.2350),tensor(0.7376)
5340,5340,tensor(1.9034),tensor(1.2350),tensor(0.7376)
5341,5341,tensor(1.9034),tensor(1.2350),tensor(0.7376)
5342,5342,tensor(1.9034),tensor(1.2350),tensor(0.7376)
5343,5343,tensor(1.9034),tensor(1.2350),tensor(0.7376)
5344,5344,tensor(1.9034),tensor(1.2350),tensor(0.7376)
5345,5345,tensor(1.9034),tensor(1.2350),tensor(0.7376)
5346,5346,tensor(1.9034),tensor(1.2350),tensor(0.7376)
5347,5347,tensor(1.9034),tensor(1.2350),tensor(0.7376)
5348,5348,tensor(1.9034),tensor(1.2350),tensor(0.7376)
5349,5349,tensor(1.9034),tensor(1.2350),tensor(0.7376)
5350,5350,tensor(1.9034),tensor(1.2350),tensor(0.7376)
5351,5351,tensor(1.9034),tensor(1.2350),tensor(0.7376)
5352,5352,tensor(1.9034),tensor(1.2349),tensor(0.7376)
5353,5353,tensor(1.9034),tensor(1.2349),tensor(0.7376)
5354,5354,tensor(1.9034),tensor(1.2349),tensor(0.7376)
5355,5355,tensor(1.9034),tensor(1.2349),tensor(0.7376)
5356,5356,tensor(1.9034),tensor(1.2349),tensor(0.7376)
5357,5357,tensor(1.9034),tensor(1.2349),tensor(0.7376)
5358,5358,tensor(1.9034),tensor(1.2349),tensor(0.7376)
5359,5359,tensor(1.9034),tensor(1.2349),tensor(0.7376)
5360,5360,tensor(1.9034),tensor(1.2349),tensor(0.7376)
5361,5361,tensor(1.9034),tensor(1.2349),tensor(0.7376)
5362,5362,tensor(1.9034),tensor(1.2349),tensor(0.7376)
5363,5363,tensor(1.9034),tensor(1.2349),tensor(0.7376)
5364,5364,tensor(1.9034),tensor(1.2349),tensor(0.7376)
5365,5365,tensor(1.9034),tensor(1.2349),tensor(0.7376)
5366,5366,tensor(1.9034),tensor(1.2349),tensor(0.7376)
5367,5367,tensor(1.9034),tensor(1.2349),tensor(0.7376)
5368,5368,tensor(1.9034),tensor(1.2349),tensor(0.7376)
5369,5369,tensor(1.9034),tensor(1.2349),tensor(0.7376)
5370,5370,tensor(1.9034),tensor(1.2349),tensor(0.7376)
5371,5371,tensor(1.9034),tensor(1.2349),tensor(0.7376)
5372,5372,tensor(1.9034),tensor(1.2349),tensor(0.7376)
5373,5373,tensor(1.9034),tensor(1.2349),tensor(0.7376)
5374,5374,tensor(1.9034),tensor(1.2349),tensor(0.7376)
5375,5375,tensor(1.9034),tensor(1.2349),tensor(0.7376)
5376,5376,tensor(1.9034),tensor(1.2348),tensor(0.7376)
5377,5377,tensor(1.9034),tensor(1.2348),tensor(0.7376)
5378,5378,tensor(1.9034),tensor(1.2348),tensor(0.7376)
5379,5379,tensor(1.9034),tensor(1.2348),tensor(0.7376)
5380,5380,tensor(1.9034),tensor(1.2348),tensor(0.7375)
5381,5381,tensor(1.9034),tensor(1.2348),tensor(0.7375)
5382,5382,tensor(1.9034),tensor(1.2348),tensor(0.7375)
5383,5383,tensor(1.9034),tensor(1.2348),tensor(0.7375)
5384,5384,tensor(1.9034),tensor(1.2348),tensor(0.7375)
5385,5385,tensor(1.9034),tensor(1.2348),tensor(0.7375)
5386,5386,tensor(1.9034),tensor(1.2348),tensor(0.7375)
5387,5387,tensor(1.9034),tensor(1.2348),tensor(0.7375)
5388,5388,tensor(1.9034),tensor(1.2348),tensor(0.7375)
5389,5389,tensor(1.9034),tensor(1.2348),tensor(0.7375)
5390,5390,tensor(1.9034),tensor(1.2348),tensor(0.7375)
5391,5391,tensor(1.9034),tensor(1.2348),tensor(0.7375)
5392,5392,tensor(1.9034),tensor(1.2348),tensor(0.7375)
5393,5393,tensor(1.9033),tensor(1.2348),tensor(0.7375)
5394,5394,tensor(1.9033),tensor(1.2348),tensor(0.7375)
5395,5395,tensor(1.9033),tensor(1.2348),tensor(0.7375)
5396,5396,tensor(1.9033),tensor(1.2348),tensor(0.7375)
5397,5397,tensor(1.9033),tensor(1.2348),tensor(0.7375)
5398,5398,tensor(1.9033),tensor(1.2348),tensor(0.7375)
5399,5399,tensor(1.9033),tensor(1.2348),tensor(0.7375)
5400,5400,tensor(1.9033),tensor(1.2348),tensor(0.7375)
5401,5401,tensor(1.9033),tensor(1.2347),tensor(0.7375)
5402,5402,tensor(1.9033),tensor(1.2347),tensor(0.7375)
5403,5403,tensor(1.9033),tensor(1.2347),tensor(0.7375)
5404,5404,tensor(1.9033),tensor(1.2347),tensor(0.7375)
5405,5405,tensor(1.9033),tensor(1.2347),tensor(0.7375)
5406,5406,tensor(1.9033),tensor(1.2347),tensor(0.7375)
5407,5407,tensor(1.9033),tensor(1.2347),tensor(0.7375)
5408,5408,tensor(1.9033),tensor(1.2347),tensor(0.7375)
5409,5409,tensor(1.9033),tensor(1.2347),tensor(0.7375)
5410,5410,tensor(1.9033),tensor(1.2347),tensor(0.7375)
5411,5411,tensor(1.9033),tensor(1.2347),tensor(0.7375)
5412,5412,tensor(1.9033),tensor(1.2347),tensor(0.7375)
5413,5413,tensor(1.9033),tensor(1.2347),tensor(0.7375)
5414,5414,tensor(1.9033),tensor(1.2347),tensor(0.7375)
5415,5415,tensor(1.9033),tensor(1.2347),tensor(0.7375)
5416,5416,tensor(1.9033),tensor(1.2347),tensor(0.7375)
5417,5417,tensor(1.9033),tensor(1.2347),tensor(0.7375)
5418,5418,tensor(1.9033),tensor(1.2347),tensor(0.7375)
5419,5419,tensor(1.9033),tensor(1.2347),tensor(0.7375)
5420,5420,tensor(1.9033),tensor(1.2347),tensor(0.7375)
5421,5421,tensor(1.9033),tensor(1.2347),tensor(0.7375)
5422,5422,tensor(1.9033),tensor(1.2347),tensor(0.7375)
5423,5423,tensor(1.9033),tensor(1.2347),tensor(0.7375)
5424,5424,tensor(1.9033),tensor(1.2347),tensor(0.7375)
5425,5425,tensor(1.9033),tensor(1.2347),tensor(0.7375)
5426,5426,tensor(1.9033),tensor(1.2346),tensor(0.7375)
5427,5427,tensor(1.9033),tensor(1.2346),tensor(0.7375)
5428,5428,tensor(1.9033),tensor(1.2346),tensor(0.7375)
5429,5429,tensor(1.9033),tensor(1.2346),tensor(0.7375)
5430,5430,tensor(1.9033),tensor(1.2346),tensor(0.7375)
5431,5431,tensor(1.9033),tensor(1.2346),tensor(0.7375)
5432,5432,tensor(1.9033),tensor(1.2346),tensor(0.7375)
5433,5433,tensor(1.9033),tensor(1.2346),tensor(0.7375)
5434,5434,tensor(1.9033),tensor(1.2346),tensor(0.7375)
5435,5435,tensor(1.9033),tensor(1.2346),tensor(0.7375)
5436,5436,tensor(1.9033),tensor(1.2346),tensor(0.7375)
5437,5437,tensor(1.9033),tensor(1.2346),tensor(0.7375)
5438,5438,tensor(1.9033),tensor(1.2346),tensor(0.7375)
5439,5439,tensor(1.9033),tensor(1.2346),tensor(0.7375)
5440,5440,tensor(1.9033),tensor(1.2346),tensor(0.7375)
5441,5441,tensor(1.9033),tensor(1.2346),tensor(0.7375)
5442,5442,tensor(1.9033),tensor(1.2346),tensor(0.7375)
5443,5443,tensor(1.9033),tensor(1.2346),tensor(0.7375)
5444,5444,tensor(1.9033),tensor(1.2346),tensor(0.7375)
5445,5445,tensor(1.9033),tensor(1.2346),tensor(0.7375)
5446,5446,tensor(1.9033),tensor(1.2346),tensor(0.7375)
5447,5447,tensor(1.9033),tensor(1.2346),tensor(0.7375)
5448,5448,tensor(1.9033),tensor(1.2346),tensor(0.7375)
5449,5449,tensor(1.9033),tensor(1.2346),tensor(0.7375)
5450,5450,tensor(1.9033),tensor(1.2346),tensor(0.7375)
5451,5451,tensor(1.9033),tensor(1.2346),tensor(0.7375)
5452,5452,tensor(1.9033),tensor(1.2345),tensor(0.7375)
5453,5453,tensor(1.9033),tensor(1.2345),tensor(0.7375)
5454,5454,tensor(1.9033),tensor(1.2345),tensor(0.7375)
5455,5455,tensor(1.9033),tensor(1.2345),tensor(0.7375)
5456,5456,tensor(1.9033),tensor(1.2345),tensor(0.7375)
5457,5457,tensor(1.9033),tensor(1.2345),tensor(0.7375)
5458,5458,tensor(1.9033),tensor(1.2345),tensor(0.7375)
5459,5459,tensor(1.9033),tensor(1.2345),tensor(0.7375)
5460,5460,tensor(1.9033),tensor(1.2345),tensor(0.7375)
5461,5461,tensor(1.9033),tensor(1.2345),tensor(0.7375)
5462,5462,tensor(1.9033),tensor(1.2345),tensor(0.7375)
5463,5463,tensor(1.9033),tensor(1.2345),tensor(0.7375)
5464,5464,tensor(1.9033),tensor(1.2345),tensor(0.7375)
5465,5465,tensor(1.9033),tensor(1.2345),tensor(0.7375)
5466,5466,tensor(1.9033),tensor(1.2345),tensor(0.7375)
5467,5467,tensor(1.9033),tensor(1.2345),tensor(0.7375)
5468,5468,tensor(1.9033),tensor(1.2345),tensor(0.7375)
5469,5469,tensor(1.9033),tensor(1.2345),tensor(0.7375)
5470,5470,tensor(1.9033),tensor(1.2345),tensor(0.7375)
5471,5471,tensor(1.9033),tensor(1.2345),tensor(0.7375)
5472,5472,tensor(1.9033),tensor(1.2345),tensor(0.7375)
5473,5473,tensor(1.9033),tensor(1.2345),tensor(0.7375)
5474,5474,tensor(1.9033),tensor(1.2345),tensor(0.7375)
5475,5475,tensor(1.9033),tensor(1.2345),tensor(0.7375)
5476,5476,tensor(1.9033),tensor(1.2345),tensor(0.7375)
5477,5477,tensor(1.9033),tensor(1.2345),tensor(0.7375)
5478,5478,tensor(1.9033),tensor(1.2345),tensor(0.7375)
5479,5479,tensor(1.9033),tensor(1.2344),tensor(0.7375)
5480,5480,tensor(1.9033),tensor(1.2344),tensor(0.7375)
5481,5481,tensor(1.9033),tensor(1.2344),tensor(0.7375)
5482,5482,tensor(1.9033),tensor(1.2344),tensor(0.7375)
5483,5483,tensor(1.9033),tensor(1.2344),tensor(0.7375)
5484,5484,tensor(1.9033),tensor(1.2344),tensor(0.7375)
5485,5485,tensor(1.9033),tensor(1.2344),tensor(0.7375)
5486,5486,tensor(1.9033),tensor(1.2344),tensor(0.7375)
5487,5487,tensor(1.9033),tensor(1.2344),tensor(0.7375)
5488,5488,tensor(1.9033),tensor(1.2344),tensor(0.7375)
5489,5489,tensor(1.9033),tensor(1.2344),tensor(0.7375)
5490,5490,tensor(1.9033),tensor(1.2344),tensor(0.7375)
5491,5491,tensor(1.9033),tensor(1.2344),tensor(0.7375)
5492,5492,tensor(1.9033),tensor(1.2344),tensor(0.7375)
5493,5493,tensor(1.9033),tensor(1.2344),tensor(0.7375)
5494,5494,tensor(1.9033),tensor(1.2344),tensor(0.7375)
5495,5495,tensor(1.9033),tensor(1.2344),tensor(0.7375)
5496,5496,tensor(1.9033),tensor(1.2344),tensor(0.7375)
5497,5497,tensor(1.9033),tensor(1.2344),tensor(0.7375)
5498,5498,tensor(1.9033),tensor(1.2344),tensor(0.7375)
5499,5499,tensor(1.9033),tensor(1.2344),tensor(0.7375)
5500,5500,tensor(1.9033),tensor(1.2344),tensor(0.7375)
5501,5501,tensor(1.9033),tensor(1.2344),tensor(0.7375)
5502,5502,tensor(1.9033),tensor(1.2344),tensor(0.7375)
5503,5503,tensor(1.9033),tensor(1.2344),tensor(0.7375)
5504,5504,tensor(1.9033),tensor(1.2344),tensor(0.7375)
5505,5505,tensor(1.9033),tensor(1.2344),tensor(0.7375)
5506,5506,tensor(1.9033),tensor(1.2344),tensor(0.7375)
5507,5507,tensor(1.9033),tensor(1.2343),tensor(0.7375)
5508,5508,tensor(1.9033),tensor(1.2343),tensor(0.7375)
5509,5509,tensor(1.9033),tensor(1.2343),tensor(0.7375)
5510,5510,tensor(1.9033),tensor(1.2343),tensor(0.7375)
5511,5511,tensor(1.9033),tensor(1.2343),tensor(0.7375)
5512,5512,tensor(1.9033),tensor(1.2343),tensor(0.7375)
5513,5513,tensor(1.9033),tensor(1.2343),tensor(0.7375)
5514,5514,tensor(1.9033),tensor(1.2343),tensor(0.7375)
5515,5515,tensor(1.9033),tensor(1.2343),tensor(0.7374)
5516,5516,tensor(1.9033),tensor(1.2343),tensor(0.7374)
5517,5517,tensor(1.9033),tensor(1.2343),tensor(0.7374)
5518,5518,tensor(1.9033),tensor(1.2343),tensor(0.7374)
5519,5519,tensor(1.9033),tensor(1.2343),tensor(0.7374)
5520,5520,tensor(1.9033),tensor(1.2343),tensor(0.7374)
5521,5521,tensor(1.9033),tensor(1.2343),tensor(0.7374)
5522,5522,tensor(1.9033),tensor(1.2343),tensor(0.7374)
5523,5523,tensor(1.9033),tensor(1.2343),tensor(0.7374)
5524,5524,tensor(1.9033),tensor(1.2343),tensor(0.7374)
5525,5525,tensor(1.9033),tensor(1.2343),tensor(0.7374)
5526,5526,tensor(1.9033),tensor(1.2343),tensor(0.7374)
5527,5527,tensor(1.9033),tensor(1.2343),tensor(0.7374)
5528,5528,tensor(1.9033),tensor(1.2343),tensor(0.7374)
5529,5529,tensor(1.9033),tensor(1.2343),tensor(0.7374)
5530,5530,tensor(1.9033),tensor(1.2343),tensor(0.7374)
5531,5531,tensor(1.9033),tensor(1.2343),tensor(0.7374)
5532,5532,tensor(1.9033),tensor(1.2343),tensor(0.7374)
5533,5533,tensor(1.9033),tensor(1.2343),tensor(0.7374)
5534,5534,tensor(1.9033),tensor(1.2343),tensor(0.7374)
5535,5535,tensor(1.9033),tensor(1.2343),tensor(0.7374)
5536,5536,tensor(1.9033),tensor(1.2343),tensor(0.7374)
5537,5537,tensor(1.9033),tensor(1.2342),tensor(0.7374)
5538,5538,tensor(1.9033),tensor(1.2342),tensor(0.7374)
5539,5539,tensor(1.9033),tensor(1.2342),tensor(0.7374)
5540,5540,tensor(1.9033),tensor(1.2342),tensor(0.7374)
5541,5541,tensor(1.9033),tensor(1.2342),tensor(0.7374)
5542,5542,tensor(1.9033),tensor(1.2342),tensor(0.7374)
5543,5543,tensor(1.9033),tensor(1.2342),tensor(0.7374)
5544,5544,tensor(1.9033),tensor(1.2342),tensor(0.7374)
5545,5545,tensor(1.9033),tensor(1.2342),tensor(0.7374)
5546,5546,tensor(1.9033),tensor(1.2342),tensor(0.7374)
5547,5547,tensor(1.9033),tensor(1.2342),tensor(0.7374)
5548,5548,tensor(1.9033),tensor(1.2342),tensor(0.7374)
5549,5549,tensor(1.9033),tensor(1.2342),tensor(0.7374)
5550,5550,tensor(1.9033),tensor(1.2342),tensor(0.7374)
5551,5551,tensor(1.9033),tensor(1.2342),tensor(0.7374)
5552,5552,tensor(1.9033),tensor(1.2342),tensor(0.7374)
5553,5553,tensor(1.9033),tensor(1.2342),tensor(0.7374)
5554,5554,tensor(1.9033),tensor(1.2342),tensor(0.7374)
5555,5555,tensor(1.9033),tensor(1.2342),tensor(0.7374)
5556,5556,tensor(1.9033),tensor(1.2342),tensor(0.7374)
5557,5557,tensor(1.9033),tensor(1.2342),tensor(0.7374)
5558,5558,tensor(1.9033),tensor(1.2342),tensor(0.7374)
5559,5559,tensor(1.9033),tensor(1.2342),tensor(0.7374)
5560,5560,tensor(1.9033),tensor(1.2342),tensor(0.7374)
5561,5561,tensor(1.9033),tensor(1.2342),tensor(0.7374)
5562,5562,tensor(1.9033),tensor(1.2342),tensor(0.7374)
5563,5563,tensor(1.9033),tensor(1.2342),tensor(0.7374)
5564,5564,tensor(1.9033),tensor(1.2342),tensor(0.7374)
5565,5565,tensor(1.9033),tensor(1.2342),tensor(0.7374)
5566,5566,tensor(1.9033),tensor(1.2342),tensor(0.7374)
5567,5567,tensor(1.9033),tensor(1.2341),tensor(0.7374)
5568,5568,tensor(1.9033),tensor(1.2341),tensor(0.7374)
5569,5569,tensor(1.9033),tensor(1.2341),tensor(0.7374)
5570,5570,tensor(1.9033),tensor(1.2341),tensor(0.7374)
5571,5571,tensor(1.9033),tensor(1.2341),tensor(0.7374)
5572,5572,tensor(1.9032),tensor(1.2341),tensor(0.7374)
5573,5573,tensor(1.9032),tensor(1.2341),tensor(0.7374)
5574,5574,tensor(1.9032),tensor(1.2341),tensor(0.7374)
5575,5575,tensor(1.9032),tensor(1.2341),tensor(0.7374)
5576,5576,tensor(1.9032),tensor(1.2341),tensor(0.7374)
5577,5577,tensor(1.9032),tensor(1.2341),tensor(0.7374)
5578,5578,tensor(1.9032),tensor(1.2341),tensor(0.7374)
5579,5579,tensor(1.9032),tensor(1.2341),tensor(0.7374)
5580,5580,tensor(1.9032),tensor(1.2341),tensor(0.7374)
5581,5581,tensor(1.9032),tensor(1.2341),tensor(0.7374)
5582,5582,tensor(1.9032),tensor(1.2341),tensor(0.7374)
5583,5583,tensor(1.9032),tensor(1.2341),tensor(0.7374)
5584,5584,tensor(1.9032),tensor(1.2341),tensor(0.7374)
5585,5585,tensor(1.9032),tensor(1.2341),tensor(0.7374)
5586,5586,tensor(1.9032),tensor(1.2341),tensor(0.7374)
5587,5587,tensor(1.9032),tensor(1.2341),tensor(0.7374)
5588,5588,tensor(1.9032),tensor(1.2341),tensor(0.7374)
5589,5589,tensor(1.9032),tensor(1.2341),tensor(0.7374)
5590,5590,tensor(1.9032),tensor(1.2341),tensor(0.7374)
5591,5591,tensor(1.9032),tensor(1.2341),tensor(0.7374)
5592,5592,tensor(1.9032),tensor(1.2341),tensor(0.7374)
5593,5593,tensor(1.9032),tensor(1.2341),tensor(0.7374)
5594,5594,tensor(1.9032),tensor(1.2341),tensor(0.7374)
5595,5595,tensor(1.9032),tensor(1.2341),tensor(0.7374)
5596,5596,tensor(1.9032),tensor(1.2341),tensor(0.7374)
5597,5597,tensor(1.9032),tensor(1.2341),tensor(0.7374)
5598,5598,tensor(1.9032),tensor(1.2341),tensor(0.7374)
5599,5599,tensor(1.9032),tensor(1.2340),tensor(0.7374)
5600,5600,tensor(1.9032),tensor(1.2340),tensor(0.7374)
5601,5601,tensor(1.9032),tensor(1.2340),tensor(0.7374)
5602,5602,tensor(1.9032),tensor(1.2340),tensor(0.7374)
5603,5603,tensor(1.9032),tensor(1.2340),tensor(0.7374)
5604,5604,tensor(1.9032),tensor(1.2340),tensor(0.7374)
5605,5605,tensor(1.9032),tensor(1.2340),tensor(0.7374)
5606,5606,tensor(1.9032),tensor(1.2340),tensor(0.7374)
5607,5607,tensor(1.9032),tensor(1.2340),tensor(0.7374)
5608,5608,tensor(1.9032),tensor(1.2340),tensor(0.7374)
5609,5609,tensor(1.9032),tensor(1.2340),tensor(0.7374)
5610,5610,tensor(1.9032),tensor(1.2340),tensor(0.7374)
5611,5611,tensor(1.9032),tensor(1.2340),tensor(0.7374)
5612,5612,tensor(1.9032),tensor(1.2340),tensor(0.7374)
5613,5613,tensor(1.9032),tensor(1.2340),tensor(0.7374)
5614,5614,tensor(1.9032),tensor(1.2340),tensor(0.7374)
5615,5615,tensor(1.9032),tensor(1.2340),tensor(0.7374)
5616,5616,tensor(1.9032),tensor(1.2340),tensor(0.7374)
5617,5617,tensor(1.9032),tensor(1.2340),tensor(0.7374)
5618,5618,tensor(1.9032),tensor(1.2340),tensor(0.7374)
5619,5619,tensor(1.9032),tensor(1.2340),tensor(0.7374)
5620,5620,tensor(1.9032),tensor(1.2340),tensor(0.7374)
5621,5621,tensor(1.9032),tensor(1.2340),tensor(0.7374)
5622,5622,tensor(1.9032),tensor(1.2340),tensor(0.7374)
5623,5623,tensor(1.9032),tensor(1.2340),tensor(0.7374)
5624,5624,tensor(1.9032),tensor(1.2340),tensor(0.7374)
5625,5625,tensor(1.9032),tensor(1.2340),tensor(0.7374)
5626,5626,tensor(1.9032),tensor(1.2340),tensor(0.7374)
5627,5627,tensor(1.9032),tensor(1.2340),tensor(0.7374)
5628,5628,tensor(1.9032),tensor(1.2340),tensor(0.7374)
5629,5629,tensor(1.9032),tensor(1.2340),tensor(0.7374)
5630,5630,tensor(1.9032),tensor(1.2340),tensor(0.7374)
5631,5631,tensor(1.9032),tensor(1.2340),tensor(0.7374)
5632,5632,tensor(1.9032),tensor(1.2339),tensor(0.7374)
5633,5633,tensor(1.9032),tensor(1.2339),tensor(0.7374)
5634,5634,tensor(1.9032),tensor(1.2339),tensor(0.7374)
5635,5635,tensor(1.9032),tensor(1.2339),tensor(0.7374)
5636,5636,tensor(1.9032),tensor(1.2339),tensor(0.7374)
5637,5637,tensor(1.9032),tensor(1.2339),tensor(0.7374)
5638,5638,tensor(1.9032),tensor(1.2339),tensor(0.7374)
5639,5639,tensor(1.9032),tensor(1.2339),tensor(0.7374)
5640,5640,tensor(1.9032),tensor(1.2339),tensor(0.7374)
5641,5641,tensor(1.9032),tensor(1.2339),tensor(0.7374)
5642,5642,tensor(1.9032),tensor(1.2339),tensor(0.7374)
5643,5643,tensor(1.9032),tensor(1.2339),tensor(0.7374)
5644,5644,tensor(1.9032),tensor(1.2339),tensor(0.7374)
5645,5645,tensor(1.9032),tensor(1.2339),tensor(0.7374)
5646,5646,tensor(1.9032),tensor(1.2339),tensor(0.7374)
5647,5647,tensor(1.9032),tensor(1.2339),tensor(0.7374)
5648,5648,tensor(1.9032),tensor(1.2339),tensor(0.7374)
5649,5649,tensor(1.9032),tensor(1.2339),tensor(0.7374)
5650,5650,tensor(1.9032),tensor(1.2339),tensor(0.7374)
5651,5651,tensor(1.9032),tensor(1.2339),tensor(0.7374)
5652,5652,tensor(1.9032),tensor(1.2339),tensor(0.7374)
5653,5653,tensor(1.9032),tensor(1.2339),tensor(0.7374)
5654,5654,tensor(1.9032),tensor(1.2339),tensor(0.7374)
5655,5655,tensor(1.9032),tensor(1.2339),tensor(0.7374)
5656,5656,tensor(1.9032),tensor(1.2339),tensor(0.7374)
5657,5657,tensor(1.9032),tensor(1.2339),tensor(0.7374)
5658,5658,tensor(1.9032),tensor(1.2339),tensor(0.7374)
5659,5659,tensor(1.9032),tensor(1.2339),tensor(0.7374)
5660,5660,tensor(1.9032),tensor(1.2339),tensor(0.7374)
5661,5661,tensor(1.9032),tensor(1.2339),tensor(0.7374)
5662,5662,tensor(1.9032),tensor(1.2339),tensor(0.7374)
5663,5663,tensor(1.9032),tensor(1.2339),tensor(0.7374)
5664,5664,tensor(1.9032),tensor(1.2339),tensor(0.7374)
5665,5665,tensor(1.9032),tensor(1.2339),tensor(0.7374)
5666,5666,tensor(1.9032),tensor(1.2339),tensor(0.7374)
5667,5667,tensor(1.9032),tensor(1.2339),tensor(0.7374)
5668,5668,tensor(1.9032),tensor(1.2338),tensor(0.7374)
5669,5669,tensor(1.9032),tensor(1.2338),tensor(0.7374)
5670,5670,tensor(1.9032),tensor(1.2338),tensor(0.7374)
5671,5671,tensor(1.9032),tensor(1.2338),tensor(0.7374)
5672,5672,tensor(1.9032),tensor(1.2338),tensor(0.7374)
5673,5673,tensor(1.9032),tensor(1.2338),tensor(0.7374)
5674,5674,tensor(1.9032),tensor(1.2338),tensor(0.7374)
5675,5675,tensor(1.9032),tensor(1.2338),tensor(0.7374)
5676,5676,tensor(1.9032),tensor(1.2338),tensor(0.7374)
5677,5677,tensor(1.9032),tensor(1.2338),tensor(0.7374)
5678,5678,tensor(1.9032),tensor(1.2338),tensor(0.7374)
5679,5679,tensor(1.9032),tensor(1.2338),tensor(0.7373)
5680,5680,tensor(1.9032),tensor(1.2338),tensor(0.7373)
5681,5681,tensor(1.9032),tensor(1.2338),tensor(0.7373)
5682,5682,tensor(1.9032),tensor(1.2338),tensor(0.7373)
5683,5683,tensor(1.9032),tensor(1.2338),tensor(0.7373)
5684,5684,tensor(1.9032),tensor(1.2338),tensor(0.7373)
5685,5685,tensor(1.9032),tensor(1.2338),tensor(0.7373)
5686,5686,tensor(1.9032),tensor(1.2338),tensor(0.7373)
5687,5687,tensor(1.9032),tensor(1.2338),tensor(0.7373)
5688,5688,tensor(1.9032),tensor(1.2338),tensor(0.7373)
5689,5689,tensor(1.9032),tensor(1.2338),tensor(0.7373)
5690,5690,tensor(1.9032),tensor(1.2338),tensor(0.7373)
5691,5691,tensor(1.9032),tensor(1.2338),tensor(0.7373)
5692,5692,tensor(1.9032),tensor(1.2338),tensor(0.7373)
5693,5693,tensor(1.9032),tensor(1.2338),tensor(0.7373)
5694,5694,tensor(1.9032),tensor(1.2338),tensor(0.7373)
5695,5695,tensor(1.9032),tensor(1.2338),tensor(0.7373)
5696,5696,tensor(1.9032),tensor(1.2338),tensor(0.7373)
5697,5697,tensor(1.9032),tensor(1.2338),tensor(0.7373)
5698,5698,tensor(1.9032),tensor(1.2338),tensor(0.7373)
5699,5699,tensor(1.9032),tensor(1.2338),tensor(0.7373)
5700,5700,tensor(1.9032),tensor(1.2338),tensor(0.7373)
5701,5701,tensor(1.9032),tensor(1.2338),tensor(0.7373)
5702,5702,tensor(1.9032),tensor(1.2338),tensor(0.7373)
5703,5703,tensor(1.9032),tensor(1.2338),tensor(0.7373)
5704,5704,tensor(1.9032),tensor(1.2337),tensor(0.7373)
5705,5705,tensor(1.9032),tensor(1.2337),tensor(0.7373)
5706,5706,tensor(1.9032),tensor(1.2337),tensor(0.7373)
5707,5707,tensor(1.9032),tensor(1.2337),tensor(0.7373)
5708,5708,tensor(1.9032),tensor(1.2337),tensor(0.7373)
5709,5709,tensor(1.9032),tensor(1.2337),tensor(0.7373)
5710,5710,tensor(1.9032),tensor(1.2337),tensor(0.7373)
5711,5711,tensor(1.9032),tensor(1.2337),tensor(0.7373)
5712,5712,tensor(1.9032),tensor(1.2337),tensor(0.7373)
5713,5713,tensor(1.9032),tensor(1.2337),tensor(0.7373)
5714,5714,tensor(1.9032),tensor(1.2337),tensor(0.7373)
5715,5715,tensor(1.9032),tensor(1.2337),tensor(0.7373)
5716,5716,tensor(1.9032),tensor(1.2337),tensor(0.7373)
5717,5717,tensor(1.9032),tensor(1.2337),tensor(0.7373)
5718,5718,tensor(1.9032),tensor(1.2337),tensor(0.7373)
5719,5719,tensor(1.9032),tensor(1.2337),tensor(0.7373)
5720,5720,tensor(1.9032),tensor(1.2337),tensor(0.7373)
5721,5721,tensor(1.9032),tensor(1.2337),tensor(0.7373)
5722,5722,tensor(1.9032),tensor(1.2337),tensor(0.7373)
5723,5723,tensor(1.9032),tensor(1.2337),tensor(0.7373)
5724,5724,tensor(1.9032),tensor(1.2337),tensor(0.7373)
5725,5725,tensor(1.9032),tensor(1.2337),tensor(0.7373)
5726,5726,tensor(1.9032),tensor(1.2337),tensor(0.7373)
5727,5727,tensor(1.9032),tensor(1.2337),tensor(0.7373)
5728,5728,tensor(1.9032),tensor(1.2337),tensor(0.7373)
5729,5729,tensor(1.9032),tensor(1.2337),tensor(0.7373)
5730,5730,tensor(1.9032),tensor(1.2337),tensor(0.7373)
5731,5731,tensor(1.9032),tensor(1.2337),tensor(0.7373)
5732,5732,tensor(1.9032),tensor(1.2337),tensor(0.7373)
5733,5733,tensor(1.9032),tensor(1.2337),tensor(0.7373)
5734,5734,tensor(1.9032),tensor(1.2337),tensor(0.7373)
5735,5735,tensor(1.9032),tensor(1.2337),tensor(0.7373)
5736,5736,tensor(1.9032),tensor(1.2337),tensor(0.7373)
5737,5737,tensor(1.9032),tensor(1.2337),tensor(0.7373)
5738,5738,tensor(1.9032),tensor(1.2337),tensor(0.7373)
5739,5739,tensor(1.9032),tensor(1.2337),tensor(0.7373)
5740,5740,tensor(1.9032),tensor(1.2337),tensor(0.7373)
5741,5741,tensor(1.9032),tensor(1.2337),tensor(0.7373)
5742,5742,tensor(1.9032),tensor(1.2337),tensor(0.7373)
5743,5743,tensor(1.9032),tensor(1.2336),tensor(0.7373)
5744,5744,tensor(1.9032),tensor(1.2336),tensor(0.7373)
5745,5745,tensor(1.9032),tensor(1.2336),tensor(0.7373)
5746,5746,tensor(1.9032),tensor(1.2336),tensor(0.7373)
5747,5747,tensor(1.9032),tensor(1.2336),tensor(0.7373)
5748,5748,tensor(1.9032),tensor(1.2336),tensor(0.7373)
5749,5749,tensor(1.9032),tensor(1.2336),tensor(0.7373)
5750,5750,tensor(1.9032),tensor(1.2336),tensor(0.7373)
5751,5751,tensor(1.9032),tensor(1.2336),tensor(0.7373)
5752,5752,tensor(1.9032),tensor(1.2336),tensor(0.7373)
5753,5753,tensor(1.9032),tensor(1.2336),tensor(0.7373)
5754,5754,tensor(1.9032),tensor(1.2336),tensor(0.7373)
5755,5755,tensor(1.9032),tensor(1.2336),tensor(0.7373)
5756,5756,tensor(1.9032),tensor(1.2336),tensor(0.7373)
5757,5757,tensor(1.9032),tensor(1.2336),tensor(0.7373)
5758,5758,tensor(1.9032),tensor(1.2336),tensor(0.7373)
5759,5759,tensor(1.9032),tensor(1.2336),tensor(0.7373)
5760,5760,tensor(1.9032),tensor(1.2336),tensor(0.7373)
5761,5761,tensor(1.9032),tensor(1.2336),tensor(0.7373)
5762,5762,tensor(1.9032),tensor(1.2336),tensor(0.7373)
5763,5763,tensor(1.9032),tensor(1.2336),tensor(0.7373)
5764,5764,tensor(1.9032),tensor(1.2336),tensor(0.7373)
5765,5765,tensor(1.9032),tensor(1.2336),tensor(0.7373)
5766,5766,tensor(1.9032),tensor(1.2336),tensor(0.7373)
5767,5767,tensor(1.9032),tensor(1.2336),tensor(0.7373)
5768,5768,tensor(1.9032),tensor(1.2336),tensor(0.7373)
5769,5769,tensor(1.9032),tensor(1.2336),tensor(0.7373)
5770,5770,tensor(1.9032),tensor(1.2336),tensor(0.7373)
5771,5771,tensor(1.9032),tensor(1.2336),tensor(0.7373)
5772,5772,tensor(1.9032),tensor(1.2336),tensor(0.7373)
5773,5773,tensor(1.9032),tensor(1.2336),tensor(0.7373)
5774,5774,tensor(1.9032),tensor(1.2336),tensor(0.7373)
5775,5775,tensor(1.9032),tensor(1.2336),tensor(0.7373)
5776,5776,tensor(1.9032),tensor(1.2336),tensor(0.7373)
5777,5777,tensor(1.9032),tensor(1.2336),tensor(0.7373)
5778,5778,tensor(1.9032),tensor(1.2336),tensor(0.7373)
5779,5779,tensor(1.9032),tensor(1.2336),tensor(0.7373)
5780,5780,tensor(1.9032),tensor(1.2336),tensor(0.7373)
5781,5781,tensor(1.9032),tensor(1.2336),tensor(0.7373)
5782,5782,tensor(1.9032),tensor(1.2336),tensor(0.7373)
5783,5783,tensor(1.9032),tensor(1.2336),tensor(0.7373)
5784,5784,tensor(1.9032),tensor(1.2336),tensor(0.7373)
5785,5785,tensor(1.9032),tensor(1.2335),tensor(0.7373)
5786,5786,tensor(1.9032),tensor(1.2335),tensor(0.7373)
5787,5787,tensor(1.9032),tensor(1.2335),tensor(0.7373)
5788,5788,tensor(1.9032),tensor(1.2335),tensor(0.7373)
5789,5789,tensor(1.9032),tensor(1.2335),tensor(0.7373)
5790,5790,tensor(1.9032),tensor(1.2335),tensor(0.7373)
5791,5791,tensor(1.9032),tensor(1.2335),tensor(0.7373)
5792,5792,tensor(1.9032),tensor(1.2335),tensor(0.7373)
5793,5793,tensor(1.9032),tensor(1.2335),tensor(0.7373)
5794,5794,tensor(1.9032),tensor(1.2335),tensor(0.7373)
5795,5795,tensor(1.9032),tensor(1.2335),tensor(0.7373)
5796,5796,tensor(1.9032),tensor(1.2335),tensor(0.7373)
5797,5797,tensor(1.9032),tensor(1.2335),tensor(0.7373)
5798,5798,tensor(1.9032),tensor(1.2335),tensor(0.7373)
5799,5799,tensor(1.9032),tensor(1.2335),tensor(0.7373)
5800,5800,tensor(1.9032),tensor(1.2335),tensor(0.7373)
5801,5801,tensor(1.9032),tensor(1.2335),tensor(0.7373)
5802,5802,tensor(1.9032),tensor(1.2335),tensor(0.7373)
5803,5803,tensor(1.9032),tensor(1.2335),tensor(0.7373)
5804,5804,tensor(1.9032),tensor(1.2335),tensor(0.7373)
5805,5805,tensor(1.9032),tensor(1.2335),tensor(0.7373)
5806,5806,tensor(1.9032),tensor(1.2335),tensor(0.7373)
5807,5807,tensor(1.9032),tensor(1.2335),tensor(0.7373)
5808,5808,tensor(1.9032),tensor(1.2335),tensor(0.7373)
5809,5809,tensor(1.9032),tensor(1.2335),tensor(0.7373)
5810,5810,tensor(1.9032),tensor(1.2335),tensor(0.7373)
5811,5811,tensor(1.9032),tensor(1.2335),tensor(0.7373)
5812,5812,tensor(1.9032),tensor(1.2335),tensor(0.7373)
5813,5813,tensor(1.9032),tensor(1.2335),tensor(0.7373)
5814,5814,tensor(1.9032),tensor(1.2335),tensor(0.7373)
5815,5815,tensor(1.9032),tensor(1.2335),tensor(0.7373)
5816,5816,tensor(1.9032),tensor(1.2335),tensor(0.7373)
5817,5817,tensor(1.9032),tensor(1.2335),tensor(0.7373)
5818,5818,tensor(1.9032),tensor(1.2335),tensor(0.7373)
5819,5819,tensor(1.9032),tensor(1.2335),tensor(0.7373)
5820,5820,tensor(1.9032),tensor(1.2335),tensor(0.7373)
5821,5821,tensor(1.9032),tensor(1.2335),tensor(0.7373)
5822,5822,tensor(1.9032),tensor(1.2335),tensor(0.7373)
5823,5823,tensor(1.9032),tensor(1.2335),tensor(0.7373)
5824,5824,tensor(1.9032),tensor(1.2335),tensor(0.7373)
5825,5825,tensor(1.9032),tensor(1.2335),tensor(0.7373)
5826,5826,tensor(1.9032),tensor(1.2335),tensor(0.7373)
5827,5827,tensor(1.9032),tensor(1.2335),tensor(0.7373)
5828,5828,tensor(1.9032),tensor(1.2335),tensor(0.7373)
5829,5829,tensor(1.9032),tensor(1.2335),tensor(0.7373)
5830,5830,tensor(1.9032),tensor(1.2334),tensor(0.7373)
5831,5831,tensor(1.9032),tensor(1.2334),tensor(0.7373)
5832,5832,tensor(1.9032),tensor(1.2334),tensor(0.7373)
5833,5833,tensor(1.9032),tensor(1.2334),tensor(0.7373)
5834,5834,tensor(1.9032),tensor(1.2334),tensor(0.7373)
5835,5835,tensor(1.9032),tensor(1.2334),tensor(0.7373)
5836,5836,tensor(1.9032),tensor(1.2334),tensor(0.7373)
5837,5837,tensor(1.9032),tensor(1.2334),tensor(0.7373)
5838,5838,tensor(1.9032),tensor(1.2334),tensor(0.7373)
5839,5839,tensor(1.9032),tensor(1.2334),tensor(0.7373)
5840,5840,tensor(1.9032),tensor(1.2334),tensor(0.7373)
5841,5841,tensor(1.9032),tensor(1.2334),tensor(0.7373)
5842,5842,tensor(1.9032),tensor(1.2334),tensor(0.7373)
5843,5843,tensor(1.9032),tensor(1.2334),tensor(0.7373)
5844,5844,tensor(1.9032),tensor(1.2334),tensor(0.7373)
5845,5845,tensor(1.9032),tensor(1.2334),tensor(0.7373)
5846,5846,tensor(1.9032),tensor(1.2334),tensor(0.7373)
5847,5847,tensor(1.9032),tensor(1.2334),tensor(0.7373)
5848,5848,tensor(1.9032),tensor(1.2334),tensor(0.7373)
5849,5849,tensor(1.9032),tensor(1.2334),tensor(0.7373)
5850,5850,tensor(1.9032),tensor(1.2334),tensor(0.7373)
5851,5851,tensor(1.9032),tensor(1.2334),tensor(0.7373)
5852,5852,tensor(1.9032),tensor(1.2334),tensor(0.7373)
5853,5853,tensor(1.9032),tensor(1.2334),tensor(0.7373)
5854,5854,tensor(1.9032),tensor(1.2334),tensor(0.7373)
5855,5855,tensor(1.9032),tensor(1.2334),tensor(0.7373)
5856,5856,tensor(1.9032),tensor(1.2334),tensor(0.7373)
5857,5857,tensor(1.9032),tensor(1.2334),tensor(0.7373)
5858,5858,tensor(1.9032),tensor(1.2334),tensor(0.7373)
5859,5859,tensor(1.9032),tensor(1.2334),tensor(0.7373)
5860,5860,tensor(1.9032),tensor(1.2334),tensor(0.7373)
5861,5861,tensor(1.9032),tensor(1.2334),tensor(0.7373)
5862,5862,tensor(1.9032),tensor(1.2334),tensor(0.7373)
5863,5863,tensor(1.9032),tensor(1.2334),tensor(0.7373)
5864,5864,tensor(1.9032),tensor(1.2334),tensor(0.7373)
5865,5865,tensor(1.9032),tensor(1.2334),tensor(0.7373)
5866,5866,tensor(1.9032),tensor(1.2334),tensor(0.7373)
5867,5867,tensor(1.9032),tensor(1.2334),tensor(0.7373)
5868,5868,tensor(1.9032),tensor(1.2334),tensor(0.7373)
5869,5869,tensor(1.9032),tensor(1.2334),tensor(0.7373)
5870,5870,tensor(1.9032),tensor(1.2334),tensor(0.7373)
5871,5871,tensor(1.9032),tensor(1.2334),tensor(0.7373)
5872,5872,tensor(1.9032),tensor(1.2334),tensor(0.7373)
5873,5873,tensor(1.9032),tensor(1.2334),tensor(0.7373)
5874,5874,tensor(1.9032),tensor(1.2334),tensor(0.7373)
5875,5875,tensor(1.9032),tensor(1.2334),tensor(0.7373)
5876,5876,tensor(1.9032),tensor(1.2334),tensor(0.7373)
5877,5877,tensor(1.9032),tensor(1.2334),tensor(0.7373)
5878,5878,tensor(1.9032),tensor(1.2333),tensor(0.7373)
5879,5879,tensor(1.9032),tensor(1.2333),tensor(0.7373)
5880,5880,tensor(1.9032),tensor(1.2333),tensor(0.7373)
5881,5881,tensor(1.9032),tensor(1.2333),tensor(0.7373)
5882,5882,tensor(1.9032),tensor(1.2333),tensor(0.7373)
5883,5883,tensor(1.9032),tensor(1.2333),tensor(0.7373)
5884,5884,tensor(1.9032),tensor(1.2333),tensor(0.7373)
5885,5885,tensor(1.9032),tensor(1.2333),tensor(0.7373)
5886,5886,tensor(1.9032),tensor(1.2333),tensor(0.7373)
5887,5887,tensor(1.9032),tensor(1.2333),tensor(0.7373)
5888,5888,tensor(1.9032),tensor(1.2333),tensor(0.7373)
5889,5889,tensor(1.9032),tensor(1.2333),tensor(0.7373)
5890,5890,tensor(1.9032),tensor(1.2333),tensor(0.7373)
5891,5891,tensor(1.9032),tensor(1.2333),tensor(0.7373)
5892,5892,tensor(1.9032),tensor(1.2333),tensor(0.7373)
5893,5893,tensor(1.9032),tensor(1.2333),tensor(0.7373)
5894,5894,tensor(1.9032),tensor(1.2333),tensor(0.7373)
5895,5895,tensor(1.9032),tensor(1.2333),tensor(0.7373)
5896,5896,tensor(1.9032),tensor(1.2333),tensor(0.7373)
5897,5897,tensor(1.9032),tensor(1.2333),tensor(0.7373)
5898,5898,tensor(1.9032),tensor(1.2333),tensor(0.7373)
5899,5899,tensor(1.9032),tensor(1.2333),tensor(0.7373)
5900,5900,tensor(1.9032),tensor(1.2333),tensor(0.7372)
5901,5901,tensor(1.9032),tensor(1.2333),tensor(0.7372)
5902,5902,tensor(1.9032),tensor(1.2333),tensor(0.7372)
5903,5903,tensor(1.9032),tensor(1.2333),tensor(0.7372)
5904,5904,tensor(1.9032),tensor(1.2333),tensor(0.7372)
5905,5905,tensor(1.9032),tensor(1.2333),tensor(0.7372)
5906,5906,tensor(1.9032),tensor(1.2333),tensor(0.7372)
5907,5907,tensor(1.9032),tensor(1.2333),tensor(0.7372)
5908,5908,tensor(1.9032),tensor(1.2333),tensor(0.7372)
5909,5909,tensor(1.9032),tensor(1.2333),tensor(0.7372)
5910,5910,tensor(1.9032),tensor(1.2333),tensor(0.7372)
5911,5911,tensor(1.9032),tensor(1.2333),tensor(0.7372)
5912,5912,tensor(1.9032),tensor(1.2333),tensor(0.7372)
5913,5913,tensor(1.9032),tensor(1.2333),tensor(0.7372)
5914,5914,tensor(1.9032),tensor(1.2333),tensor(0.7372)
5915,5915,tensor(1.9032),tensor(1.2333),tensor(0.7372)
5916,5916,tensor(1.9032),tensor(1.2333),tensor(0.7372)
5917,5917,tensor(1.9032),tensor(1.2333),tensor(0.7372)
5918,5918,tensor(1.9032),tensor(1.2333),tensor(0.7372)
5919,5919,tensor(1.9032),tensor(1.2333),tensor(0.7372)
5920,5920,tensor(1.9032),tensor(1.2333),tensor(0.7372)
5921,5921,tensor(1.9032),tensor(1.2333),tensor(0.7372)
5922,5922,tensor(1.9032),tensor(1.2333),tensor(0.7372)
5923,5923,tensor(1.9032),tensor(1.2333),tensor(0.7372)
5924,5924,tensor(1.9032),tensor(1.2333),tensor(0.7372)
5925,5925,tensor(1.9032),tensor(1.2333),tensor(0.7372)
5926,5926,tensor(1.9032),tensor(1.2333),tensor(0.7372)
5927,5927,tensor(1.9032),tensor(1.2333),tensor(0.7372)
5928,5928,tensor(1.9032),tensor(1.2333),tensor(0.7372)
5929,5929,tensor(1.9032),tensor(1.2333),tensor(0.7372)
5930,5930,tensor(1.9032),tensor(1.2332),tensor(0.7372)
5931,5931,tensor(1.9032),tensor(1.2332),tensor(0.7372)
5932,5932,tensor(1.9032),tensor(1.2332),tensor(0.7372)
5933,5933,tensor(1.9032),tensor(1.2332),tensor(0.7372)
5934,5934,tensor(1.9032),tensor(1.2332),tensor(0.7372)
5935,5935,tensor(1.9032),tensor(1.2332),tensor(0.7372)
5936,5936,tensor(1.9032),tensor(1.2332),tensor(0.7372)
5937,5937,tensor(1.9032),tensor(1.2332),tensor(0.7372)
5938,5938,tensor(1.9032),tensor(1.2332),tensor(0.7372)
5939,5939,tensor(1.9032),tensor(1.2332),tensor(0.7372)
5940,5940,tensor(1.9032),tensor(1.2332),tensor(0.7372)
5941,5941,tensor(1.9032),tensor(1.2332),tensor(0.7372)
5942,5942,tensor(1.9032),tensor(1.2332),tensor(0.7372)
5943,5943,tensor(1.9032),tensor(1.2332),tensor(0.7372)
5944,5944,tensor(1.9032),tensor(1.2332),tensor(0.7372)
5945,5945,tensor(1.9032),tensor(1.2332),tensor(0.7372)
5946,5946,tensor(1.9032),tensor(1.2332),tensor(0.7372)
5947,5947,tensor(1.9032),tensor(1.2332),tensor(0.7372)
5948,5948,tensor(1.9032),tensor(1.2332),tensor(0.7372)
5949,5949,tensor(1.9032),tensor(1.2332),tensor(0.7372)
5950,5950,tensor(1.9032),tensor(1.2332),tensor(0.7372)
5951,5951,tensor(1.9032),tensor(1.2332),tensor(0.7372)
5952,5952,tensor(1.9032),tensor(1.2332),tensor(0.7372)
5953,5953,tensor(1.9032),tensor(1.2332),tensor(0.7372)
5954,5954,tensor(1.9032),tensor(1.2332),tensor(0.7372)
5955,5955,tensor(1.9032),tensor(1.2332),tensor(0.7372)
5956,5956,tensor(1.9032),tensor(1.2332),tensor(0.7372)
5957,5957,tensor(1.9032),tensor(1.2332),tensor(0.7372)
5958,5958,tensor(1.9032),tensor(1.2332),tensor(0.7372)
5959,5959,tensor(1.9032),tensor(1.2332),tensor(0.7372)
5960,5960,tensor(1.9032),tensor(1.2332),tensor(0.7372)
5961,5961,tensor(1.9032),tensor(1.2332),tensor(0.7372)
5962,5962,tensor(1.9032),tensor(1.2332),tensor(0.7372)
5963,5963,tensor(1.9032),tensor(1.2332),tensor(0.7372)
5964,5964,tensor(1.9032),tensor(1.2332),tensor(0.7372)
5965,5965,tensor(1.9032),tensor(1.2332),tensor(0.7372)
5966,5966,tensor(1.9032),tensor(1.2332),tensor(0.7372)
5967,5967,tensor(1.9032),tensor(1.2332),tensor(0.7372)
5968,5968,tensor(1.9032),tensor(1.2332),tensor(0.7372)
5969,5969,tensor(1.9032),tensor(1.2332),tensor(0.7372)
5970,5970,tensor(1.9032),tensor(1.2332),tensor(0.7372)
5971,5971,tensor(1.9032),tensor(1.2332),tensor(0.7372)
5972,5972,tensor(1.9032),tensor(1.2332),tensor(0.7372)
5973,5973,tensor(1.9032),tensor(1.2332),tensor(0.7372)
5974,5974,tensor(1.9032),tensor(1.2332),tensor(0.7372)
5975,5975,tensor(1.9032),tensor(1.2332),tensor(0.7372)
5976,5976,tensor(1.9032),tensor(1.2332),tensor(0.7372)
5977,5977,tensor(1.9032),tensor(1.2332),tensor(0.7372)
5978,5978,tensor(1.9032),tensor(1.2332),tensor(0.7372)
5979,5979,tensor(1.9032),tensor(1.2332),tensor(0.7372)
5980,5980,tensor(1.9032),tensor(1.2332),tensor(0.7372)
5981,5981,tensor(1.9032),tensor(1.2332),tensor(0.7372)
5982,5982,tensor(1.9032),tensor(1.2332),tensor(0.7372)
5983,5983,tensor(1.9032),tensor(1.2332),tensor(0.7372)
5984,5984,tensor(1.9032),tensor(1.2332),tensor(0.7372)
5985,5985,tensor(1.9032),tensor(1.2332),tensor(0.7372)
5986,5986,tensor(1.9032),tensor(1.2332),tensor(0.7372)
5987,5987,tensor(1.9032),tensor(1.2331),tensor(0.7372)
5988,5988,tensor(1.9032),tensor(1.2331),tensor(0.7372)
5989,5989,tensor(1.9032),tensor(1.2331),tensor(0.7372)
5990,5990,tensor(1.9032),tensor(1.2331),tensor(0.7372)
5991,5991,tensor(1.9032),tensor(1.2331),tensor(0.7372)
5992,5992,tensor(1.9032),tensor(1.2331),tensor(0.7372)
5993,5993,tensor(1.9032),tensor(1.2331),tensor(0.7372)
5994,5994,tensor(1.9032),tensor(1.2331),tensor(0.7372)
5995,5995,tensor(1.9032),tensor(1.2331),tensor(0.7372)
5996,5996,tensor(1.9032),tensor(1.2331),tensor(0.7372)
5997,5997,tensor(1.9032),tensor(1.2331),tensor(0.7372)
5998,5998,tensor(1.9032),tensor(1.2331),tensor(0.7372)
5999,5999,tensor(1.9032),tensor(1.2331),tensor(0.7372)
6000,6000,tensor(1.9032),tensor(1.2331),tensor(0.7372)
6001,6001,tensor(1.9032),tensor(1.2331),tensor(0.7372)
6002,6002,tensor(1.9032),tensor(1.2331),tensor(0.7372)
6003,6003,tensor(1.9032),tensor(1.2331),tensor(0.7372)
6004,6004,tensor(1.9032),tensor(1.2331),tensor(0.7372)
6005,6005,tensor(1.9032),tensor(1.2331),tensor(0.7372)
6006,6006,tensor(1.9032),tensor(1.2331),tensor(0.7372)
6007,6007,tensor(1.9032),tensor(1.2331),tensor(0.7372)
6008,6008,tensor(1.9032),tensor(1.2331),tensor(0.7372)
6009,6009,tensor(1.9032),tensor(1.2331),tensor(0.7372)
6010,6010,tensor(1.9032),tensor(1.2331),tensor(0.7372)
6011,6011,tensor(1.9032),tensor(1.2331),tensor(0.7372)
6012,6012,tensor(1.9032),tensor(1.2331),tensor(0.7372)
6013,6013,tensor(1.9032),tensor(1.2331),tensor(0.7372)
6014,6014,tensor(1.9032),tensor(1.2331),tensor(0.7372)
6015,6015,tensor(1.9032),tensor(1.2331),tensor(0.7372)
6016,6016,tensor(1.9032),tensor(1.2331),tensor(0.7372)
6017,6017,tensor(1.9032),tensor(1.2331),tensor(0.7372)
6018,6018,tensor(1.9032),tensor(1.2331),tensor(0.7372)
6019,6019,tensor(1.9032),tensor(1.2331),tensor(0.7372)
6020,6020,tensor(1.9032),tensor(1.2331),tensor(0.7372)
6021,6021,tensor(1.9032),tensor(1.2331),tensor(0.7372)
6022,6022,tensor(1.9032),tensor(1.2331),tensor(0.7372)
6023,6023,tensor(1.9032),tensor(1.2331),tensor(0.7372)
6024,6024,tensor(1.9032),tensor(1.2331),tensor(0.7372)
6025,6025,tensor(1.9032),tensor(1.2331),tensor(0.7372)
6026,6026,tensor(1.9032),tensor(1.2331),tensor(0.7372)
6027,6027,tensor(1.9032),tensor(1.2331),tensor(0.7372)
6028,6028,tensor(1.9032),tensor(1.2331),tensor(0.7372)
6029,6029,tensor(1.9032),tensor(1.2331),tensor(0.7372)
6030,6030,tensor(1.9032),tensor(1.2331),tensor(0.7372)
6031,6031,tensor(1.9032),tensor(1.2331),tensor(0.7372)
6032,6032,tensor(1.9032),tensor(1.2331),tensor(0.7372)
6033,6033,tensor(1.9032),tensor(1.2331),tensor(0.7372)
6034,6034,tensor(1.9032),tensor(1.2331),tensor(0.7372)
6035,6035,tensor(1.9032),tensor(1.2331),tensor(0.7372)
6036,6036,tensor(1.9032),tensor(1.2331),tensor(0.7372)
6037,6037,tensor(1.9032),tensor(1.2331),tensor(0.7372)
6038,6038,tensor(1.9032),tensor(1.2331),tensor(0.7372)
6039,6039,tensor(1.9032),tensor(1.2331),tensor(0.7372)
6040,6040,tensor(1.9032),tensor(1.2331),tensor(0.7372)
6041,6041,tensor(1.9032),tensor(1.2331),tensor(0.7372)
6042,6042,tensor(1.9032),tensor(1.2331),tensor(0.7372)
6043,6043,tensor(1.9032),tensor(1.2331),tensor(0.7372)
6044,6044,tensor(1.9032),tensor(1.2331),tensor(0.7372)
6045,6045,tensor(1.9032),tensor(1.2331),tensor(0.7372)
6046,6046,tensor(1.9032),tensor(1.2331),tensor(0.7372)
6047,6047,tensor(1.9032),tensor(1.2331),tensor(0.7372)
6048,6048,tensor(1.9032),tensor(1.2331),tensor(0.7372)
6049,6049,tensor(1.9032),tensor(1.2331),tensor(0.7372)
6050,6050,tensor(1.9032),tensor(1.2331),tensor(0.7372)
6051,6051,tensor(1.9032),tensor(1.2330),tensor(0.7372)
6052,6052,tensor(1.9032),tensor(1.2330),tensor(0.7372)
6053,6053,tensor(1.9032),tensor(1.2330),tensor(0.7372)
6054,6054,tensor(1.9032),tensor(1.2330),tensor(0.7372)
6055,6055,tensor(1.9032),tensor(1.2330),tensor(0.7372)
6056,6056,tensor(1.9032),tensor(1.2330),tensor(0.7372)
6057,6057,tensor(1.9032),tensor(1.2330),tensor(0.7372)
6058,6058,tensor(1.9032),tensor(1.2330),tensor(0.7372)
6059,6059,tensor(1.9032),tensor(1.2330),tensor(0.7372)
6060,6060,tensor(1.9032),tensor(1.2330),tensor(0.7372)
6061,6061,tensor(1.9031),tensor(1.2330),tensor(0.7372)
6062,6062,tensor(1.9031),tensor(1.2330),tensor(0.7372)
6063,6063,tensor(1.9032),tensor(1.2330),tensor(0.7372)
6064,6064,tensor(1.9031),tensor(1.2330),tensor(0.7372)
6065,6065,tensor(1.9031),tensor(1.2330),tensor(0.7372)
6066,6066,tensor(1.9031),tensor(1.2330),tensor(0.7372)
6067,6067,tensor(1.9031),tensor(1.2330),tensor(0.7372)
6068,6068,tensor(1.9031),tensor(1.2330),tensor(0.7372)
6069,6069,tensor(1.9031),tensor(1.2330),tensor(0.7372)
6070,6070,tensor(1.9031),tensor(1.2330),tensor(0.7372)
6071,6071,tensor(1.9031),tensor(1.2330),tensor(0.7372)
6072,6072,tensor(1.9031),tensor(1.2330),tensor(0.7372)
6073,6073,tensor(1.9031),tensor(1.2330),tensor(0.7372)
6074,6074,tensor(1.9031),tensor(1.2330),tensor(0.7372)
6075,6075,tensor(1.9031),tensor(1.2330),tensor(0.7372)
6076,6076,tensor(1.9031),tensor(1.2330),tensor(0.7372)
6077,6077,tensor(1.9031),tensor(1.2330),tensor(0.7372)
6078,6078,tensor(1.9031),tensor(1.2330),tensor(0.7372)
6079,6079,tensor(1.9031),tensor(1.2330),tensor(0.7372)
6080,6080,tensor(1.9031),tensor(1.2330),tensor(0.7372)
6081,6081,tensor(1.9031),tensor(1.2330),tensor(0.7372)
6082,6082,tensor(1.9031),tensor(1.2330),tensor(0.7372)
6083,6083,tensor(1.9031),tensor(1.2330),tensor(0.7372)
6084,6084,tensor(1.9031),tensor(1.2330),tensor(0.7372)
6085,6085,tensor(1.9031),tensor(1.2330),tensor(0.7372)
6086,6086,tensor(1.9031),tensor(1.2330),tensor(0.7372)
6087,6087,tensor(1.9031),tensor(1.2330),tensor(0.7372)
6088,6088,tensor(1.9031),tensor(1.2330),tensor(0.7372)
6089,6089,tensor(1.9031),tensor(1.2330),tensor(0.7372)
6090,6090,tensor(1.9031),tensor(1.2330),tensor(0.7372)
6091,6091,tensor(1.9031),tensor(1.2330),tensor(0.7372)
6092,6092,tensor(1.9031),tensor(1.2330),tensor(0.7372)
6093,6093,tensor(1.9031),tensor(1.2330),tensor(0.7372)
6094,6094,tensor(1.9031),tensor(1.2330),tensor(0.7372)
6095,6095,tensor(1.9031),tensor(1.2330),tensor(0.7372)
6096,6096,tensor(1.9031),tensor(1.2330),tensor(0.7372)
6097,6097,tensor(1.9031),tensor(1.2330),tensor(0.7372)
6098,6098,tensor(1.9031),tensor(1.2330),tensor(0.7372)
6099,6099,tensor(1.9031),tensor(1.2330),tensor(0.7372)
6100,6100,tensor(1.9031),tensor(1.2330),tensor(0.7372)
6101,6101,tensor(1.9031),tensor(1.2330),tensor(0.7372)
6102,6102,tensor(1.9031),tensor(1.2330),tensor(0.7372)
6103,6103,tensor(1.9031),tensor(1.2330),tensor(0.7372)
6104,6104,tensor(1.9031),tensor(1.2330),tensor(0.7372)
6105,6105,tensor(1.9031),tensor(1.2330),tensor(0.7372)
6106,6106,tensor(1.9031),tensor(1.2330),tensor(0.7372)
6107,6107,tensor(1.9031),tensor(1.2330),tensor(0.7372)
6108,6108,tensor(1.9031),tensor(1.2330),tensor(0.7372)
6109,6109,tensor(1.9031),tensor(1.2330),tensor(0.7372)
6110,6110,tensor(1.9031),tensor(1.2330),tensor(0.7372)
6111,6111,tensor(1.9031),tensor(1.2330),tensor(0.7372)
6112,6112,tensor(1.9031),tensor(1.2330),tensor(0.7372)
6113,6113,tensor(1.9031),tensor(1.2330),tensor(0.7372)
6114,6114,tensor(1.9031),tensor(1.2330),tensor(0.7372)
6115,6115,tensor(1.9031),tensor(1.2330),tensor(0.7372)
6116,6116,tensor(1.9031),tensor(1.2330),tensor(0.7372)
6117,6117,tensor(1.9031),tensor(1.2330),tensor(0.7372)
6118,6118,tensor(1.9031),tensor(1.2330),tensor(0.7372)
6119,6119,tensor(1.9031),tensor(1.2330),tensor(0.7372)
6120,6120,tensor(1.9031),tensor(1.2330),tensor(0.7372)
6121,6121,tensor(1.9031),tensor(1.2330),tensor(0.7372)
6122,6122,tensor(1.9031),tensor(1.2330),tensor(0.7372)
6123,6123,tensor(1.9031),tensor(1.2330),tensor(0.7372)
6124,6124,tensor(1.9031),tensor(1.2329),tensor(0.7372)
6125,6125,tensor(1.9031),tensor(1.2329),tensor(0.7372)
6126,6126,tensor(1.9031),tensor(1.2329),tensor(0.7372)
6127,6127,tensor(1.9031),tensor(1.2329),tensor(0.7372)
6128,6128,tensor(1.9031),tensor(1.2329),tensor(0.7372)
6129,6129,tensor(1.9031),tensor(1.2329),tensor(0.7372)
6130,6130,tensor(1.9031),tensor(1.2329),tensor(0.7372)
6131,6131,tensor(1.9031),tensor(1.2329),tensor(0.7372)
6132,6132,tensor(1.9031),tensor(1.2329),tensor(0.7372)
6133,6133,tensor(1.9031),tensor(1.2329),tensor(0.7372)
6134,6134,tensor(1.9031),tensor(1.2329),tensor(0.7372)
6135,6135,tensor(1.9031),tensor(1.2329),tensor(0.7372)
6136,6136,tensor(1.9031),tensor(1.2329),tensor(0.7372)
6137,6137,tensor(1.9031),tensor(1.2329),tensor(0.7372)
6138,6138,tensor(1.9031),tensor(1.2329),tensor(0.7372)
6139,6139,tensor(1.9031),tensor(1.2329),tensor(0.7372)
6140,6140,tensor(1.9031),tensor(1.2329),tensor(0.7372)
6141,6141,tensor(1.9031),tensor(1.2329),tensor(0.7372)
6142,6142,tensor(1.9031),tensor(1.2329),tensor(0.7372)
6143,6143,tensor(1.9031),tensor(1.2329),tensor(0.7372)
6144,6144,tensor(1.9031),tensor(1.2329),tensor(0.7372)
6145,6145,tensor(1.9031),tensor(1.2329),tensor(0.7372)
6146,6146,tensor(1.9031),tensor(1.2329),tensor(0.7372)
6147,6147,tensor(1.9031),tensor(1.2329),tensor(0.7372)
6148,6148,tensor(1.9031),tensor(1.2329),tensor(0.7372)
6149,6149,tensor(1.9031),tensor(1.2329),tensor(0.7372)
6150,6150,tensor(1.9031),tensor(1.2329),tensor(0.7372)
6151,6151,tensor(1.9031),tensor(1.2329),tensor(0.7372)
6152,6152,tensor(1.9031),tensor(1.2329),tensor(0.7372)
6153,6153,tensor(1.9031),tensor(1.2329),tensor(0.7372)
6154,6154,tensor(1.9031),tensor(1.2329),tensor(0.7372)
6155,6155,tensor(1.9031),tensor(1.2329),tensor(0.7372)
6156,6156,tensor(1.9031),tensor(1.2329),tensor(0.7372)
6157,6157,tensor(1.9031),tensor(1.2329),tensor(0.7372)
6158,6158,tensor(1.9031),tensor(1.2329),tensor(0.7372)
6159,6159,tensor(1.9031),tensor(1.2329),tensor(0.7372)
6160,6160,tensor(1.9031),tensor(1.2329),tensor(0.7372)
6161,6161,tensor(1.9031),tensor(1.2329),tensor(0.7372)
6162,6162,tensor(1.9031),tensor(1.2329),tensor(0.7372)
6163,6163,tensor(1.9031),tensor(1.2329),tensor(0.7372)
6164,6164,tensor(1.9031),tensor(1.2329),tensor(0.7372)
6165,6165,tensor(1.9031),tensor(1.2329),tensor(0.7372)
6166,6166,tensor(1.9031),tensor(1.2329),tensor(0.7372)
6167,6167,tensor(1.9031),tensor(1.2329),tensor(0.7372)
6168,6168,tensor(1.9031),tensor(1.2329),tensor(0.7372)
6169,6169,tensor(1.9031),tensor(1.2329),tensor(0.7372)
6170,6170,tensor(1.9031),tensor(1.2329),tensor(0.7372)
6171,6171,tensor(1.9031),tensor(1.2329),tensor(0.7372)
6172,6172,tensor(1.9031),tensor(1.2329),tensor(0.7372)
6173,6173,tensor(1.9031),tensor(1.2329),tensor(0.7372)
6174,6174,tensor(1.9031),tensor(1.2329),tensor(0.7372)
6175,6175,tensor(1.9031),tensor(1.2329),tensor(0.7372)
6176,6176,tensor(1.9031),tensor(1.2329),tensor(0.7372)
6177,6177,tensor(1.9031),tensor(1.2329),tensor(0.7372)
6178,6178,tensor(1.9031),tensor(1.2329),tensor(0.7372)
6179,6179,tensor(1.9031),tensor(1.2329),tensor(0.7372)
6180,6180,tensor(1.9031),tensor(1.2329),tensor(0.7372)
6181,6181,tensor(1.9031),tensor(1.2329),tensor(0.7372)
6182,6182,tensor(1.9031),tensor(1.2329),tensor(0.7372)
6183,6183,tensor(1.9031),tensor(1.2329),tensor(0.7372)
6184,6184,tensor(1.9031),tensor(1.2329),tensor(0.7372)
6185,6185,tensor(1.9031),tensor(1.2329),tensor(0.7372)
6186,6186,tensor(1.9031),tensor(1.2329),tensor(0.7372)
6187,6187,tensor(1.9031),tensor(1.2329),tensor(0.7372)
6188,6188,tensor(1.9031),tensor(1.2329),tensor(0.7372)
6189,6189,tensor(1.9031),tensor(1.2329),tensor(0.7372)
6190,6190,tensor(1.9031),tensor(1.2329),tensor(0.7372)
6191,6191,tensor(1.9031),tensor(1.2329),tensor(0.7372)
6192,6192,tensor(1.9031),tensor(1.2329),tensor(0.7372)
6193,6193,tensor(1.9031),tensor(1.2329),tensor(0.7372)
6194,6194,tensor(1.9031),tensor(1.2329),tensor(0.7372)
6195,6195,tensor(1.9031),tensor(1.2329),tensor(0.7372)
6196,6196,tensor(1.9031),tensor(1.2329),tensor(0.7372)
6197,6197,tensor(1.9031),tensor(1.2329),tensor(0.7372)
6198,6198,tensor(1.9031),tensor(1.2329),tensor(0.7372)
6199,6199,tensor(1.9031),tensor(1.2329),tensor(0.7372)
6200,6200,tensor(1.9031),tensor(1.2329),tensor(0.7372)
6201,6201,tensor(1.9031),tensor(1.2329),tensor(0.7372)
6202,6202,tensor(1.9031),tensor(1.2329),tensor(0.7372)
6203,6203,tensor(1.9031),tensor(1.2329),tensor(0.7372)
6204,6204,tensor(1.9031),tensor(1.2329),tensor(0.7372)
6205,6205,tensor(1.9031),tensor(1.2329),tensor(0.7372)
6206,6206,tensor(1.9031),tensor(1.2329),tensor(0.7372)
6207,6207,tensor(1.9031),tensor(1.2329),tensor(0.7372)
6208,6208,tensor(1.9031),tensor(1.2328),tensor(0.7372)
6209,6209,tensor(1.9031),tensor(1.2328),tensor(0.7372)
6210,6210,tensor(1.9031),tensor(1.2328),tensor(0.7372)
6211,6211,tensor(1.9031),tensor(1.2328),tensor(0.7372)
6212,6212,tensor(1.9031),tensor(1.2328),tensor(0.7372)
6213,6213,tensor(1.9031),tensor(1.2328),tensor(0.7372)
6214,6214,tensor(1.9031),tensor(1.2328),tensor(0.7372)
6215,6215,tensor(1.9031),tensor(1.2328),tensor(0.7372)
6216,6216,tensor(1.9031),tensor(1.2328),tensor(0.7372)
6217,6217,tensor(1.9031),tensor(1.2328),tensor(0.7372)
6218,6218,tensor(1.9031),tensor(1.2328),tensor(0.7372)
6219,6219,tensor(1.9031),tensor(1.2328),tensor(0.7372)
6220,6220,tensor(1.9031),tensor(1.2328),tensor(0.7372)
6221,6221,tensor(1.9031),tensor(1.2328),tensor(0.7372)
6222,6222,tensor(1.9031),tensor(1.2328),tensor(0.7372)
6223,6223,tensor(1.9031),tensor(1.2328),tensor(0.7372)
6224,6224,tensor(1.9031),tensor(1.2328),tensor(0.7372)
6225,6225,tensor(1.9031),tensor(1.2328),tensor(0.7372)
6226,6226,tensor(1.9031),tensor(1.2328),tensor(0.7372)
6227,6227,tensor(1.9031),tensor(1.2328),tensor(0.7372)
6228,6228,tensor(1.9031),tensor(1.2328),tensor(0.7372)
6229,6229,tensor(1.9031),tensor(1.2328),tensor(0.7372)
6230,6230,tensor(1.9031),tensor(1.2328),tensor(0.7372)
6231,6231,tensor(1.9031),tensor(1.2328),tensor(0.7372)
6232,6232,tensor(1.9031),tensor(1.2328),tensor(0.7372)
6233,6233,tensor(1.9031),tensor(1.2328),tensor(0.7372)
6234,6234,tensor(1.9031),tensor(1.2328),tensor(0.7372)
6235,6235,tensor(1.9031),tensor(1.2328),tensor(0.7372)
6236,6236,tensor(1.9031),tensor(1.2328),tensor(0.7372)
6237,6237,tensor(1.9031),tensor(1.2328),tensor(0.7372)
6238,6238,tensor(1.9031),tensor(1.2328),tensor(0.7372)
6239,6239,tensor(1.9031),tensor(1.2328),tensor(0.7372)
6240,6240,tensor(1.9031),tensor(1.2328),tensor(0.7372)
6241,6241,tensor(1.9031),tensor(1.2328),tensor(0.7372)
6242,6242,tensor(1.9031),tensor(1.2328),tensor(0.7372)
6243,6243,tensor(1.9031),tensor(1.2328),tensor(0.7372)
6244,6244,tensor(1.9031),tensor(1.2328),tensor(0.7372)
6245,6245,tensor(1.9031),tensor(1.2328),tensor(0.7372)
6246,6246,tensor(1.9031),tensor(1.2328),tensor(0.7372)
6247,6247,tensor(1.9031),tensor(1.2328),tensor(0.7372)
6248,6248,tensor(1.9031),tensor(1.2328),tensor(0.7372)
6249,6249,tensor(1.9031),tensor(1.2328),tensor(0.7372)
6250,6250,tensor(1.9031),tensor(1.2328),tensor(0.7372)
6251,6251,tensor(1.9031),tensor(1.2328),tensor(0.7372)
6252,6252,tensor(1.9031),tensor(1.2328),tensor(0.7372)
6253,6253,tensor(1.9031),tensor(1.2328),tensor(0.7372)
6254,6254,tensor(1.9031),tensor(1.2328),tensor(0.7372)
6255,6255,tensor(1.9031),tensor(1.2328),tensor(0.7372)
6256,6256,tensor(1.9031),tensor(1.2328),tensor(0.7372)
6257,6257,tensor(1.9031),tensor(1.2328),tensor(0.7372)
6258,6258,tensor(1.9031),tensor(1.2328),tensor(0.7372)
6259,6259,tensor(1.9031),tensor(1.2328),tensor(0.7372)
6260,6260,tensor(1.9031),tensor(1.2328),tensor(0.7372)
6261,6261,tensor(1.9031),tensor(1.2328),tensor(0.7372)
6262,6262,tensor(1.9031),tensor(1.2328),tensor(0.7372)
6263,6263,tensor(1.9031),tensor(1.2328),tensor(0.7372)
6264,6264,tensor(1.9031),tensor(1.2328),tensor(0.7372)
6265,6265,tensor(1.9031),tensor(1.2328),tensor(0.7371)
6266,6266,tensor(1.9031),tensor(1.2328),tensor(0.7371)
6267,6267,tensor(1.9031),tensor(1.2328),tensor(0.7371)
6268,6268,tensor(1.9031),tensor(1.2328),tensor(0.7371)
6269,6269,tensor(1.9031),tensor(1.2328),tensor(0.7371)
6270,6270,tensor(1.9031),tensor(1.2328),tensor(0.7371)
6271,6271,tensor(1.9031),tensor(1.2328),tensor(0.7371)
6272,6272,tensor(1.9031),tensor(1.2328),tensor(0.7371)
6273,6273,tensor(1.9031),tensor(1.2328),tensor(0.7371)
6274,6274,tensor(1.9031),tensor(1.2328),tensor(0.7371)
6275,6275,tensor(1.9031),tensor(1.2328),tensor(0.7371)
6276,6276,tensor(1.9031),tensor(1.2328),tensor(0.7371)
6277,6277,tensor(1.9031),tensor(1.2328),tensor(0.7371)
6278,6278,tensor(1.9031),tensor(1.2328),tensor(0.7371)
6279,6279,tensor(1.9031),tensor(1.2328),tensor(0.7371)
6280,6280,tensor(1.9031),tensor(1.2328),tensor(0.7371)
6281,6281,tensor(1.9031),tensor(1.2328),tensor(0.7371)
6282,6282,tensor(1.9031),tensor(1.2328),tensor(0.7371)
6283,6283,tensor(1.9031),tensor(1.2328),tensor(0.7371)
6284,6284,tensor(1.9031),tensor(1.2328),tensor(0.7371)
6285,6285,tensor(1.9031),tensor(1.2328),tensor(0.7371)
6286,6286,tensor(1.9031),tensor(1.2328),tensor(0.7371)
6287,6287,tensor(1.9031),tensor(1.2328),tensor(0.7371)
6288,6288,tensor(1.9031),tensor(1.2328),tensor(0.7371)
6289,6289,tensor(1.9031),tensor(1.2328),tensor(0.7371)
6290,6290,tensor(1.9031),tensor(1.2328),tensor(0.7371)
6291,6291,tensor(1.9031),tensor(1.2328),tensor(0.7371)
6292,6292,tensor(1.9031),tensor(1.2328),tensor(0.7371)
6293,6293,tensor(1.9031),tensor(1.2328),tensor(0.7371)
6294,6294,tensor(1.9031),tensor(1.2328),tensor(0.7371)
6295,6295,tensor(1.9031),tensor(1.2328),tensor(0.7371)
6296,6296,tensor(1.9031),tensor(1.2328),tensor(0.7371)
6297,6297,tensor(1.9031),tensor(1.2328),tensor(0.7371)
6298,6298,tensor(1.9031),tensor(1.2328),tensor(0.7371)
6299,6299,tensor(1.9031),tensor(1.2328),tensor(0.7371)
6300,6300,tensor(1.9031),tensor(1.2328),tensor(0.7371)
6301,6301,tensor(1.9031),tensor(1.2328),tensor(0.7371)
6302,6302,tensor(1.9031),tensor(1.2328),tensor(0.7371)
6303,6303,tensor(1.9031),tensor(1.2328),tensor(0.7371)
6304,6304,tensor(1.9031),tensor(1.2328),tensor(0.7371)
6305,6305,tensor(1.9031),tensor(1.2328),tensor(0.7371)
6306,6306,tensor(1.9031),tensor(1.2328),tensor(0.7371)
6307,6307,tensor(1.9031),tensor(1.2328),tensor(0.7371)
6308,6308,tensor(1.9031),tensor(1.2328),tensor(0.7371)
6309,6309,tensor(1.9031),tensor(1.2328),tensor(0.7371)
6310,6310,tensor(1.9031),tensor(1.2327),tensor(0.7371)
6311,6311,tensor(1.9031),tensor(1.2327),tensor(0.7371)
6312,6312,tensor(1.9031),tensor(1.2327),tensor(0.7371)
6313,6313,tensor(1.9031),tensor(1.2327),tensor(0.7371)
6314,6314,tensor(1.9031),tensor(1.2327),tensor(0.7371)
6315,6315,tensor(1.9031),tensor(1.2327),tensor(0.7371)
6316,6316,tensor(1.9031),tensor(1.2327),tensor(0.7371)
6317,6317,tensor(1.9031),tensor(1.2327),tensor(0.7371)
6318,6318,tensor(1.9031),tensor(1.2327),tensor(0.7371)
6319,6319,tensor(1.9031),tensor(1.2327),tensor(0.7371)
6320,6320,tensor(1.9031),tensor(1.2327),tensor(0.7371)
6321,6321,tensor(1.9031),tensor(1.2327),tensor(0.7371)
6322,6322,tensor(1.9031),tensor(1.2327),tensor(0.7371)
6323,6323,tensor(1.9031),tensor(1.2327),tensor(0.7371)
6324,6324,tensor(1.9031),tensor(1.2327),tensor(0.7371)
6325,6325,tensor(1.9031),tensor(1.2327),tensor(0.7371)
6326,6326,tensor(1.9031),tensor(1.2327),tensor(0.7371)
6327,6327,tensor(1.9031),tensor(1.2327),tensor(0.7371)
6328,6328,tensor(1.9031),tensor(1.2327),tensor(0.7371)
6329,6329,tensor(1.9031),tensor(1.2327),tensor(0.7371)
6330,6330,tensor(1.9031),tensor(1.2327),tensor(0.7371)
6331,6331,tensor(1.9031),tensor(1.2327),tensor(0.7371)
6332,6332,tensor(1.9031),tensor(1.2327),tensor(0.7371)
6333,6333,tensor(1.9031),tensor(1.2327),tensor(0.7371)
6334,6334,tensor(1.9031),tensor(1.2327),tensor(0.7371)
6335,6335,tensor(1.9031),tensor(1.2327),tensor(0.7371)
6336,6336,tensor(1.9031),tensor(1.2327),tensor(0.7371)
6337,6337,tensor(1.9031),tensor(1.2327),tensor(0.7371)
6338,6338,tensor(1.9031),tensor(1.2327),tensor(0.7371)
6339,6339,tensor(1.9031),tensor(1.2327),tensor(0.7371)
6340,6340,tensor(1.9031),tensor(1.2327),tensor(0.7371)
6341,6341,tensor(1.9031),tensor(1.2327),tensor(0.7371)
6342,6342,tensor(1.9031),tensor(1.2327),tensor(0.7371)
6343,6343,tensor(1.9031),tensor(1.2327),tensor(0.7371)
6344,6344,tensor(1.9031),tensor(1.2327),tensor(0.7371)
6345,6345,tensor(1.9031),tensor(1.2327),tensor(0.7371)
6346,6346,tensor(1.9031),tensor(1.2327),tensor(0.7371)
6347,6347,tensor(1.9031),tensor(1.2327),tensor(0.7371)
6348,6348,tensor(1.9031),tensor(1.2327),tensor(0.7371)
6349,6349,tensor(1.9031),tensor(1.2327),tensor(0.7371)
6350,6350,tensor(1.9031),tensor(1.2327),tensor(0.7371)
6351,6351,tensor(1.9031),tensor(1.2327),tensor(0.7371)
6352,6352,tensor(1.9031),tensor(1.2327),tensor(0.7371)
6353,6353,tensor(1.9031),tensor(1.2327),tensor(0.7371)
6354,6354,tensor(1.9031),tensor(1.2327),tensor(0.7371)
6355,6355,tensor(1.9031),tensor(1.2327),tensor(0.7371)
6356,6356,tensor(1.9031),tensor(1.2327),tensor(0.7371)
6357,6357,tensor(1.9031),tensor(1.2327),tensor(0.7371)
6358,6358,tensor(1.9031),tensor(1.2327),tensor(0.7371)
6359,6359,tensor(1.9031),tensor(1.2327),tensor(0.7371)
6360,6360,tensor(1.9031),tensor(1.2327),tensor(0.7371)
6361,6361,tensor(1.9031),tensor(1.2327),tensor(0.7371)
6362,6362,tensor(1.9031),tensor(1.2327),tensor(0.7371)
6363,6363,tensor(1.9031),tensor(1.2327),tensor(0.7371)
6364,6364,tensor(1.9031),tensor(1.2327),tensor(0.7371)
6365,6365,tensor(1.9031),tensor(1.2327),tensor(0.7371)
6366,6366,tensor(1.9031),tensor(1.2327),tensor(0.7371)
6367,6367,tensor(1.9031),tensor(1.2327),tensor(0.7371)
6368,6368,tensor(1.9031),tensor(1.2327),tensor(0.7371)
6369,6369,tensor(1.9031),tensor(1.2327),tensor(0.7371)
6370,6370,tensor(1.9031),tensor(1.2327),tensor(0.7371)
6371,6371,tensor(1.9031),tensor(1.2327),tensor(0.7371)
6372,6372,tensor(1.9031),tensor(1.2327),tensor(0.7371)
6373,6373,tensor(1.9031),tensor(1.2327),tensor(0.7371)
6374,6374,tensor(1.9031),tensor(1.2327),tensor(0.7371)
6375,6375,tensor(1.9031),tensor(1.2327),tensor(0.7371)
6376,6376,tensor(1.9031),tensor(1.2327),tensor(0.7371)
6377,6377,tensor(1.9031),tensor(1.2327),tensor(0.7371)
6378,6378,tensor(1.9031),tensor(1.2327),tensor(0.7371)
6379,6379,tensor(1.9031),tensor(1.2327),tensor(0.7371)
6380,6380,tensor(1.9031),tensor(1.2327),tensor(0.7371)
6381,6381,tensor(1.9031),tensor(1.2327),tensor(0.7371)
6382,6382,tensor(1.9031),tensor(1.2327),tensor(0.7371)
6383,6383,tensor(1.9031),tensor(1.2327),tensor(0.7371)
6384,6384,tensor(1.9031),tensor(1.2327),tensor(0.7371)
6385,6385,tensor(1.9031),tensor(1.2327),tensor(0.7371)
6386,6386,tensor(1.9031),tensor(1.2327),tensor(0.7371)
6387,6387,tensor(1.9031),tensor(1.2327),tensor(0.7371)
6388,6388,tensor(1.9031),tensor(1.2327),tensor(0.7371)
6389,6389,tensor(1.9031),tensor(1.2327),tensor(0.7371)
6390,6390,tensor(1.9031),tensor(1.2327),tensor(0.7371)
6391,6391,tensor(1.9031),tensor(1.2327),tensor(0.7371)
6392,6392,tensor(1.9031),tensor(1.2327),tensor(0.7371)
6393,6393,tensor(1.9031),tensor(1.2327),tensor(0.7371)
6394,6394,tensor(1.9031),tensor(1.2327),tensor(0.7371)
6395,6395,tensor(1.9031),tensor(1.2327),tensor(0.7371)
6396,6396,tensor(1.9031),tensor(1.2327),tensor(0.7371)
6397,6397,tensor(1.9031),tensor(1.2327),tensor(0.7371)
6398,6398,tensor(1.9031),tensor(1.2327),tensor(0.7371)
6399,6399,tensor(1.9031),tensor(1.2327),tensor(0.7371)
6400,6400,tensor(1.9031),tensor(1.2327),tensor(0.7371)
6401,6401,tensor(1.9031),tensor(1.2327),tensor(0.7371)
6402,6402,tensor(1.9031),tensor(1.2327),tensor(0.7371)
6403,6403,tensor(1.9031),tensor(1.2327),tensor(0.7371)
6404,6404,tensor(1.9031),tensor(1.2327),tensor(0.7371)
6405,6405,tensor(1.9031),tensor(1.2327),tensor(0.7371)
6406,6406,tensor(1.9031),tensor(1.2327),tensor(0.7371)
6407,6407,tensor(1.9031),tensor(1.2327),tensor(0.7371)
6408,6408,tensor(1.9031),tensor(1.2327),tensor(0.7371)
6409,6409,tensor(1.9031),tensor(1.2327),tensor(0.7371)
6410,6410,tensor(1.9031),tensor(1.2327),tensor(0.7371)
6411,6411,tensor(1.9031),tensor(1.2327),tensor(0.7371)
6412,6412,tensor(1.9031),tensor(1.2327),tensor(0.7371)
6413,6413,tensor(1.9031),tensor(1.2327),tensor(0.7371)
6414,6414,tensor(1.9031),tensor(1.2327),tensor(0.7371)
6415,6415,tensor(1.9031),tensor(1.2327),tensor(0.7371)
6416,6416,tensor(1.9031),tensor(1.2327),tensor(0.7371)
6417,6417,tensor(1.9031),tensor(1.2327),tensor(0.7371)
6418,6418,tensor(1.9031),tensor(1.2327),tensor(0.7371)
6419,6419,tensor(1.9031),tensor(1.2327),tensor(0.7371)
6420,6420,tensor(1.9031),tensor(1.2327),tensor(0.7371)
6421,6421,tensor(1.9031),tensor(1.2327),tensor(0.7371)
6422,6422,tensor(1.9031),tensor(1.2327),tensor(0.7371)
6423,6423,tensor(1.9031),tensor(1.2327),tensor(0.7371)
6424,6424,tensor(1.9031),tensor(1.2327),tensor(0.7371)
6425,6425,tensor(1.9031),tensor(1.2327),tensor(0.7371)
6426,6426,tensor(1.9031),tensor(1.2327),tensor(0.7371)
6427,6427,tensor(1.9031),tensor(1.2327),tensor(0.7371)
6428,6428,tensor(1.9031),tensor(1.2327),tensor(0.7371)
6429,6429,tensor(1.9031),tensor(1.2327),tensor(0.7371)
6430,6430,tensor(1.9031),tensor(1.2327),tensor(0.7371)
6431,6431,tensor(1.9031),tensor(1.2327),tensor(0.7371)
6432,6432,tensor(1.9031),tensor(1.2327),tensor(0.7371)
6433,6433,tensor(1.9031),tensor(1.2327),tensor(0.7371)
6434,6434,tensor(1.9031),tensor(1.2327),tensor(0.7371)
6435,6435,tensor(1.9031),tensor(1.2327),tensor(0.7371)
6436,6436,tensor(1.9031),tensor(1.2327),tensor(0.7371)
6437,6437,tensor(1.9031),tensor(1.2327),tensor(0.7371)
6438,6438,tensor(1.9031),tensor(1.2327),tensor(0.7371)
6439,6439,tensor(1.9031),tensor(1.2327),tensor(0.7371)
6440,6440,tensor(1.9031),tensor(1.2327),tensor(0.7371)
6441,6441,tensor(1.9031),tensor(1.2327),tensor(0.7371)
6442,6442,tensor(1.9031),tensor(1.2326),tensor(0.7371)
6443,6443,tensor(1.9031),tensor(1.2326),tensor(0.7371)
6444,6444,tensor(1.9031),tensor(1.2326),tensor(0.7371)
6445,6445,tensor(1.9031),tensor(1.2326),tensor(0.7371)
6446,6446,tensor(1.9031),tensor(1.2326),tensor(0.7371)
6447,6447,tensor(1.9031),tensor(1.2326),tensor(0.7371)
6448,6448,tensor(1.9031),tensor(1.2326),tensor(0.7371)
6449,6449,tensor(1.9031),tensor(1.2326),tensor(0.7371)
6450,6450,tensor(1.9031),tensor(1.2326),tensor(0.7371)
6451,6451,tensor(1.9031),tensor(1.2326),tensor(0.7371)
6452,6452,tensor(1.9031),tensor(1.2326),tensor(0.7371)
6453,6453,tensor(1.9031),tensor(1.2326),tensor(0.7371)
6454,6454,tensor(1.9031),tensor(1.2326),tensor(0.7371)
6455,6455,tensor(1.9031),tensor(1.2326),tensor(0.7371)
6456,6456,tensor(1.9031),tensor(1.2326),tensor(0.7371)
6457,6457,tensor(1.9031),tensor(1.2326),tensor(0.7371)
6458,6458,tensor(1.9031),tensor(1.2326),tensor(0.7371)
6459,6459,tensor(1.9031),tensor(1.2326),tensor(0.7371)
6460,6460,tensor(1.9031),tensor(1.2326),tensor(0.7371)
6461,6461,tensor(1.9031),tensor(1.2326),tensor(0.7371)
6462,6462,tensor(1.9031),tensor(1.2326),tensor(0.7371)
6463,6463,tensor(1.9031),tensor(1.2326),tensor(0.7371)
6464,6464,tensor(1.9031),tensor(1.2326),tensor(0.7371)
6465,6465,tensor(1.9031),tensor(1.2326),tensor(0.7371)
6466,6466,tensor(1.9031),tensor(1.2326),tensor(0.7371)
6467,6467,tensor(1.9031),tensor(1.2326),tensor(0.7371)
6468,6468,tensor(1.9031),tensor(1.2326),tensor(0.7371)
6469,6469,tensor(1.9031),tensor(1.2326),tensor(0.7371)
6470,6470,tensor(1.9031),tensor(1.2326),tensor(0.7371)
6471,6471,tensor(1.9031),tensor(1.2326),tensor(0.7371)
6472,6472,tensor(1.9031),tensor(1.2326),tensor(0.7371)
6473,6473,tensor(1.9031),tensor(1.2326),tensor(0.7371)
6474,6474,tensor(1.9031),tensor(1.2326),tensor(0.7371)
6475,6475,tensor(1.9031),tensor(1.2326),tensor(0.7371)
6476,6476,tensor(1.9031),tensor(1.2326),tensor(0.7371)
6477,6477,tensor(1.9031),tensor(1.2326),tensor(0.7371)
6478,6478,tensor(1.9031),tensor(1.2326),tensor(0.7371)
6479,6479,tensor(1.9031),tensor(1.2326),tensor(0.7371)
6480,6480,tensor(1.9031),tensor(1.2326),tensor(0.7371)
6481,6481,tensor(1.9031),tensor(1.2326),tensor(0.7371)
6482,6482,tensor(1.9031),tensor(1.2326),tensor(0.7371)
6483,6483,tensor(1.9031),tensor(1.2326),tensor(0.7371)
6484,6484,tensor(1.9031),tensor(1.2326),tensor(0.7371)
6485,6485,tensor(1.9031),tensor(1.2326),tensor(0.7371)
6486,6486,tensor(1.9031),tensor(1.2326),tensor(0.7371)
6487,6487,tensor(1.9031),tensor(1.2326),tensor(0.7371)
6488,6488,tensor(1.9031),tensor(1.2326),tensor(0.7371)
6489,6489,tensor(1.9031),tensor(1.2326),tensor(0.7371)
6490,6490,tensor(1.9031),tensor(1.2326),tensor(0.7371)
6491,6491,tensor(1.9031),tensor(1.2326),tensor(0.7371)
6492,6492,tensor(1.9031),tensor(1.2326),tensor(0.7371)
6493,6493,tensor(1.9031),tensor(1.2326),tensor(0.7371)
6494,6494,tensor(1.9031),tensor(1.2326),tensor(0.7371)
6495,6495,tensor(1.9031),tensor(1.2326),tensor(0.7371)
6496,6496,tensor(1.9031),tensor(1.2326),tensor(0.7371)
6497,6497,tensor(1.9031),tensor(1.2326),tensor(0.7371)
6498,6498,tensor(1.9031),tensor(1.2326),tensor(0.7371)
6499,6499,tensor(1.9031),tensor(1.2326),tensor(0.7371)
6500,6500,tensor(1.9031),tensor(1.2326),tensor(0.7371)
6501,6501,tensor(1.9031),tensor(1.2326),tensor(0.7371)
6502,6502,tensor(1.9031),tensor(1.2326),tensor(0.7371)
6503,6503,tensor(1.9031),tensor(1.2326),tensor(0.7371)
6504,6504,tensor(1.9031),tensor(1.2326),tensor(0.7371)
6505,6505,tensor(1.9031),tensor(1.2326),tensor(0.7371)
6506,6506,tensor(1.9031),tensor(1.2326),tensor(0.7371)
6507,6507,tensor(1.9031),tensor(1.2326),tensor(0.7371)
6508,6508,tensor(1.9031),tensor(1.2326),tensor(0.7371)
6509,6509,tensor(1.9031),tensor(1.2326),tensor(0.7371)
6510,6510,tensor(1.9031),tensor(1.2326),tensor(0.7371)
6511,6511,tensor(1.9031),tensor(1.2326),tensor(0.7371)
6512,6512,tensor(1.9031),tensor(1.2326),tensor(0.7371)
6513,6513,tensor(1.9031),tensor(1.2326),tensor(0.7371)
6514,6514,tensor(1.9031),tensor(1.2326),tensor(0.7371)
6515,6515,tensor(1.9031),tensor(1.2326),tensor(0.7371)
6516,6516,tensor(1.9031),tensor(1.2326),tensor(0.7371)
6517,6517,tensor(1.9031),tensor(1.2326),tensor(0.7371)
6518,6518,tensor(1.9031),tensor(1.2326),tensor(0.7371)
6519,6519,tensor(1.9031),tensor(1.2326),tensor(0.7371)
6520,6520,tensor(1.9031),tensor(1.2326),tensor(0.7371)
6521,6521,tensor(1.9031),tensor(1.2326),tensor(0.7371)
6522,6522,tensor(1.9031),tensor(1.2326),tensor(0.7371)
6523,6523,tensor(1.9031),tensor(1.2326),tensor(0.7371)
6524,6524,tensor(1.9031),tensor(1.2326),tensor(0.7371)
6525,6525,tensor(1.9031),tensor(1.2326),tensor(0.7371)
6526,6526,tensor(1.9031),tensor(1.2326),tensor(0.7371)
6527,6527,tensor(1.9031),tensor(1.2326),tensor(0.7371)
6528,6528,tensor(1.9031),tensor(1.2326),tensor(0.7371)
6529,6529,tensor(1.9031),tensor(1.2326),tensor(0.7371)
6530,6530,tensor(1.9031),tensor(1.2326),tensor(0.7371)
6531,6531,tensor(1.9031),tensor(1.2326),tensor(0.7371)
6532,6532,tensor(1.9031),tensor(1.2326),tensor(0.7371)
6533,6533,tensor(1.9031),tensor(1.2326),tensor(0.7371)
6534,6534,tensor(1.9031),tensor(1.2326),tensor(0.7371)
6535,6535,tensor(1.9031),tensor(1.2326),tensor(0.7371)
6536,6536,tensor(1.9031),tensor(1.2326),tensor(0.7371)
6537,6537,tensor(1.9031),tensor(1.2326),tensor(0.7371)
6538,6538,tensor(1.9031),tensor(1.2326),tensor(0.7371)
6539,6539,tensor(1.9031),tensor(1.2326),tensor(0.7371)
6540,6540,tensor(1.9031),tensor(1.2326),tensor(0.7371)
6541,6541,tensor(1.9031),tensor(1.2326),tensor(0.7371)
6542,6542,tensor(1.9031),tensor(1.2326),tensor(0.7371)
6543,6543,tensor(1.9031),tensor(1.2326),tensor(0.7371)
6544,6544,tensor(1.9031),tensor(1.2326),tensor(0.7371)
6545,6545,tensor(1.9031),tensor(1.2326),tensor(0.7371)
6546,6546,tensor(1.9031),tensor(1.2326),tensor(0.7371)
6547,6547,tensor(1.9031),tensor(1.2326),tensor(0.7371)
6548,6548,tensor(1.9031),tensor(1.2326),tensor(0.7371)
6549,6549,tensor(1.9031),tensor(1.2326),tensor(0.7371)
6550,6550,tensor(1.9031),tensor(1.2326),tensor(0.7371)
6551,6551,tensor(1.9031),tensor(1.2326),tensor(0.7371)
6552,6552,tensor(1.9031),tensor(1.2326),tensor(0.7371)
6553,6553,tensor(1.9031),tensor(1.2326),tensor(0.7371)
6554,6554,tensor(1.9031),tensor(1.2326),tensor(0.7371)
6555,6555,tensor(1.9031),tensor(1.2326),tensor(0.7371)
6556,6556,tensor(1.9031),tensor(1.2326),tensor(0.7371)
6557,6557,tensor(1.9031),tensor(1.2326),tensor(0.7371)
6558,6558,tensor(1.9031),tensor(1.2326),tensor(0.7371)
6559,6559,tensor(1.9031),tensor(1.2326),tensor(0.7371)
6560,6560,tensor(1.9031),tensor(1.2326),tensor(0.7371)
6561,6561,tensor(1.9031),tensor(1.2326),tensor(0.7371)
6562,6562,tensor(1.9031),tensor(1.2326),tensor(0.7371)
6563,6563,tensor(1.9031),tensor(1.2326),tensor(0.7371)
6564,6564,tensor(1.9031),tensor(1.2326),tensor(0.7371)
6565,6565,tensor(1.9031),tensor(1.2326),tensor(0.7371)
6566,6566,tensor(1.9031),tensor(1.2326),tensor(0.7371)
6567,6567,tensor(1.9031),tensor(1.2326),tensor(0.7371)
6568,6568,tensor(1.9031),tensor(1.2326),tensor(0.7371)
6569,6569,tensor(1.9031),tensor(1.2326),tensor(0.7371)
6570,6570,tensor(1.9031),tensor(1.2326),tensor(0.7371)
6571,6571,tensor(1.9031),tensor(1.2326),tensor(0.7371)
6572,6572,tensor(1.9031),tensor(1.2326),tensor(0.7371)
6573,6573,tensor(1.9031),tensor(1.2326),tensor(0.7371)
6574,6574,tensor(1.9031),tensor(1.2326),tensor(0.7371)
6575,6575,tensor(1.9031),tensor(1.2326),tensor(0.7371)
6576,6576,tensor(1.9031),tensor(1.2326),tensor(0.7371)
6577,6577,tensor(1.9031),tensor(1.2326),tensor(0.7371)
6578,6578,tensor(1.9031),tensor(1.2326),tensor(0.7371)
6579,6579,tensor(1.9031),tensor(1.2326),tensor(0.7371)
6580,6580,tensor(1.9031),tensor(1.2326),tensor(0.7371)
6581,6581,tensor(1.9031),tensor(1.2326),tensor(0.7371)
6582,6582,tensor(1.9031),tensor(1.2326),tensor(0.7371)
6583,6583,tensor(1.9031),tensor(1.2326),tensor(0.7371)
6584,6584,tensor(1.9031),tensor(1.2326),tensor(0.7371)
6585,6585,tensor(1.9031),tensor(1.2326),tensor(0.7371)
6586,6586,tensor(1.9031),tensor(1.2326),tensor(0.7371)
6587,6587,tensor(1.9031),tensor(1.2326),tensor(0.7371)
6588,6588,tensor(1.9031),tensor(1.2326),tensor(0.7371)
6589,6589,tensor(1.9031),tensor(1.2326),tensor(0.7371)
6590,6590,tensor(1.9031),tensor(1.2326),tensor(0.7371)
6591,6591,tensor(1.9031),tensor(1.2326),tensor(0.7371)
6592,6592,tensor(1.9031),tensor(1.2326),tensor(0.7371)
6593,6593,tensor(1.9031),tensor(1.2326),tensor(0.7371)
6594,6594,tensor(1.9031),tensor(1.2326),tensor(0.7371)
6595,6595,tensor(1.9031),tensor(1.2326),tensor(0.7371)
6596,6596,tensor(1.9031),tensor(1.2326),tensor(0.7371)
6597,6597,tensor(1.9031),tensor(1.2326),tensor(0.7371)
6598,6598,tensor(1.9031),tensor(1.2326),tensor(0.7371)
6599,6599,tensor(1.9031),tensor(1.2326),tensor(0.7371)
6600,6600,tensor(1.9031),tensor(1.2326),tensor(0.7371)
6601,6601,tensor(1.9031),tensor(1.2326),tensor(0.7371)
6602,6602,tensor(1.9031),tensor(1.2326),tensor(0.7371)
6603,6603,tensor(1.9031),tensor(1.2326),tensor(0.7371)
6604,6604,tensor(1.9031),tensor(1.2326),tensor(0.7371)
6605,6605,tensor(1.9031),tensor(1.2326),tensor(0.7371)
6606,6606,tensor(1.9031),tensor(1.2326),tensor(0.7371)
6607,6607,tensor(1.9031),tensor(1.2326),tensor(0.7371)
6608,6608,tensor(1.9031),tensor(1.2326),tensor(0.7371)
6609,6609,tensor(1.9031),tensor(1.2326),tensor(0.7371)
6610,6610,tensor(1.9031),tensor(1.2326),tensor(0.7371)
6611,6611,tensor(1.9031),tensor(1.2326),tensor(0.7371)
6612,6612,tensor(1.9031),tensor(1.2326),tensor(0.7371)
6613,6613,tensor(1.9031),tensor(1.2326),tensor(0.7371)
6614,6614,tensor(1.9031),tensor(1.2326),tensor(0.7371)
6615,6615,tensor(1.9031),tensor(1.2326),tensor(0.7371)
6616,6616,tensor(1.9031),tensor(1.2326),tensor(0.7371)
6617,6617,tensor(1.9031),tensor(1.2326),tensor(0.7371)
6618,6618,tensor(1.9031),tensor(1.2326),tensor(0.7371)
6619,6619,tensor(1.9031),tensor(1.2326),tensor(0.7371)
6620,6620,tensor(1.9031),tensor(1.2326),tensor(0.7371)
6621,6621,tensor(1.9031),tensor(1.2326),tensor(0.7371)
6622,6622,tensor(1.9031),tensor(1.2326),tensor(0.7371)
6623,6623,tensor(1.9031),tensor(1.2326),tensor(0.7371)
6624,6624,tensor(1.9031),tensor(1.2326),tensor(0.7371)
6625,6625,tensor(1.9031),tensor(1.2326),tensor(0.7371)
6626,6626,tensor(1.9031),tensor(1.2326),tensor(0.7371)
6627,6627,tensor(1.9031),tensor(1.2326),tensor(0.7371)
6628,6628,tensor(1.9031),tensor(1.2326),tensor(0.7371)
6629,6629,tensor(1.9031),tensor(1.2326),tensor(0.7371)
6630,6630,tensor(1.9031),tensor(1.2326),tensor(0.7371)
6631,6631,tensor(1.9031),tensor(1.2326),tensor(0.7371)
6632,6632,tensor(1.9031),tensor(1.2326),tensor(0.7371)
6633,6633,tensor(1.9031),tensor(1.2326),tensor(0.7371)
6634,6634,tensor(1.9031),tensor(1.2326),tensor(0.7371)
6635,6635,tensor(1.9031),tensor(1.2325),tensor(0.7371)
6636,6636,tensor(1.9031),tensor(1.2325),tensor(0.7371)
6637,6637,tensor(1.9031),tensor(1.2325),tensor(0.7371)
6638,6638,tensor(1.9031),tensor(1.2325),tensor(0.7371)
6639,6639,tensor(1.9031),tensor(1.2325),tensor(0.7371)
6640,6640,tensor(1.9031),tensor(1.2325),tensor(0.7371)
6641,6641,tensor(1.9031),tensor(1.2325),tensor(0.7371)
6642,6642,tensor(1.9031),tensor(1.2325),tensor(0.7371)
6643,6643,tensor(1.9031),tensor(1.2325),tensor(0.7371)
6644,6644,tensor(1.9031),tensor(1.2325),tensor(0.7371)
6645,6645,tensor(1.9031),tensor(1.2325),tensor(0.7371)
6646,6646,tensor(1.9031),tensor(1.2325),tensor(0.7371)
6647,6647,tensor(1.9031),tensor(1.2325),tensor(0.7371)
6648,6648,tensor(1.9031),tensor(1.2325),tensor(0.7371)
6649,6649,tensor(1.9031),tensor(1.2325),tensor(0.7371)
6650,6650,tensor(1.9031),tensor(1.2325),tensor(0.7371)
6651,6651,tensor(1.9031),tensor(1.2325),tensor(0.7371)
6652,6652,tensor(1.9031),tensor(1.2325),tensor(0.7371)
6653,6653,tensor(1.9031),tensor(1.2325),tensor(0.7371)
6654,6654,tensor(1.9031),tensor(1.2325),tensor(0.7371)
6655,6655,tensor(1.9031),tensor(1.2325),tensor(0.7371)
6656,6656,tensor(1.9031),tensor(1.2325),tensor(0.7371)
6657,6657,tensor(1.9031),tensor(1.2325),tensor(0.7371)
6658,6658,tensor(1.9031),tensor(1.2325),tensor(0.7371)
6659,6659,tensor(1.9031),tensor(1.2325),tensor(0.7371)
6660,6660,tensor(1.9031),tensor(1.2325),tensor(0.7371)
6661,6661,tensor(1.9031),tensor(1.2325),tensor(0.7371)
6662,6662,tensor(1.9031),tensor(1.2325),tensor(0.7371)
6663,6663,tensor(1.9031),tensor(1.2325),tensor(0.7371)
6664,6664,tensor(1.9031),tensor(1.2325),tensor(0.7371)
6665,6665,tensor(1.9031),tensor(1.2325),tensor(0.7371)
6666,6666,tensor(1.9031),tensor(1.2325),tensor(0.7371)
6667,6667,tensor(1.9031),tensor(1.2325),tensor(0.7371)
6668,6668,tensor(1.9031),tensor(1.2325),tensor(0.7371)
6669,6669,tensor(1.9031),tensor(1.2325),tensor(0.7371)
6670,6670,tensor(1.9031),tensor(1.2325),tensor(0.7371)
6671,6671,tensor(1.9031),tensor(1.2325),tensor(0.7371)
6672,6672,tensor(1.9031),tensor(1.2325),tensor(0.7371)
6673,6673,tensor(1.9031),tensor(1.2325),tensor(0.7371)
6674,6674,tensor(1.9031),tensor(1.2325),tensor(0.7371)
6675,6675,tensor(1.9031),tensor(1.2325),tensor(0.7371)
6676,6676,tensor(1.9031),tensor(1.2325),tensor(0.7371)
6677,6677,tensor(1.9031),tensor(1.2325),tensor(0.7371)
6678,6678,tensor(1.9031),tensor(1.2325),tensor(0.7371)
6679,6679,tensor(1.9031),tensor(1.2325),tensor(0.7371)
6680,6680,tensor(1.9031),tensor(1.2325),tensor(0.7371)
6681,6681,tensor(1.9031),tensor(1.2325),tensor(0.7371)
6682,6682,tensor(1.9031),tensor(1.2325),tensor(0.7371)
6683,6683,tensor(1.9031),tensor(1.2325),tensor(0.7371)
6684,6684,tensor(1.9031),tensor(1.2325),tensor(0.7371)
6685,6685,tensor(1.9031),tensor(1.2325),tensor(0.7371)
6686,6686,tensor(1.9031),tensor(1.2325),tensor(0.7371)
6687,6687,tensor(1.9031),tensor(1.2325),tensor(0.7371)
6688,6688,tensor(1.9031),tensor(1.2325),tensor(0.7371)
6689,6689,tensor(1.9031),tensor(1.2325),tensor(0.7371)
6690,6690,tensor(1.9031),tensor(1.2325),tensor(0.7371)
6691,6691,tensor(1.9031),tensor(1.2325),tensor(0.7371)
6692,6692,tensor(1.9031),tensor(1.2325),tensor(0.7371)
6693,6693,tensor(1.9031),tensor(1.2325),tensor(0.7371)
6694,6694,tensor(1.9031),tensor(1.2325),tensor(0.7371)
6695,6695,tensor(1.9031),tensor(1.2325),tensor(0.7371)
6696,6696,tensor(1.9031),tensor(1.2325),tensor(0.7371)
6697,6697,tensor(1.9031),tensor(1.2325),tensor(0.7371)
6698,6698,tensor(1.9031),tensor(1.2325),tensor(0.7371)
6699,6699,tensor(1.9031),tensor(1.2325),tensor(0.7371)
6700,6700,tensor(1.9031),tensor(1.2325),tensor(0.7371)
6701,6701,tensor(1.9031),tensor(1.2325),tensor(0.7371)
6702,6702,tensor(1.9031),tensor(1.2325),tensor(0.7371)
6703,6703,tensor(1.9031),tensor(1.2325),tensor(0.7371)
6704,6704,tensor(1.9031),tensor(1.2325),tensor(0.7371)
6705,6705,tensor(1.9031),tensor(1.2325),tensor(0.7371)
6706,6706,tensor(1.9031),tensor(1.2325),tensor(0.7371)
6707,6707,tensor(1.9031),tensor(1.2325),tensor(0.7371)
6708,6708,tensor(1.9031),tensor(1.2325),tensor(0.7371)
6709,6709,tensor(1.9031),tensor(1.2325),tensor(0.7371)
6710,6710,tensor(1.9031),tensor(1.2325),tensor(0.7371)
6711,6711,tensor(1.9031),tensor(1.2325),tensor(0.7371)
6712,6712,tensor(1.9031),tensor(1.2325),tensor(0.7371)
6713,6713,tensor(1.9031),tensor(1.2325),tensor(0.7371)
6714,6714,tensor(1.9031),tensor(1.2325),tensor(0.7371)
6715,6715,tensor(1.9031),tensor(1.2325),tensor(0.7371)
6716,6716,tensor(1.9031),tensor(1.2325),tensor(0.7371)
6717,6717,tensor(1.9031),tensor(1.2325),tensor(0.7371)
6718,6718,tensor(1.9031),tensor(1.2325),tensor(0.7371)
6719,6719,tensor(1.9031),tensor(1.2325),tensor(0.7371)
6720,6720,tensor(1.9031),tensor(1.2325),tensor(0.7371)
6721,6721,tensor(1.9031),tensor(1.2325),tensor(0.7371)
6722,6722,tensor(1.9031),tensor(1.2325),tensor(0.7371)
6723,6723,tensor(1.9031),tensor(1.2325),tensor(0.7371)
6724,6724,tensor(1.9031),tensor(1.2325),tensor(0.7371)
6725,6725,tensor(1.9031),tensor(1.2325),tensor(0.7371)
6726,6726,tensor(1.9031),tensor(1.2325),tensor(0.7371)
6727,6727,tensor(1.9031),tensor(1.2325),tensor(0.7371)
6728,6728,tensor(1.9031),tensor(1.2325),tensor(0.7371)
6729,6729,tensor(1.9031),tensor(1.2325),tensor(0.7371)
6730,6730,tensor(1.9031),tensor(1.2325),tensor(0.7371)
6731,6731,tensor(1.9031),tensor(1.2325),tensor(0.7371)
6732,6732,tensor(1.9031),tensor(1.2325),tensor(0.7371)
6733,6733,tensor(1.9031),tensor(1.2325),tensor(0.7371)
6734,6734,tensor(1.9031),tensor(1.2325),tensor(0.7371)
6735,6735,tensor(1.9031),tensor(1.2325),tensor(0.7371)
6736,6736,tensor(1.9031),tensor(1.2325),tensor(0.7371)
6737,6737,tensor(1.9031),tensor(1.2325),tensor(0.7371)
6738,6738,tensor(1.9031),tensor(1.2325),tensor(0.7371)
6739,6739,tensor(1.9031),tensor(1.2325),tensor(0.7371)
6740,6740,tensor(1.9031),tensor(1.2325),tensor(0.7371)
6741,6741,tensor(1.9031),tensor(1.2325),tensor(0.7371)
6742,6742,tensor(1.9031),tensor(1.2325),tensor(0.7371)
6743,6743,tensor(1.9031),tensor(1.2325),tensor(0.7371)
6744,6744,tensor(1.9031),tensor(1.2325),tensor(0.7371)
6745,6745,tensor(1.9031),tensor(1.2325),tensor(0.7371)
6746,6746,tensor(1.9031),tensor(1.2325),tensor(0.7371)
6747,6747,tensor(1.9031),tensor(1.2325),tensor(0.7371)
6748,6748,tensor(1.9031),tensor(1.2325),tensor(0.7371)
6749,6749,tensor(1.9031),tensor(1.2325),tensor(0.7371)
6750,6750,tensor(1.9031),tensor(1.2325),tensor(0.7371)
6751,6751,tensor(1.9031),tensor(1.2325),tensor(0.7371)
6752,6752,tensor(1.9031),tensor(1.2325),tensor(0.7371)
6753,6753,tensor(1.9031),tensor(1.2325),tensor(0.7371)
6754,6754,tensor(1.9031),tensor(1.2325),tensor(0.7371)
6755,6755,tensor(1.9031),tensor(1.2325),tensor(0.7371)
6756,6756,tensor(1.9031),tensor(1.2325),tensor(0.7371)
6757,6757,tensor(1.9031),tensor(1.2325),tensor(0.7371)
6758,6758,tensor(1.9031),tensor(1.2325),tensor(0.7371)
6759,6759,tensor(1.9031),tensor(1.2325),tensor(0.7371)
6760,6760,tensor(1.9031),tensor(1.2325),tensor(0.7371)
6761,6761,tensor(1.9031),tensor(1.2325),tensor(0.7371)
6762,6762,tensor(1.9031),tensor(1.2325),tensor(0.7371)
6763,6763,tensor(1.9031),tensor(1.2325),tensor(0.7371)
6764,6764,tensor(1.9031),tensor(1.2325),tensor(0.7371)
6765,6765,tensor(1.9031),tensor(1.2325),tensor(0.7371)
6766,6766,tensor(1.9031),tensor(1.2325),tensor(0.7371)
6767,6767,tensor(1.9031),tensor(1.2325),tensor(0.7371)
6768,6768,tensor(1.9031),tensor(1.2325),tensor(0.7371)
6769,6769,tensor(1.9031),tensor(1.2325),tensor(0.7371)
6770,6770,tensor(1.9031),tensor(1.2325),tensor(0.7371)
6771,6771,tensor(1.9031),tensor(1.2325),tensor(0.7371)
6772,6772,tensor(1.9031),tensor(1.2325),tensor(0.7371)
6773,6773,tensor(1.9031),tensor(1.2325),tensor(0.7371)
6774,6774,tensor(1.9031),tensor(1.2325),tensor(0.7371)
6775,6775,tensor(1.9031),tensor(1.2325),tensor(0.7371)
6776,6776,tensor(1.9031),tensor(1.2325),tensor(0.7371)
6777,6777,tensor(1.9031),tensor(1.2325),tensor(0.7371)
6778,6778,tensor(1.9031),tensor(1.2325),tensor(0.7371)
6779,6779,tensor(1.9031),tensor(1.2325),tensor(0.7371)
6780,6780,tensor(1.9031),tensor(1.2325),tensor(0.7371)
6781,6781,tensor(1.9031),tensor(1.2325),tensor(0.7371)
6782,6782,tensor(1.9031),tensor(1.2325),tensor(0.7371)
6783,6783,tensor(1.9031),tensor(1.2325),tensor(0.7371)
6784,6784,tensor(1.9031),tensor(1.2325),tensor(0.7371)
6785,6785,tensor(1.9031),tensor(1.2325),tensor(0.7371)
6786,6786,tensor(1.9031),tensor(1.2325),tensor(0.7371)
6787,6787,tensor(1.9031),tensor(1.2325),tensor(0.7371)
6788,6788,tensor(1.9031),tensor(1.2325),tensor(0.7371)
6789,6789,tensor(1.9031),tensor(1.2325),tensor(0.7371)
6790,6790,tensor(1.9031),tensor(1.2325),tensor(0.7371)
6791,6791,tensor(1.9031),tensor(1.2325),tensor(0.7371)
6792,6792,tensor(1.9031),tensor(1.2325),tensor(0.7371)
6793,6793,tensor(1.9031),tensor(1.2325),tensor(0.7371)
6794,6794,tensor(1.9031),tensor(1.2325),tensor(0.7371)
6795,6795,tensor(1.9031),tensor(1.2325),tensor(0.7371)
6796,6796,tensor(1.9031),tensor(1.2325),tensor(0.7371)
6797,6797,tensor(1.9031),tensor(1.2325),tensor(0.7371)
6798,6798,tensor(1.9031),tensor(1.2325),tensor(0.7371)
6799,6799,tensor(1.9031),tensor(1.2325),tensor(0.7371)
6800,6800,tensor(1.9031),tensor(1.2325),tensor(0.7371)
6801,6801,tensor(1.9031),tensor(1.2325),tensor(0.7371)
6802,6802,tensor(1.9031),tensor(1.2325),tensor(0.7371)
6803,6803,tensor(1.9031),tensor(1.2325),tensor(0.7371)
6804,6804,tensor(1.9031),tensor(1.2325),tensor(0.7371)
6805,6805,tensor(1.9031),tensor(1.2325),tensor(0.7371)
6806,6806,tensor(1.9031),tensor(1.2325),tensor(0.7371)
6807,6807,tensor(1.9031),tensor(1.2325),tensor(0.7371)
6808,6808,tensor(1.9031),tensor(1.2325),tensor(0.7371)
6809,6809,tensor(1.9031),tensor(1.2325),tensor(0.7371)
6810,6810,tensor(1.9031),tensor(1.2325),tensor(0.7371)
6811,6811,tensor(1.9031),tensor(1.2325),tensor(0.7371)
6812,6812,tensor(1.9031),tensor(1.2325),tensor(0.7371)
6813,6813,tensor(1.9031),tensor(1.2325),tensor(0.7371)
6814,6814,tensor(1.9031),tensor(1.2325),tensor(0.7371)
6815,6815,tensor(1.9031),tensor(1.2325),tensor(0.7371)
6816,6816,tensor(1.9031),tensor(1.2325),tensor(0.7371)
6817,6817,tensor(1.9031),tensor(1.2325),tensor(0.7371)
6818,6818,tensor(1.9031),tensor(1.2325),tensor(0.7371)
6819,6819,tensor(1.9031),tensor(1.2325),tensor(0.7371)
6820,6820,tensor(1.9031),tensor(1.2325),tensor(0.7371)
6821,6821,tensor(1.9031),tensor(1.2325),tensor(0.7371)
6822,6822,tensor(1.9031),tensor(1.2325),tensor(0.7371)
6823,6823,tensor(1.9031),tensor(1.2325),tensor(0.7371)
6824,6824,tensor(1.9031),tensor(1.2325),tensor(0.7371)
6825,6825,tensor(1.9031),tensor(1.2325),tensor(0.7371)
6826,6826,tensor(1.9031),tensor(1.2325),tensor(0.7371)
6827,6827,tensor(1.9031),tensor(1.2325),tensor(0.7371)
6828,6828,tensor(1.9031),tensor(1.2325),tensor(0.7371)
6829,6829,tensor(1.9031),tensor(1.2325),tensor(0.7371)
6830,6830,tensor(1.9031),tensor(1.2325),tensor(0.7371)
6831,6831,tensor(1.9031),tensor(1.2325),tensor(0.7371)
6832,6832,tensor(1.9031),tensor(1.2325),tensor(0.7371)
6833,6833,tensor(1.9031),tensor(1.2325),tensor(0.7371)
6834,6834,tensor(1.9031),tensor(1.2325),tensor(0.7371)
6835,6835,tensor(1.9031),tensor(1.2325),tensor(0.7371)
6836,6836,tensor(1.9031),tensor(1.2325),tensor(0.7371)
6837,6837,tensor(1.9031),tensor(1.2325),tensor(0.7371)
6838,6838,tensor(1.9031),tensor(1.2325),tensor(0.7371)
6839,6839,tensor(1.9031),tensor(1.2325),tensor(0.7371)
6840,6840,tensor(1.9031),tensor(1.2325),tensor(0.7371)
6841,6841,tensor(1.9031),tensor(1.2325),tensor(0.7371)
6842,6842,tensor(1.9031),tensor(1.2325),tensor(0.7371)
6843,6843,tensor(1.9031),tensor(1.2325),tensor(0.7371)
6844,6844,tensor(1.9031),tensor(1.2325),tensor(0.7371)
6845,6845,tensor(1.9031),tensor(1.2325),tensor(0.7371)
6846,6846,tensor(1.9031),tensor(1.2325),tensor(0.7371)
6847,6847,tensor(1.9031),tensor(1.2325),tensor(0.7371)
6848,6848,tensor(1.9031),tensor(1.2325),tensor(0.7371)
6849,6849,tensor(1.9031),tensor(1.2325),tensor(0.7371)
6850,6850,tensor(1.9031),tensor(1.2325),tensor(0.7371)
6851,6851,tensor(1.9031),tensor(1.2325),tensor(0.7371)
6852,6852,tensor(1.9031),tensor(1.2325),tensor(0.7371)
6853,6853,tensor(1.9031),tensor(1.2325),tensor(0.7371)
6854,6854,tensor(1.9031),tensor(1.2325),tensor(0.7371)
6855,6855,tensor(1.9031),tensor(1.2325),tensor(0.7371)
6856,6856,tensor(1.9031),tensor(1.2325),tensor(0.7371)
6857,6857,tensor(1.9031),tensor(1.2325),tensor(0.7371)
6858,6858,tensor(1.9031),tensor(1.2325),tensor(0.7371)
6859,6859,tensor(1.9031),tensor(1.2325),tensor(0.7371)
6860,6860,tensor(1.9031),tensor(1.2325),tensor(0.7371)
6861,6861,tensor(1.9031),tensor(1.2325),tensor(0.7371)
6862,6862,tensor(1.9031),tensor(1.2325),tensor(0.7371)
6863,6863,tensor(1.9031),tensor(1.2325),tensor(0.7371)
6864,6864,tensor(1.9031),tensor(1.2325),tensor(0.7371)
6865,6865,tensor(1.9031),tensor(1.2325),tensor(0.7371)
6866,6866,tensor(1.9031),tensor(1.2325),tensor(0.7371)
6867,6867,tensor(1.9031),tensor(1.2325),tensor(0.7371)
6868,6868,tensor(1.9031),tensor(1.2325),tensor(0.7371)
6869,6869,tensor(1.9031),tensor(1.2325),tensor(0.7371)
6870,6870,tensor(1.9031),tensor(1.2325),tensor(0.7371)
6871,6871,tensor(1.9031),tensor(1.2325),tensor(0.7371)
6872,6872,tensor(1.9031),tensor(1.2325),tensor(0.7371)
6873,6873,tensor(1.9031),tensor(1.2325),tensor(0.7371)
6874,6874,tensor(1.9031),tensor(1.2325),tensor(0.7371)
6875,6875,tensor(1.9031),tensor(1.2325),tensor(0.7371)
6876,6876,tensor(1.9031),tensor(1.2325),tensor(0.7371)
6877,6877,tensor(1.9031),tensor(1.2325),tensor(0.7371)
6878,6878,tensor(1.9031),tensor(1.2325),tensor(0.7371)
6879,6879,tensor(1.9031),tensor(1.2325),tensor(0.7371)
6880,6880,tensor(1.9031),tensor(1.2325),tensor(0.7371)
6881,6881,tensor(1.9031),tensor(1.2325),tensor(0.7371)
6882,6882,tensor(1.9031),tensor(1.2325),tensor(0.7371)
6883,6883,tensor(1.9031),tensor(1.2325),tensor(0.7371)
6884,6884,tensor(1.9031),tensor(1.2325),tensor(0.7371)
6885,6885,tensor(1.9031),tensor(1.2325),tensor(0.7371)
6886,6886,tensor(1.9031),tensor(1.2325),tensor(0.7371)
6887,6887,tensor(1.9031),tensor(1.2325),tensor(0.7371)
6888,6888,tensor(1.9031),tensor(1.2325),tensor(0.7371)
6889,6889,tensor(1.9031),tensor(1.2325),tensor(0.7371)
6890,6890,tensor(1.9031),tensor(1.2325),tensor(0.7371)
6891,6891,tensor(1.9031),tensor(1.2325),tensor(0.7371)
6892,6892,tensor(1.9031),tensor(1.2325),tensor(0.7371)
6893,6893,tensor(1.9031),tensor(1.2325),tensor(0.7371)
6894,6894,tensor(1.9031),tensor(1.2325),tensor(0.7371)
6895,6895,tensor(1.9031),tensor(1.2325),tensor(0.7371)
6896,6896,tensor(1.9031),tensor(1.2325),tensor(0.7371)
6897,6897,tensor(1.9031),tensor(1.2325),tensor(0.7371)
6898,6898,tensor(1.9031),tensor(1.2325),tensor(0.7371)
6899,6899,tensor(1.9031),tensor(1.2325),tensor(0.7371)
6900,6900,tensor(1.9031),tensor(1.2325),tensor(0.7371)
6901,6901,tensor(1.9031),tensor(1.2325),tensor(0.7371)
6902,6902,tensor(1.9031),tensor(1.2325),tensor(0.7371)
6903,6903,tensor(1.9031),tensor(1.2325),tensor(0.7371)
6904,6904,tensor(1.9031),tensor(1.2325),tensor(0.7371)
6905,6905,tensor(1.9031),tensor(1.2325),tensor(0.7371)
6906,6906,tensor(1.9031),tensor(1.2325),tensor(0.7371)
6907,6907,tensor(1.9031),tensor(1.2325),tensor(0.7371)
6908,6908,tensor(1.9031),tensor(1.2325),tensor(0.7371)
6909,6909,tensor(1.9031),tensor(1.2325),tensor(0.7371)
6910,6910,tensor(1.9031),tensor(1.2325),tensor(0.7371)
6911,6911,tensor(1.9031),tensor(1.2325),tensor(0.7371)
6912,6912,tensor(1.9031),tensor(1.2325),tensor(0.7371)
6913,6913,tensor(1.9031),tensor(1.2325),tensor(0.7371)
6914,6914,tensor(1.9031),tensor(1.2325),tensor(0.7371)
6915,6915,tensor(1.9031),tensor(1.2325),tensor(0.7371)
6916,6916,tensor(1.9031),tensor(1.2325),tensor(0.7371)
6917,6917,tensor(1.9031),tensor(1.2325),tensor(0.7371)
6918,6918,tensor(1.9031),tensor(1.2325),tensor(0.7371)
6919,6919,tensor(1.9031),tensor(1.2325),tensor(0.7371)
6920,6920,tensor(1.9031),tensor(1.2325),tensor(0.7371)
6921,6921,tensor(1.9031),tensor(1.2325),tensor(0.7371)
6922,6922,tensor(1.9031),tensor(1.2325),tensor(0.7371)
6923,6923,tensor(1.9031),tensor(1.2325),tensor(0.7371)
6924,6924,tensor(1.9031),tensor(1.2325),tensor(0.7371)
6925,6925,tensor(1.9031),tensor(1.2325),tensor(0.7371)
6926,6926,tensor(1.9031),tensor(1.2325),tensor(0.7371)
6927,6927,tensor(1.9031),tensor(1.2325),tensor(0.7371)
6928,6928,tensor(1.9031),tensor(1.2325),tensor(0.7371)
6929,6929,tensor(1.9031),tensor(1.2325),tensor(0.7371)
6930,6930,tensor(1.9031),tensor(1.2325),tensor(0.7371)
6931,6931,tensor(1.9031),tensor(1.2325),tensor(0.7371)
6932,6932,tensor(1.9031),tensor(1.2325),tensor(0.7371)
6933,6933,tensor(1.9031),tensor(1.2325),tensor(0.7371)
6934,6934,tensor(1.9031),tensor(1.2325),tensor(0.7371)
6935,6935,tensor(1.9031),tensor(1.2325),tensor(0.7371)
6936,6936,tensor(1.9031),tensor(1.2325),tensor(0.7371)
6937,6937,tensor(1.9031),tensor(1.2325),tensor(0.7371)
6938,6938,tensor(1.9031),tensor(1.2325),tensor(0.7371)
6939,6939,tensor(1.9031),tensor(1.2325),tensor(0.7371)
6940,6940,tensor(1.9031),tensor(1.2325),tensor(0.7371)
6941,6941,tensor(1.9031),tensor(1.2325),tensor(0.7371)
6942,6942,tensor(1.9031),tensor(1.2325),tensor(0.7371)
6943,6943,tensor(1.9031),tensor(1.2325),tensor(0.7371)
6944,6944,tensor(1.9031),tensor(1.2325),tensor(0.7371)
6945,6945,tensor(1.9031),tensor(1.2325),tensor(0.7371)
6946,6946,tensor(1.9031),tensor(1.2325),tensor(0.7371)
6947,6947,tensor(1.9031),tensor(1.2325),tensor(0.7371)
6948,6948,tensor(1.9031),tensor(1.2325),tensor(0.7371)
6949,6949,tensor(1.9031),tensor(1.2325),tensor(0.7371)
6950,6950,tensor(1.9031),tensor(1.2325),tensor(0.7371)
6951,6951,tensor(1.9031),tensor(1.2325),tensor(0.7371)
6952,6952,tensor(1.9031),tensor(1.2325),tensor(0.7371)
6953,6953,tensor(1.9031),tensor(1.2325),tensor(0.7371)
6954,6954,tensor(1.9031),tensor(1.2325),tensor(0.7371)
6955,6955,tensor(1.9031),tensor(1.2325),tensor(0.7371)
6956,6956,tensor(1.9031),tensor(1.2325),tensor(0.7371)
6957,6957,tensor(1.9031),tensor(1.2325),tensor(0.7371)
6958,6958,tensor(1.9031),tensor(1.2325),tensor(0.7371)
6959,6959,tensor(1.9031),tensor(1.2325),tensor(0.7371)
6960,6960,tensor(1.9031),tensor(1.2325),tensor(0.7371)
6961,6961,tensor(1.9031),tensor(1.2325),tensor(0.7371)
6962,6962,tensor(1.9031),tensor(1.2325),tensor(0.7371)
6963,6963,tensor(1.9031),tensor(1.2325),tensor(0.7371)
6964,6964,tensor(1.9031),tensor(1.2325),tensor(0.7371)
6965,6965,tensor(1.9031),tensor(1.2325),tensor(0.7371)
6966,6966,tensor(1.9031),tensor(1.2325),tensor(0.7371)
6967,6967,tensor(1.9031),tensor(1.2325),tensor(0.7371)
6968,6968,tensor(1.9031),tensor(1.2325),tensor(0.7371)
6969,6969,tensor(1.9031),tensor(1.2325),tensor(0.7371)
6970,6970,tensor(1.9031),tensor(1.2325),tensor(0.7371)
6971,6971,tensor(1.9031),tensor(1.2325),tensor(0.7371)
6972,6972,tensor(1.9031),tensor(1.2325),tensor(0.7371)
6973,6973,tensor(1.9031),tensor(1.2325),tensor(0.7371)
6974,6974,tensor(1.9031),tensor(1.2325),tensor(0.7371)
6975,6975,tensor(1.9031),tensor(1.2325),tensor(0.7371)
6976,6976,tensor(1.9031),tensor(1.2325),tensor(0.7371)
6977,6977,tensor(1.9031),tensor(1.2325),tensor(0.7371)
6978,6978,tensor(1.9031),tensor(1.2325),tensor(0.7371)
6979,6979,tensor(1.9031),tensor(1.2325),tensor(0.7371)
6980,6980,tensor(1.9031),tensor(1.2325),tensor(0.7371)
6981,6981,tensor(1.9031),tensor(1.2325),tensor(0.7371)
6982,6982,tensor(1.9031),tensor(1.2325),tensor(0.7371)
6983,6983,tensor(1.9031),tensor(1.2325),tensor(0.7371)
6984,6984,tensor(1.9031),tensor(1.2325),tensor(0.7371)
6985,6985,tensor(1.9031),tensor(1.2325),tensor(0.7371)
6986,6986,tensor(1.9031),tensor(1.2325),tensor(0.7371)
6987,6987,tensor(1.9031),tensor(1.2325),tensor(0.7371)
6988,6988,tensor(1.9031),tensor(1.2325),tensor(0.7371)
6989,6989,tensor(1.9031),tensor(1.2325),tensor(0.7371)
6990,6990,tensor(1.9031),tensor(1.2325),tensor(0.7371)
6991,6991,tensor(1.9031),tensor(1.2325),tensor(0.7371)
6992,6992,tensor(1.9031),tensor(1.2325),tensor(0.7371)
6993,6993,tensor(1.9031),tensor(1.2325),tensor(0.7371)
6994,6994,tensor(1.9031),tensor(1.2325),tensor(0.7371)
6995,6995,tensor(1.9031),tensor(1.2325),tensor(0.7371)
6996,6996,tensor(1.9031),tensor(1.2325),tensor(0.7371)
6997,6997,tensor(1.9031),tensor(1.2325),tensor(0.7371)
6998,6998,tensor(1.9031),tensor(1.2325),tensor(0.7371)
6999,6999,tensor(1.9031),tensor(1.2325),tensor(0.7371)
7000,7000,tensor(1.9031),tensor(1.2325),tensor(0.7371)
7001,7001,tensor(1.9031),tensor(1.2325),tensor(0.7371)
7002,7002,tensor(1.9031),tensor(1.2325),tensor(0.7371)
7003,7003,tensor(1.9031),tensor(1.2325),tensor(0.7371)
7004,7004,tensor(1.9031),tensor(1.2325),tensor(0.7371)
7005,7005,tensor(1.9031),tensor(1.2325),tensor(0.7371)
7006,7006,tensor(1.9031),tensor(1.2325),tensor(0.7371)
7007,7007,tensor(1.9031),tensor(1.2325),tensor(0.7371)
7008,7008,tensor(1.9031),tensor(1.2325),tensor(0.7371)
7009,7009,tensor(1.9031),tensor(1.2325),tensor(0.7371)
7010,7010,tensor(1.9031),tensor(1.2325),tensor(0.7371)
7011,7011,tensor(1.9031),tensor(1.2325),tensor(0.7371)
7012,7012,tensor(1.9031),tensor(1.2325),tensor(0.7371)
7013,7013,tensor(1.9031),tensor(1.2325),tensor(0.7371)
7014,7014,tensor(1.9031),tensor(1.2325),tensor(0.7371)
7015,7015,tensor(1.9031),tensor(1.2325),tensor(0.7371)
7016,7016,tensor(1.9031),tensor(1.2325),tensor(0.7371)
7017,7017,tensor(1.9031),tensor(1.2325),tensor(0.7371)
7018,7018,tensor(1.9031),tensor(1.2325),tensor(0.7371)
7019,7019,tensor(1.9031),tensor(1.2325),tensor(0.7371)
7020,7020,tensor(1.9031),tensor(1.2325),tensor(0.7371)
7021,7021,tensor(1.9031),tensor(1.2325),tensor(0.7371)
7022,7022,tensor(1.9031),tensor(1.2325),tensor(0.7371)
7023,7023,tensor(1.9031),tensor(1.2325),tensor(0.7371)
7024,7024,tensor(1.9031),tensor(1.2325),tensor(0.7371)
7025,7025,tensor(1.9031),tensor(1.2325),tensor(0.7371)
7026,7026,tensor(1.9031),tensor(1.2325),tensor(0.7371)
7027,7027,tensor(1.9031),tensor(1.2325),tensor(0.7371)
7028,7028,tensor(1.9031),tensor(1.2325),tensor(0.7371)
7029,7029,tensor(1.9031),tensor(1.2325),tensor(0.7371)
7030,7030,tensor(1.9031),tensor(1.2325),tensor(0.7371)
7031,7031,tensor(1.9031),tensor(1.2325),tensor(0.7371)
7032,7032,tensor(1.9031),tensor(1.2325),tensor(0.7371)
7033,7033,tensor(1.9031),tensor(1.2325),tensor(0.7371)
7034,7034,tensor(1.9031),tensor(1.2325),tensor(0.7371)
7035,7035,tensor(1.9031),tensor(1.2325),tensor(0.7371)
7036,7036,tensor(1.9031),tensor(1.2325),tensor(0.7371)
7037,7037,tensor(1.9031),tensor(1.2325),tensor(0.7371)
7038,7038,tensor(1.9031),tensor(1.2325),tensor(0.7371)
7039,7039,tensor(1.9031),tensor(1.2325),tensor(0.7371)
7040,7040,tensor(1.9031),tensor(1.2325),tensor(0.7371)
7041,7041,tensor(1.9031),tensor(1.2325),tensor(0.7371)
7042,7042,tensor(1.9031),tensor(1.2325),tensor(0.7371)
7043,7043,tensor(1.9031),tensor(1.2325),tensor(0.7371)
7044,7044,tensor(1.9031),tensor(1.2325),tensor(0.7371)
7045,7045,tensor(1.9031),tensor(1.2325),tensor(0.7371)
7046,7046,tensor(1.9031),tensor(1.2325),tensor(0.7371)
7047,7047,tensor(1.9031),tensor(1.2325),tensor(0.7371)
7048,7048,tensor(1.9031),tensor(1.2325),tensor(0.7371)
7049,7049,tensor(1.9031),tensor(1.2325),tensor(0.7371)
7050,7050,tensor(1.9031),tensor(1.2325),tensor(0.7371)
7051,7051,tensor(1.9031),tensor(1.2325),tensor(0.7371)
7052,7052,tensor(1.9031),tensor(1.2325),tensor(0.7371)
7053,7053,tensor(1.9031),tensor(1.2325),tensor(0.7371)
7054,7054,tensor(1.9031),tensor(1.2325),tensor(0.7371)
7055,7055,tensor(1.9031),tensor(1.2325),tensor(0.7371)
7056,7056,tensor(1.9031),tensor(1.2325),tensor(0.7371)
7057,7057,tensor(1.9031),tensor(1.2325),tensor(0.7371)
7058,7058,tensor(1.9031),tensor(1.2325),tensor(0.7371)
7059,7059,tensor(1.9031),tensor(1.2325),tensor(0.7371)
7060,7060,tensor(1.9031),tensor(1.2325),tensor(0.7371)
7061,7061,tensor(1.9031),tensor(1.2325),tensor(0.7371)
7062,7062,tensor(1.9031),tensor(1.2325),tensor(0.7371)
7063,7063,tensor(1.9031),tensor(1.2325),tensor(0.7371)
7064,7064,tensor(1.9031),tensor(1.2325),tensor(0.7371)
7065,7065,tensor(1.9031),tensor(1.2324),tensor(0.7371)
7066,7066,tensor(1.9031),tensor(1.2324),tensor(0.7371)
7067,7067,tensor(1.9031),tensor(1.2324),tensor(0.7371)
7068,7068,tensor(1.9031),tensor(1.2324),tensor(0.7371)
7069,7069,tensor(1.9031),tensor(1.2324),tensor(0.7371)
7070,7070,tensor(1.9031),tensor(1.2324),tensor(0.7371)
7071,7071,tensor(1.9031),tensor(1.2324),tensor(0.7371)
7072,7072,tensor(1.9031),tensor(1.2324),tensor(0.7371)
7073,7073,tensor(1.9031),tensor(1.2324),tensor(0.7371)
7074,7074,tensor(1.9031),tensor(1.2324),tensor(0.7371)
7075,7075,tensor(1.9031),tensor(1.2324),tensor(0.7371)
7076,7076,tensor(1.9031),tensor(1.2324),tensor(0.7371)
7077,7077,tensor(1.9031),tensor(1.2324),tensor(0.7371)
7078,7078,tensor(1.9031),tensor(1.2324),tensor(0.7371)
7079,7079,tensor(1.9031),tensor(1.2324),tensor(0.7371)
7080,7080,tensor(1.9031),tensor(1.2324),tensor(0.7371)
7081,7081,tensor(1.9031),tensor(1.2324),tensor(0.7371)
7082,7082,tensor(1.9031),tensor(1.2324),tensor(0.7371)
7083,7083,tensor(1.9031),tensor(1.2324),tensor(0.7371)
7084,7084,tensor(1.9031),tensor(1.2324),tensor(0.7371)
7085,7085,tensor(1.9031),tensor(1.2324),tensor(0.7371)
7086,7086,tensor(1.9031),tensor(1.2324),tensor(0.7371)
7087,7087,tensor(1.9031),tensor(1.2324),tensor(0.7371)
7088,7088,tensor(1.9031),tensor(1.2324),tensor(0.7371)
7089,7089,tensor(1.9031),tensor(1.2324),tensor(0.7371)
7090,7090,tensor(1.9031),tensor(1.2324),tensor(0.7371)
7091,7091,tensor(1.9031),tensor(1.2324),tensor(0.7371)
7092,7092,tensor(1.9031),tensor(1.2324),tensor(0.7371)
7093,7093,tensor(1.9031),tensor(1.2324),tensor(0.7371)
7094,7094,tensor(1.9031),tensor(1.2324),tensor(0.7371)
7095,7095,tensor(1.9031),tensor(1.2324),tensor(0.7371)
7096,7096,tensor(1.9031),tensor(1.2324),tensor(0.7371)
7097,7097,tensor(1.9031),tensor(1.2324),tensor(0.7371)
7098,7098,tensor(1.9031),tensor(1.2324),tensor(0.7371)
7099,7099,tensor(1.9031),tensor(1.2324),tensor(0.7371)
7100,7100,tensor(1.9031),tensor(1.2324),tensor(0.7371)
7101,7101,tensor(1.9031),tensor(1.2324),tensor(0.7371)
7102,7102,tensor(1.9031),tensor(1.2324),tensor(0.7371)
7103,7103,tensor(1.9031),tensor(1.2324),tensor(0.7371)
7104,7104,tensor(1.9031),tensor(1.2324),tensor(0.7371)
7105,7105,tensor(1.9031),tensor(1.2324),tensor(0.7371)
7106,7106,tensor(1.9031),tensor(1.2324),tensor(0.7371)
7107,7107,tensor(1.9031),tensor(1.2324),tensor(0.7371)
7108,7108,tensor(1.9031),tensor(1.2324),tensor(0.7371)
7109,7109,tensor(1.9031),tensor(1.2324),tensor(0.7371)
7110,7110,tensor(1.9031),tensor(1.2324),tensor(0.7371)
7111,7111,tensor(1.9031),tensor(1.2324),tensor(0.7371)
7112,7112,tensor(1.9031),tensor(1.2324),tensor(0.7371)
7113,7113,tensor(1.9031),tensor(1.2324),tensor(0.7371)
7114,7114,tensor(1.9031),tensor(1.2324),tensor(0.7371)
7115,7115,tensor(1.9031),tensor(1.2324),tensor(0.7371)
7116,7116,tensor(1.9031),tensor(1.2324),tensor(0.7371)
7117,7117,tensor(1.9031),tensor(1.2324),tensor(0.7371)
7118,7118,tensor(1.9031),tensor(1.2324),tensor(0.7371)
7119,7119,tensor(1.9031),tensor(1.2324),tensor(0.7371)
7120,7120,tensor(1.9031),tensor(1.2324),tensor(0.7371)
7121,7121,tensor(1.9031),tensor(1.2324),tensor(0.7371)
7122,7122,tensor(1.9031),tensor(1.2324),tensor(0.7371)
7123,7123,tensor(1.9031),tensor(1.2324),tensor(0.7371)
7124,7124,tensor(1.9031),tensor(1.2324),tensor(0.7371)
7125,7125,tensor(1.9031),tensor(1.2324),tensor(0.7371)
7126,7126,tensor(1.9031),tensor(1.2324),tensor(0.7371)
7127,7127,tensor(1.9031),tensor(1.2324),tensor(0.7371)
7128,7128,tensor(1.9031),tensor(1.2324),tensor(0.7371)
7129,7129,tensor(1.9031),tensor(1.2324),tensor(0.7371)
7130,7130,tensor(1.9031),tensor(1.2324),tensor(0.7371)
7131,7131,tensor(1.9031),tensor(1.2324),tensor(0.7371)
7132,7132,tensor(1.9031),tensor(1.2324),tensor(0.7371)
7133,7133,tensor(1.9031),tensor(1.2324),tensor(0.7371)
7134,7134,tensor(1.9031),tensor(1.2324),tensor(0.7371)
7135,7135,tensor(1.9031),tensor(1.2324),tensor(0.7371)
7136,7136,tensor(1.9031),tensor(1.2324),tensor(0.7371)
7137,7137,tensor(1.9031),tensor(1.2324),tensor(0.7371)
7138,7138,tensor(1.9031),tensor(1.2324),tensor(0.7371)
7139,7139,tensor(1.9031),tensor(1.2324),tensor(0.7371)
7140,7140,tensor(1.9031),tensor(1.2324),tensor(0.7371)
7141,7141,tensor(1.9031),tensor(1.2324),tensor(0.7371)
7142,7142,tensor(1.9031),tensor(1.2324),tensor(0.7371)
7143,7143,tensor(1.9031),tensor(1.2324),tensor(0.7371)
7144,7144,tensor(1.9031),tensor(1.2324),tensor(0.7371)
7145,7145,tensor(1.9031),tensor(1.2324),tensor(0.7371)
7146,7146,tensor(1.9031),tensor(1.2324),tensor(0.7371)
7147,7147,tensor(1.9031),tensor(1.2324),tensor(0.7371)
7148,7148,tensor(1.9031),tensor(1.2324),tensor(0.7371)
7149,7149,tensor(1.9031),tensor(1.2324),tensor(0.7371)
7150,7150,tensor(1.9031),tensor(1.2324),tensor(0.7371)
7151,7151,tensor(1.9031),tensor(1.2324),tensor(0.7371)
7152,7152,tensor(1.9031),tensor(1.2324),tensor(0.7371)
7153,7153,tensor(1.9031),tensor(1.2324),tensor(0.7371)
7154,7154,tensor(1.9031),tensor(1.2324),tensor(0.7371)
7155,7155,tensor(1.9031),tensor(1.2324),tensor(0.7371)
7156,7156,tensor(1.9031),tensor(1.2324),tensor(0.7371)
7157,7157,tensor(1.9031),tensor(1.2324),tensor(0.7371)
7158,7158,tensor(1.9031),tensor(1.2324),tensor(0.7371)
7159,7159,tensor(1.9031),tensor(1.2324),tensor(0.7371)
7160,7160,tensor(1.9031),tensor(1.2324),tensor(0.7371)
7161,7161,tensor(1.9031),tensor(1.2324),tensor(0.7371)
7162,7162,tensor(1.9031),tensor(1.2324),tensor(0.7371)
7163,7163,tensor(1.9031),tensor(1.2324),tensor(0.7371)
7164,7164,tensor(1.9031),tensor(1.2324),tensor(0.7371)
7165,7165,tensor(1.9031),tensor(1.2324),tensor(0.7371)
7166,7166,tensor(1.9031),tensor(1.2324),tensor(0.7371)
7167,7167,tensor(1.9031),tensor(1.2324),tensor(0.7371)
7168,7168,tensor(1.9031),tensor(1.2324),tensor(0.7371)
7169,7169,tensor(1.9031),tensor(1.2324),tensor(0.7371)
7170,7170,tensor(1.9031),tensor(1.2324),tensor(0.7371)
7171,7171,tensor(1.9031),tensor(1.2324),tensor(0.7371)
7172,7172,tensor(1.9031),tensor(1.2324),tensor(0.7371)
7173,7173,tensor(1.9031),tensor(1.2324),tensor(0.7371)
7174,7174,tensor(1.9031),tensor(1.2324),tensor(0.7371)
7175,7175,tensor(1.9031),tensor(1.2324),tensor(0.7371)
7176,7176,tensor(1.9031),tensor(1.2324),tensor(0.7371)
7177,7177,tensor(1.9031),tensor(1.2324),tensor(0.7371)
7178,7178,tensor(1.9031),tensor(1.2324),tensor(0.7371)
7179,7179,tensor(1.9031),tensor(1.2324),tensor(0.7371)
7180,7180,tensor(1.9031),tensor(1.2324),tensor(0.7371)
7181,7181,tensor(1.9031),tensor(1.2324),tensor(0.7371)
7182,7182,tensor(1.9031),tensor(1.2324),tensor(0.7371)
7183,7183,tensor(1.9031),tensor(1.2324),tensor(0.7371)
7184,7184,tensor(1.9031),tensor(1.2324),tensor(0.7371)
7185,7185,tensor(1.9031),tensor(1.2324),tensor(0.7371)
7186,7186,tensor(1.9031),tensor(1.2324),tensor(0.7371)
7187,7187,tensor(1.9031),tensor(1.2324),tensor(0.7371)
7188,7188,tensor(1.9031),tensor(1.2324),tensor(0.7371)
7189,7189,tensor(1.9031),tensor(1.2324),tensor(0.7371)
7190,7190,tensor(1.9031),tensor(1.2324),tensor(0.7371)
7191,7191,tensor(1.9031),tensor(1.2324),tensor(0.7371)
7192,7192,tensor(1.9031),tensor(1.2324),tensor(0.7371)
7193,7193,tensor(1.9031),tensor(1.2324),tensor(0.7371)
7194,7194,tensor(1.9031),tensor(1.2324),tensor(0.7371)
7195,7195,tensor(1.9031),tensor(1.2324),tensor(0.7371)
7196,7196,tensor(1.9031),tensor(1.2324),tensor(0.7371)
7197,7197,tensor(1.9031),tensor(1.2324),tensor(0.7371)
7198,7198,tensor(1.9031),tensor(1.2324),tensor(0.7371)
7199,7199,tensor(1.9031),tensor(1.2324),tensor(0.7371)
7200,7200,tensor(1.9031),tensor(1.2324),tensor(0.7371)
7201,7201,tensor(1.9031),tensor(1.2324),tensor(0.7371)
7202,7202,tensor(1.9031),tensor(1.2324),tensor(0.7371)
7203,7203,tensor(1.9031),tensor(1.2324),tensor(0.7371)
7204,7204,tensor(1.9031),tensor(1.2324),tensor(0.7371)
7205,7205,tensor(1.9031),tensor(1.2324),tensor(0.7371)
7206,7206,tensor(1.9031),tensor(1.2324),tensor(0.7371)
7207,7207,tensor(1.9031),tensor(1.2324),tensor(0.7371)
7208,7208,tensor(1.9031),tensor(1.2324),tensor(0.7371)
7209,7209,tensor(1.9031),tensor(1.2324),tensor(0.7371)
7210,7210,tensor(1.9031),tensor(1.2324),tensor(0.7371)
7211,7211,tensor(1.9031),tensor(1.2324),tensor(0.7371)
7212,7212,tensor(1.9031),tensor(1.2324),tensor(0.7371)
7213,7213,tensor(1.9031),tensor(1.2324),tensor(0.7371)
7214,7214,tensor(1.9031),tensor(1.2324),tensor(0.7371)
7215,7215,tensor(1.9031),tensor(1.2324),tensor(0.7371)
7216,7216,tensor(1.9031),tensor(1.2324),tensor(0.7371)
7217,7217,tensor(1.9031),tensor(1.2324),tensor(0.7371)
7218,7218,tensor(1.9031),tensor(1.2324),tensor(0.7371)
7219,7219,tensor(1.9031),tensor(1.2324),tensor(0.7371)
7220,7220,tensor(1.9031),tensor(1.2324),tensor(0.7371)
7221,7221,tensor(1.9031),tensor(1.2324),tensor(0.7371)
7222,7222,tensor(1.9031),tensor(1.2324),tensor(0.7371)
7223,7223,tensor(1.9031),tensor(1.2324),tensor(0.7371)
7224,7224,tensor(1.9031),tensor(1.2324),tensor(0.7371)
7225,7225,tensor(1.9031),tensor(1.2324),tensor(0.7371)
7226,7226,tensor(1.9031),tensor(1.2324),tensor(0.7371)
7227,7227,tensor(1.9031),tensor(1.2324),tensor(0.7371)
7228,7228,tensor(1.9031),tensor(1.2324),tensor(0.7371)
7229,7229,tensor(1.9031),tensor(1.2324),tensor(0.7371)
7230,7230,tensor(1.9031),tensor(1.2324),tensor(0.7371)
7231,7231,tensor(1.9031),tensor(1.2324),tensor(0.7371)
7232,7232,tensor(1.9031),tensor(1.2324),tensor(0.7371)
7233,7233,tensor(1.9031),tensor(1.2324),tensor(0.7371)
7234,7234,tensor(1.9031),tensor(1.2324),tensor(0.7371)
7235,7235,tensor(1.9031),tensor(1.2324),tensor(0.7371)
7236,7236,tensor(1.9031),tensor(1.2324),tensor(0.7371)
7237,7237,tensor(1.9031),tensor(1.2324),tensor(0.7371)
7238,7238,tensor(1.9031),tensor(1.2324),tensor(0.7371)
7239,7239,tensor(1.9031),tensor(1.2324),tensor(0.7371)
7240,7240,tensor(1.9031),tensor(1.2324),tensor(0.7371)
7241,7241,tensor(1.9031),tensor(1.2324),tensor(0.7371)
7242,7242,tensor(1.9031),tensor(1.2324),tensor(0.7371)
7243,7243,tensor(1.9031),tensor(1.2324),tensor(0.7371)
7244,7244,tensor(1.9031),tensor(1.2324),tensor(0.7371)
7245,7245,tensor(1.9031),tensor(1.2324),tensor(0.7371)
7246,7246,tensor(1.9031),tensor(1.2324),tensor(0.7371)
7247,7247,tensor(1.9031),tensor(1.2324),tensor(0.7371)
7248,7248,tensor(1.9031),tensor(1.2324),tensor(0.7371)
7249,7249,tensor(1.9031),tensor(1.2324),tensor(0.7371)
7250,7250,tensor(1.9031),tensor(1.2324),tensor(0.7371)
7251,7251,tensor(1.9031),tensor(1.2324),tensor(0.7371)
7252,7252,tensor(1.9031),tensor(1.2324),tensor(0.7371)
7253,7253,tensor(1.9031),tensor(1.2324),tensor(0.7371)
7254,7254,tensor(1.9031),tensor(1.2324),tensor(0.7371)
7255,7255,tensor(1.9031),tensor(1.2324),tensor(0.7371)
7256,7256,tensor(1.9031),tensor(1.2324),tensor(0.7371)
7257,7257,tensor(1.9031),tensor(1.2324),tensor(0.7371)
7258,7258,tensor(1.9031),tensor(1.2324),tensor(0.7371)
7259,7259,tensor(1.9031),tensor(1.2324),tensor(0.7371)
7260,7260,tensor(1.9031),tensor(1.2324),tensor(0.7371)
7261,7261,tensor(1.9031),tensor(1.2324),tensor(0.7371)
7262,7262,tensor(1.9031),tensor(1.2324),tensor(0.7371)
7263,7263,tensor(1.9031),tensor(1.2324),tensor(0.7371)
7264,7264,tensor(1.9031),tensor(1.2324),tensor(0.7371)
7265,7265,tensor(1.9031),tensor(1.2324),tensor(0.7371)
7266,7266,tensor(1.9031),tensor(1.2324),tensor(0.7371)
7267,7267,tensor(1.9031),tensor(1.2324),tensor(0.7371)
7268,7268,tensor(1.9031),tensor(1.2324),tensor(0.7371)
7269,7269,tensor(1.9031),tensor(1.2324),tensor(0.7371)
7270,7270,tensor(1.9031),tensor(1.2324),tensor(0.7371)
7271,7271,tensor(1.9031),tensor(1.2324),tensor(0.7371)
7272,7272,tensor(1.9031),tensor(1.2324),tensor(0.7371)
7273,7273,tensor(1.9031),tensor(1.2324),tensor(0.7371)
7274,7274,tensor(1.9031),tensor(1.2324),tensor(0.7371)
7275,7275,tensor(1.9031),tensor(1.2324),tensor(0.7371)
7276,7276,tensor(1.9031),tensor(1.2324),tensor(0.7371)
7277,7277,tensor(1.9031),tensor(1.2324),tensor(0.7371)
7278,7278,tensor(1.9031),tensor(1.2324),tensor(0.7371)
7279,7279,tensor(1.9031),tensor(1.2324),tensor(0.7371)
7280,7280,tensor(1.9031),tensor(1.2324),tensor(0.7371)
7281,7281,tensor(1.9031),tensor(1.2324),tensor(0.7371)
7282,7282,tensor(1.9031),tensor(1.2324),tensor(0.7371)
7283,7283,tensor(1.9031),tensor(1.2324),tensor(0.7371)
7284,7284,tensor(1.9031),tensor(1.2324),tensor(0.7371)
7285,7285,tensor(1.9031),tensor(1.2324),tensor(0.7371)
7286,7286,tensor(1.9031),tensor(1.2324),tensor(0.7371)
7287,7287,tensor(1.9031),tensor(1.2324),tensor(0.7371)
7288,7288,tensor(1.9031),tensor(1.2324),tensor(0.7371)
7289,7289,tensor(1.9031),tensor(1.2324),tensor(0.7371)
7290,7290,tensor(1.9031),tensor(1.2324),tensor(0.7371)
7291,7291,tensor(1.9031),tensor(1.2324),tensor(0.7371)
7292,7292,tensor(1.9031),tensor(1.2324),tensor(0.7371)
7293,7293,tensor(1.9031),tensor(1.2324),tensor(0.7371)
7294,7294,tensor(1.9031),tensor(1.2324),tensor(0.7371)
7295,7295,tensor(1.9031),tensor(1.2324),tensor(0.7371)
7296,7296,tensor(1.9031),tensor(1.2324),tensor(0.7371)
7297,7297,tensor(1.9031),tensor(1.2324),tensor(0.7371)
7298,7298,tensor(1.9031),tensor(1.2324),tensor(0.7371)
7299,7299,tensor(1.9031),tensor(1.2324),tensor(0.7371)
7300,7300,tensor(1.9031),tensor(1.2324),tensor(0.7371)
7301,7301,tensor(1.9031),tensor(1.2324),tensor(0.7371)
7302,7302,tensor(1.9031),tensor(1.2324),tensor(0.7371)
7303,7303,tensor(1.9031),tensor(1.2324),tensor(0.7371)
7304,7304,tensor(1.9031),tensor(1.2324),tensor(0.7371)
7305,7305,tensor(1.9031),tensor(1.2324),tensor(0.7371)
7306,7306,tensor(1.9031),tensor(1.2324),tensor(0.7371)
7307,7307,tensor(1.9031),tensor(1.2324),tensor(0.7371)
7308,7308,tensor(1.9031),tensor(1.2324),tensor(0.7371)
7309,7309,tensor(1.9031),tensor(1.2324),tensor(0.7371)
7310,7310,tensor(1.9031),tensor(1.2324),tensor(0.7371)
7311,7311,tensor(1.9031),tensor(1.2324),tensor(0.7371)
7312,7312,tensor(1.9031),tensor(1.2324),tensor(0.7371)
7313,7313,tensor(1.9031),tensor(1.2324),tensor(0.7371)
7314,7314,tensor(1.9031),tensor(1.2324),tensor(0.7371)
7315,7315,tensor(1.9031),tensor(1.2324),tensor(0.7371)
7316,7316,tensor(1.9031),tensor(1.2324),tensor(0.7371)
7317,7317,tensor(1.9031),tensor(1.2324),tensor(0.7371)
7318,7318,tensor(1.9031),tensor(1.2324),tensor(0.7371)
7319,7319,tensor(1.9031),tensor(1.2324),tensor(0.7371)
7320,7320,tensor(1.9031),tensor(1.2324),tensor(0.7371)
7321,7321,tensor(1.9031),tensor(1.2324),tensor(0.7371)
7322,7322,tensor(1.9031),tensor(1.2324),tensor(0.7371)
7323,7323,tensor(1.9031),tensor(1.2324),tensor(0.7371)
7324,7324,tensor(1.9031),tensor(1.2324),tensor(0.7371)
7325,7325,tensor(1.9031),tensor(1.2324),tensor(0.7371)
7326,7326,tensor(1.9031),tensor(1.2324),tensor(0.7371)
7327,7327,tensor(1.9031),tensor(1.2324),tensor(0.7371)
7328,7328,tensor(1.9031),tensor(1.2324),tensor(0.7371)
7329,7329,tensor(1.9031),tensor(1.2324),tensor(0.7371)
7330,7330,tensor(1.9031),tensor(1.2324),tensor(0.7371)
7331,7331,tensor(1.9031),tensor(1.2324),tensor(0.7371)
7332,7332,tensor(1.9031),tensor(1.2324),tensor(0.7371)
7333,7333,tensor(1.9031),tensor(1.2324),tensor(0.7371)
7334,7334,tensor(1.9031),tensor(1.2324),tensor(0.7371)
7335,7335,tensor(1.9031),tensor(1.2324),tensor(0.7371)
7336,7336,tensor(1.9031),tensor(1.2324),tensor(0.7371)
7337,7337,tensor(1.9031),tensor(1.2324),tensor(0.7371)
7338,7338,tensor(1.9031),tensor(1.2324),tensor(0.7371)
7339,7339,tensor(1.9031),tensor(1.2324),tensor(0.7371)
7340,7340,tensor(1.9031),tensor(1.2324),tensor(0.7371)
7341,7341,tensor(1.9031),tensor(1.2324),tensor(0.7371)
7342,7342,tensor(1.9031),tensor(1.2324),tensor(0.7371)
7343,7343,tensor(1.9031),tensor(1.2324),tensor(0.7371)
7344,7344,tensor(1.9031),tensor(1.2324),tensor(0.7371)
7345,7345,tensor(1.9031),tensor(1.2324),tensor(0.7371)
7346,7346,tensor(1.9031),tensor(1.2324),tensor(0.7371)
7347,7347,tensor(1.9031),tensor(1.2324),tensor(0.7371)
7348,7348,tensor(1.9031),tensor(1.2324),tensor(0.7371)
7349,7349,tensor(1.9031),tensor(1.2324),tensor(0.7371)
7350,7350,tensor(1.9031),tensor(1.2324),tensor(0.7371)
7351,7351,tensor(1.9031),tensor(1.2324),tensor(0.7371)
7352,7352,tensor(1.9031),tensor(1.2324),tensor(0.7371)
7353,7353,tensor(1.9031),tensor(1.2324),tensor(0.7371)
7354,7354,tensor(1.9031),tensor(1.2324),tensor(0.7371)
7355,7355,tensor(1.9031),tensor(1.2324),tensor(0.7371)
7356,7356,tensor(1.9031),tensor(1.2324),tensor(0.7371)
7357,7357,tensor(1.9031),tensor(1.2324),tensor(0.7371)
7358,7358,tensor(1.9031),tensor(1.2324),tensor(0.7371)
7359,7359,tensor(1.9031),tensor(1.2324),tensor(0.7371)
