a: 4.951063273012062
b: 9.398752026869342
c: 1
d: -1
model_name: my_model_2
