a: 7.840771864044519
b: 8.03991417379366
c: 2
d: -5
