,epoch,train_loss,train_mae,val_mae
0,0,tensor(1.5508),tensor(1.0199),tensor(1.2622)
1,1,tensor(1.5494),tensor(1.0195),tensor(1.2608)
2,2,tensor(1.5468),tensor(1.0188),tensor(1.2589)
3,3,tensor(1.5434),tensor(1.0180),tensor(1.2565)
4,4,tensor(1.5390),tensor(1.0171),tensor(1.2537)
5,5,tensor(1.5340),tensor(1.0160),tensor(1.2506)
6,6,tensor(1.5283),tensor(1.0148),tensor(1.2471)
7,7,tensor(1.5221),tensor(1.0135),tensor(1.2434)
8,8,tensor(1.5155),tensor(1.0122),tensor(1.2394)
9,9,tensor(1.5084),tensor(1.0108),tensor(1.2352)
10,10,tensor(1.5010),tensor(1.0093),tensor(1.2308)
11,11,tensor(1.4933),tensor(1.0078),tensor(1.2263)
12,12,tensor(1.4854),tensor(1.0062),tensor(1.2216)
13,13,tensor(1.4773),tensor(1.0046),tensor(1.2168)
14,14,tensor(1.4690),tensor(1.0029),tensor(1.2120)
15,15,tensor(1.4606),tensor(1.0012),tensor(1.2070)
16,16,tensor(1.4522),tensor(0.9995),tensor(1.2020)
17,17,tensor(1.4436),tensor(0.9978),tensor(1.1969)
18,18,tensor(1.4351),tensor(0.9961),tensor(1.1918)
19,19,tensor(1.4265),tensor(0.9943),tensor(1.1866)
20,20,tensor(1.4179),tensor(0.9926),tensor(1.1815)
21,21,tensor(1.4093),tensor(0.9908),tensor(1.1763)
22,22,tensor(1.4008),tensor(0.9890),tensor(1.1711)
23,23,tensor(1.3923),tensor(0.9873),tensor(1.1659)
24,24,tensor(1.3838),tensor(0.9855),tensor(1.1607)
25,25,tensor(1.3754),tensor(0.9838),tensor(1.1555)
26,26,tensor(1.3671),tensor(0.9820),tensor(1.1503)
27,27,tensor(1.3589),tensor(0.9802),tensor(1.1451)
28,28,tensor(1.3507),tensor(0.9785),tensor(1.1400)
29,29,tensor(1.3426),tensor(0.9768),tensor(1.1348)
30,30,tensor(1.3346),tensor(0.9750),tensor(1.1297)
31,31,tensor(1.3267),tensor(0.9733),tensor(1.1247)
32,32,tensor(1.3189),tensor(0.9716),tensor(1.1196)
33,33,tensor(1.3111),tensor(0.9699),tensor(1.1146)
34,34,tensor(1.3035),tensor(0.9682),tensor(1.1096)
35,35,tensor(1.2960),tensor(0.9665),tensor(1.1046)
36,36,tensor(1.2885),tensor(0.9648),tensor(1.0997)
37,37,tensor(1.2812),tensor(0.9632),tensor(1.0948)
38,38,tensor(1.2740),tensor(0.9615),tensor(1.0899)
39,39,tensor(1.2668),tensor(0.9599),tensor(1.0851)
40,40,tensor(1.2598),tensor(0.9583),tensor(1.0803)
41,41,tensor(1.2528),tensor(0.9566),tensor(1.0756)
42,42,tensor(1.2460),tensor(0.9550),tensor(1.0708)
43,43,tensor(1.2392),tensor(0.9534),tensor(1.0662)
44,44,tensor(1.2326),tensor(0.9519),tensor(1.0615)
45,45,tensor(1.2260),tensor(0.9503),tensor(1.0569)
46,46,tensor(1.2196),tensor(0.9487),tensor(1.0523)
47,47,tensor(1.2132),tensor(0.9472),tensor(1.0478)
48,48,tensor(1.2069),tensor(0.9457),tensor(1.0433)
49,49,tensor(1.2008),tensor(0.9442),tensor(1.0388)
50,50,tensor(1.1947),tensor(0.9427),tensor(1.0344)
51,51,tensor(1.1887),tensor(0.9412),tensor(1.0300)
52,52,tensor(1.1827),tensor(0.9397),tensor(1.0256)
53,53,tensor(1.1769),tensor(0.9382),tensor(1.0213)
54,54,tensor(1.1712),tensor(0.9367),tensor(1.0170)
55,55,tensor(1.1655),tensor(0.9353),tensor(1.0127)
56,56,tensor(1.1599),tensor(0.9339),tensor(1.0085)
57,57,tensor(1.1544),tensor(0.9324),tensor(1.0043)
58,58,tensor(1.1490),tensor(0.9310),tensor(1.0001)
59,59,tensor(1.1437),tensor(0.9296),tensor(0.9960)
60,60,tensor(1.1384),tensor(0.9282),tensor(0.9919)
61,61,tensor(1.1332),tensor(0.9268),tensor(0.9878)
62,62,tensor(1.1281),tensor(0.9255),tensor(0.9838)
63,63,tensor(1.1231),tensor(0.9241),tensor(0.9798)
64,64,tensor(1.1181),tensor(0.9228),tensor(0.9758)
65,65,tensor(1.1132),tensor(0.9214),tensor(0.9719)
66,66,tensor(1.1084),tensor(0.9201),tensor(0.9680)
67,67,tensor(1.1037),tensor(0.9188),tensor(0.9641)
68,68,tensor(1.0990),tensor(0.9175),tensor(0.9603)
69,69,tensor(1.0944),tensor(0.9162),tensor(0.9564)
70,70,tensor(1.0898),tensor(0.9149),tensor(0.9527)
71,71,tensor(1.0853),tensor(0.9136),tensor(0.9489)
72,72,tensor(1.0809),tensor(0.9123),tensor(0.9452)
73,73,tensor(1.0765),tensor(0.9111),tensor(0.9415)
74,74,tensor(1.0723),tensor(0.9098),tensor(0.9378)
75,75,tensor(1.0680),tensor(0.9086),tensor(0.9341)
76,76,tensor(1.0638),tensor(0.9074),tensor(0.9305)
77,77,tensor(1.0597),tensor(0.9061),tensor(0.9269)
78,78,tensor(1.0557),tensor(0.9049),tensor(0.9234)
79,79,tensor(1.0517),tensor(0.9037),tensor(0.9198)
80,80,tensor(1.0477),tensor(0.9025),tensor(0.9163)
81,81,tensor(1.0438),tensor(0.9013),tensor(0.9128)
82,82,tensor(1.0400),tensor(0.9002),tensor(0.9094)
83,83,tensor(1.0362),tensor(0.8990),tensor(0.9059)
84,84,tensor(1.0325),tensor(0.8978),tensor(0.9025)
85,85,tensor(1.0288),tensor(0.8967),tensor(0.8992)
86,86,tensor(1.0251),tensor(0.8955),tensor(0.8958)
87,87,tensor(1.0216),tensor(0.8944),tensor(0.8925)
88,88,tensor(1.0180),tensor(0.8933),tensor(0.8891)
89,89,tensor(1.0145),tensor(0.8922),tensor(0.8859)
90,90,tensor(1.0111),tensor(0.8911),tensor(0.8826)
91,91,tensor(1.0077),tensor(0.8900),tensor(0.8794)
92,92,tensor(1.0044),tensor(0.8889),tensor(0.8761)
93,93,tensor(1.0011),tensor(0.8878),tensor(0.8729)
94,94,tensor(0.9978),tensor(0.8867),tensor(0.8698)
95,95,tensor(0.9946),tensor(0.8856),tensor(0.8666)
96,96,tensor(0.9915),tensor(0.8846),tensor(0.8635)
97,97,tensor(0.9883),tensor(0.8835),tensor(0.8604)
98,98,tensor(0.9853),tensor(0.8825),tensor(0.8573)
99,99,tensor(0.9822),tensor(0.8814),tensor(0.8543)
100,100,tensor(0.9792),tensor(0.8804),tensor(0.8512)
101,101,tensor(0.9763),tensor(0.8794),tensor(0.8482)
102,102,tensor(0.9734),tensor(0.8783),tensor(0.8452)
103,103,tensor(0.9705),tensor(0.8773),tensor(0.8422)
104,104,tensor(0.9676),tensor(0.8763),tensor(0.8393)
105,105,tensor(0.9648),tensor(0.8753),tensor(0.8363)
106,106,tensor(0.9621),tensor(0.8743),tensor(0.8334)
107,107,tensor(0.9593),tensor(0.8733),tensor(0.8305)
108,108,tensor(0.9567),tensor(0.8724),tensor(0.8277)
109,109,tensor(0.9540),tensor(0.8714),tensor(0.8248)
110,110,tensor(0.9514),tensor(0.8704),tensor(0.8220)
111,111,tensor(0.9488),tensor(0.8695),tensor(0.8191)
112,112,tensor(0.9462),tensor(0.8685),tensor(0.8164)
113,113,tensor(0.9437),tensor(0.8676),tensor(0.8136)
114,114,tensor(0.9412),tensor(0.8666),tensor(0.8108)
115,115,tensor(0.9388),tensor(0.8657),tensor(0.8081)
116,116,tensor(0.9364),tensor(0.8648),tensor(0.8054)
117,117,tensor(0.9340),tensor(0.8638),tensor(0.8027)
118,118,tensor(0.9316),tensor(0.8629),tensor(0.8000)
119,119,tensor(0.9293),tensor(0.8620),tensor(0.7973)
120,120,tensor(0.9270),tensor(0.8611),tensor(0.7947)
121,121,tensor(0.9248),tensor(0.8602),tensor(0.7920)
122,122,tensor(0.9225),tensor(0.8593),tensor(0.7894)
123,123,tensor(0.9203),tensor(0.8584),tensor(0.7868)
124,124,tensor(0.9181),tensor(0.8576),tensor(0.7842)
125,125,tensor(0.9160),tensor(0.8567),tensor(0.7817)
126,126,tensor(0.9139),tensor(0.8558),tensor(0.7791)
127,127,tensor(0.9118),tensor(0.8550),tensor(0.7766)
128,128,tensor(0.9097),tensor(0.8541),tensor(0.7741)
129,129,tensor(0.9077),tensor(0.8533),tensor(0.7716)
130,130,tensor(0.9057),tensor(0.8524),tensor(0.7691)
131,131,tensor(0.9037),tensor(0.8516),tensor(0.7667)
132,132,tensor(0.9017),tensor(0.8507),tensor(0.7642)
133,133,tensor(0.8998),tensor(0.8499),tensor(0.7618)
134,134,tensor(0.8979),tensor(0.8491),tensor(0.7594)
135,135,tensor(0.8960),tensor(0.8483),tensor(0.7570)
136,136,tensor(0.8941),tensor(0.8475),tensor(0.7546)
137,137,tensor(0.8923),tensor(0.8467),tensor(0.7522)
138,138,tensor(0.8905),tensor(0.8459),tensor(0.7499)
139,139,tensor(0.8887),tensor(0.8451),tensor(0.7475)
140,140,tensor(0.8869),tensor(0.8443),tensor(0.7452)
141,141,tensor(0.8852),tensor(0.8435),tensor(0.7429)
142,142,tensor(0.8835),tensor(0.8427),tensor(0.7406)
143,143,tensor(0.8818),tensor(0.8419),tensor(0.7383)
144,144,tensor(0.8801),tensor(0.8412),tensor(0.7361)
145,145,tensor(0.8785),tensor(0.8404),tensor(0.7338)
146,146,tensor(0.8768),tensor(0.8396),tensor(0.7316)
147,147,tensor(0.8752),tensor(0.8389),tensor(0.7294)
148,148,tensor(0.8736),tensor(0.8381),tensor(0.7272)
149,149,tensor(0.8721),tensor(0.8374),tensor(0.7250)
150,150,tensor(0.8705),tensor(0.8366),tensor(0.7228)
151,151,tensor(0.8690),tensor(0.8359),tensor(0.7207)
152,152,tensor(0.8675),tensor(0.8352),tensor(0.7185)
153,153,tensor(0.8660),tensor(0.8344),tensor(0.7164)
154,154,tensor(0.8645),tensor(0.8337),tensor(0.7143)
155,155,tensor(0.8631),tensor(0.8330),tensor(0.7122)
156,156,tensor(0.8616),tensor(0.8323),tensor(0.7101)
157,157,tensor(0.8602),tensor(0.8316),tensor(0.7080)
158,158,tensor(0.8588),tensor(0.8309),tensor(0.7059)
159,159,tensor(0.8574),tensor(0.8302),tensor(0.7039)
160,160,tensor(0.8561),tensor(0.8295),tensor(0.7018)
161,161,tensor(0.8547),tensor(0.8288),tensor(0.6998)
162,162,tensor(0.8534),tensor(0.8281),tensor(0.6978)
163,163,tensor(0.8521),tensor(0.8274),tensor(0.6958)
164,164,tensor(0.8508),tensor(0.8267),tensor(0.6938)
165,165,tensor(0.8495),tensor(0.8261),tensor(0.6919)
166,166,tensor(0.8483),tensor(0.8254),tensor(0.6899)
167,167,tensor(0.8470),tensor(0.8247),tensor(0.6879)
168,168,tensor(0.8458),tensor(0.8241),tensor(0.6860)
169,169,tensor(0.8446),tensor(0.8234),tensor(0.6841)
170,170,tensor(0.8434),tensor(0.8228),tensor(0.6822)
171,171,tensor(0.8422),tensor(0.8221),tensor(0.6803)
172,172,tensor(0.8410),tensor(0.8215),tensor(0.6784)
173,173,tensor(0.8399),tensor(0.8208),tensor(0.6765)
174,174,tensor(0.8387),tensor(0.8202),tensor(0.6747)
175,175,tensor(0.8376),tensor(0.8196),tensor(0.6728)
176,176,tensor(0.8365),tensor(0.8189),tensor(0.6710)
177,177,tensor(0.8354),tensor(0.8183),tensor(0.6691)
178,178,tensor(0.8343),tensor(0.8177),tensor(0.6673)
179,179,tensor(0.8333),tensor(0.8171),tensor(0.6655)
180,180,tensor(0.8322),tensor(0.8165),tensor(0.6637)
181,181,tensor(0.8312),tensor(0.8159),tensor(0.6619)
182,182,tensor(0.8302),tensor(0.8153),tensor(0.6602)
183,183,tensor(0.8291),tensor(0.8147),tensor(0.6584)
184,184,tensor(0.8281),tensor(0.8141),tensor(0.6567)
185,185,tensor(0.8272),tensor(0.8135),tensor(0.6549)
186,186,tensor(0.8262),tensor(0.8129),tensor(0.6532)
187,187,tensor(0.8252),tensor(0.8123),tensor(0.6515)
188,188,tensor(0.8243),tensor(0.8117),tensor(0.6498)
189,189,tensor(0.8233),tensor(0.8111),tensor(0.6481)
190,190,tensor(0.8224),tensor(0.8106),tensor(0.6464)
191,191,tensor(0.8215),tensor(0.8100),tensor(0.6447)
192,192,tensor(0.8206),tensor(0.8094),tensor(0.6431)
193,193,tensor(0.8197),tensor(0.8089),tensor(0.6414)
194,194,tensor(0.8188),tensor(0.8083),tensor(0.6398)
195,195,tensor(0.8180),tensor(0.8077),tensor(0.6381)
196,196,tensor(0.8171),tensor(0.8072),tensor(0.6365)
197,197,tensor(0.8163),tensor(0.8066),tensor(0.6349)
198,198,tensor(0.8154),tensor(0.8061),tensor(0.6333)
199,199,tensor(0.8146),tensor(0.8055),tensor(0.6317)
200,200,tensor(0.8138),tensor(0.8050),tensor(0.6301)
201,201,tensor(0.8130),tensor(0.8045),tensor(0.6286)
202,202,tensor(0.8122),tensor(0.8039),tensor(0.6270)
203,203,tensor(0.8114),tensor(0.8034),tensor(0.6255)
204,204,tensor(0.8106),tensor(0.8029),tensor(0.6239)
205,205,tensor(0.8099),tensor(0.8024),tensor(0.6224)
206,206,tensor(0.8091),tensor(0.8018),tensor(0.6209)
207,207,tensor(0.8084),tensor(0.8013),tensor(0.6194)
208,208,tensor(0.8077),tensor(0.8008),tensor(0.6179)
209,209,tensor(0.8069),tensor(0.8003),tensor(0.6164)
210,210,tensor(0.8062),tensor(0.7998),tensor(0.6149)
211,211,tensor(0.8055),tensor(0.7993),tensor(0.6134)
212,212,tensor(0.8048),tensor(0.7988),tensor(0.6120)
213,213,tensor(0.8041),tensor(0.7983),tensor(0.6105)
214,214,tensor(0.8035),tensor(0.7978),tensor(0.6091)
215,215,tensor(0.8028),tensor(0.7973),tensor(0.6076)
216,216,tensor(0.8021),tensor(0.7968),tensor(0.6062)
217,217,tensor(0.8015),tensor(0.7963),tensor(0.6048)
218,218,tensor(0.8008),tensor(0.7959),tensor(0.6034)
219,219,tensor(0.8002),tensor(0.7954),tensor(0.6020)
220,220,tensor(0.7996),tensor(0.7949),tensor(0.6006)
221,221,tensor(0.7989),tensor(0.7944),tensor(0.5992)
222,222,tensor(0.7983),tensor(0.7940),tensor(0.5978)
223,223,tensor(0.7977),tensor(0.7935),tensor(0.5965)
224,224,tensor(0.7971),tensor(0.7930),tensor(0.5951)
225,225,tensor(0.7965),tensor(0.7926),tensor(0.5938)
226,226,tensor(0.7960),tensor(0.7921),tensor(0.5924)
227,227,tensor(0.7954),tensor(0.7917),tensor(0.5911)
228,228,tensor(0.7948),tensor(0.7912),tensor(0.5898)
229,229,tensor(0.7943),tensor(0.7908),tensor(0.5884)
230,230,tensor(0.7937),tensor(0.7903),tensor(0.5871)
231,231,tensor(0.7932),tensor(0.7899),tensor(0.5858)
232,232,tensor(0.7926),tensor(0.7894),tensor(0.5846)
233,233,tensor(0.7921),tensor(0.7890),tensor(0.5833)
234,234,tensor(0.7916),tensor(0.7885),tensor(0.5820)
235,235,tensor(0.7911),tensor(0.7881),tensor(0.5807)
236,236,tensor(0.7905),tensor(0.7877),tensor(0.5795)
237,237,tensor(0.7900),tensor(0.7873),tensor(0.5782)
238,238,tensor(0.7895),tensor(0.7868),tensor(0.5770)
239,239,tensor(0.7891),tensor(0.7864),tensor(0.5758)
240,240,tensor(0.7886),tensor(0.7860),tensor(0.5745)
241,241,tensor(0.7881),tensor(0.7856),tensor(0.5733)
242,242,tensor(0.7876),tensor(0.7852),tensor(0.5721)
243,243,tensor(0.7872),tensor(0.7848),tensor(0.5709)
244,244,tensor(0.7867),tensor(0.7843),tensor(0.5697)
245,245,tensor(0.7862),tensor(0.7839),tensor(0.5685)
246,246,tensor(0.7858),tensor(0.7835),tensor(0.5673)
247,247,tensor(0.7853),tensor(0.7831),tensor(0.5662)
248,248,tensor(0.7849),tensor(0.7827),tensor(0.5650)
249,249,tensor(0.7845),tensor(0.7823),tensor(0.5638)
250,250,tensor(0.7841),tensor(0.7819),tensor(0.5627)
251,251,tensor(0.7836),tensor(0.7816),tensor(0.5616)
252,252,tensor(0.7832),tensor(0.7812),tensor(0.5604)
253,253,tensor(0.7828),tensor(0.7808),tensor(0.5593)
254,254,tensor(0.7824),tensor(0.7804),tensor(0.5582)
255,255,tensor(0.7820),tensor(0.7800),tensor(0.5571)
256,256,tensor(0.7816),tensor(0.7796),tensor(0.5560)
257,257,tensor(0.7812),tensor(0.7793),tensor(0.5549)
258,258,tensor(0.7808),tensor(0.7789),tensor(0.5538)
259,259,tensor(0.7805),tensor(0.7785),tensor(0.5527)
260,260,tensor(0.7801),tensor(0.7781),tensor(0.5516)
261,261,tensor(0.7797),tensor(0.7778),tensor(0.5505)
262,262,tensor(0.7794),tensor(0.7774),tensor(0.5495)
263,263,tensor(0.7790),tensor(0.7771),tensor(0.5484)
264,264,tensor(0.7787),tensor(0.7767),tensor(0.5474)
265,265,tensor(0.7783),tensor(0.7763),tensor(0.5463)
266,266,tensor(0.7780),tensor(0.7760),tensor(0.5453)
267,267,tensor(0.7776),tensor(0.7756),tensor(0.5442)
268,268,tensor(0.7773),tensor(0.7753),tensor(0.5432)
269,269,tensor(0.7769),tensor(0.7749),tensor(0.5422)
270,270,tensor(0.7766),tensor(0.7746),tensor(0.5412)
271,271,tensor(0.7763),tensor(0.7742),tensor(0.5402)
272,272,tensor(0.7760),tensor(0.7739),tensor(0.5392)
273,273,tensor(0.7757),tensor(0.7736),tensor(0.5382)
274,274,tensor(0.7754),tensor(0.7732),tensor(0.5372)
275,275,tensor(0.7750),tensor(0.7729),tensor(0.5362)
276,276,tensor(0.7747),tensor(0.7725),tensor(0.5353)
277,277,tensor(0.7744),tensor(0.7722),tensor(0.5343)
278,278,tensor(0.7742),tensor(0.7719),tensor(0.5333)
279,279,tensor(0.7739),tensor(0.7716),tensor(0.5324)
280,280,tensor(0.7736),tensor(0.7712),tensor(0.5314)
281,281,tensor(0.7733),tensor(0.7709),tensor(0.5305)
282,282,tensor(0.7730),tensor(0.7706),tensor(0.5296)
283,283,tensor(0.7727),tensor(0.7703),tensor(0.5286)
284,284,tensor(0.7725),tensor(0.7700),tensor(0.5277)
285,285,tensor(0.7722),tensor(0.7696),tensor(0.5268)
286,286,tensor(0.7719),tensor(0.7693),tensor(0.5259)
287,287,tensor(0.7717),tensor(0.7690),tensor(0.5250)
288,288,tensor(0.7714),tensor(0.7687),tensor(0.5241)
289,289,tensor(0.7712),tensor(0.7684),tensor(0.5232)
290,290,tensor(0.7709),tensor(0.7681),tensor(0.5223)
291,291,tensor(0.7707),tensor(0.7678),tensor(0.5214)
292,292,tensor(0.7704),tensor(0.7675),tensor(0.5205)
293,293,tensor(0.7702),tensor(0.7672),tensor(0.5197)
294,294,tensor(0.7699),tensor(0.7669),tensor(0.5188)
295,295,tensor(0.7697),tensor(0.7666),tensor(0.5179)
296,296,tensor(0.7695),tensor(0.7663),tensor(0.5171)
297,297,tensor(0.7692),tensor(0.7660),tensor(0.5162)
298,298,tensor(0.7690),tensor(0.7657),tensor(0.5154)
299,299,tensor(0.7688),tensor(0.7654),tensor(0.5145)
300,300,tensor(0.7686),tensor(0.7652),tensor(0.5137)
301,301,tensor(0.7684),tensor(0.7649),tensor(0.5129)
302,302,tensor(0.7681),tensor(0.7646),tensor(0.5121)
303,303,tensor(0.7679),tensor(0.7643),tensor(0.5113)
304,304,tensor(0.7677),tensor(0.7640),tensor(0.5104)
305,305,tensor(0.7675),tensor(0.7638),tensor(0.5096)
306,306,tensor(0.7673),tensor(0.7635),tensor(0.5088)
307,307,tensor(0.7671),tensor(0.7632),tensor(0.5080)
308,308,tensor(0.7669),tensor(0.7629),tensor(0.5072)
309,309,tensor(0.7667),tensor(0.7627),tensor(0.5065)
310,310,tensor(0.7665),tensor(0.7624),tensor(0.5057)
311,311,tensor(0.7663),tensor(0.7621),tensor(0.5049)
312,312,tensor(0.7661),tensor(0.7619),tensor(0.5041)
313,313,tensor(0.7660),tensor(0.7616),tensor(0.5034)
314,314,tensor(0.7658),tensor(0.7613),tensor(0.5026)
315,315,tensor(0.7656),tensor(0.7611),tensor(0.5019)
316,316,tensor(0.7654),tensor(0.7608),tensor(0.5011)
317,317,tensor(0.7652),tensor(0.7606),tensor(0.5004)
318,318,tensor(0.7651),tensor(0.7603),tensor(0.4996)
319,319,tensor(0.7649),tensor(0.7601),tensor(0.4989)
320,320,tensor(0.7647),tensor(0.7598),tensor(0.4982)
321,321,tensor(0.7646),tensor(0.7596),tensor(0.4974)
322,322,tensor(0.7644),tensor(0.7593),tensor(0.4967)
323,323,tensor(0.7642),tensor(0.7591),tensor(0.4960)
324,324,tensor(0.7641),tensor(0.7588),tensor(0.4953)
325,325,tensor(0.7639),tensor(0.7586),tensor(0.4946)
326,326,tensor(0.7638),tensor(0.7583),tensor(0.4939)
327,327,tensor(0.7636),tensor(0.7581),tensor(0.4932)
328,328,tensor(0.7635),tensor(0.7579),tensor(0.4925)
329,329,tensor(0.7633),tensor(0.7576),tensor(0.4918)
330,330,tensor(0.7632),tensor(0.7574),tensor(0.4911)
331,331,tensor(0.7630),tensor(0.7572),tensor(0.4904)
332,332,tensor(0.7629),tensor(0.7569),tensor(0.4898)
333,333,tensor(0.7627),tensor(0.7567),tensor(0.4891)
334,334,tensor(0.7626),tensor(0.7565),tensor(0.4884)
335,335,tensor(0.7625),tensor(0.7562),tensor(0.4878)
336,336,tensor(0.7623),tensor(0.7560),tensor(0.4871)
337,337,tensor(0.7622),tensor(0.7558),tensor(0.4865)
338,338,tensor(0.7621),tensor(0.7556),tensor(0.4858)
339,339,tensor(0.7619),tensor(0.7553),tensor(0.4852)
340,340,tensor(0.7618),tensor(0.7551),tensor(0.4845)
341,341,tensor(0.7617),tensor(0.7549),tensor(0.4839)
342,342,tensor(0.7615),tensor(0.7547),tensor(0.4833)
343,343,tensor(0.7614),tensor(0.7545),tensor(0.4827)
344,344,tensor(0.7613),tensor(0.7543),tensor(0.4820)
345,345,tensor(0.7612),tensor(0.7540),tensor(0.4814)
346,346,tensor(0.7611),tensor(0.7538),tensor(0.4808)
347,347,tensor(0.7609),tensor(0.7536),tensor(0.4802)
348,348,tensor(0.7608),tensor(0.7534),tensor(0.4796)
349,349,tensor(0.7607),tensor(0.7532),tensor(0.4790)
350,350,tensor(0.7606),tensor(0.7530),tensor(0.4784)
351,351,tensor(0.7605),tensor(0.7528),tensor(0.4778)
352,352,tensor(0.7604),tensor(0.7526),tensor(0.4772)
353,353,tensor(0.7603),tensor(0.7524),tensor(0.4766)
354,354,tensor(0.7602),tensor(0.7522),tensor(0.4760)
355,355,tensor(0.7601),tensor(0.7520),tensor(0.4755)
356,356,tensor(0.7600),tensor(0.7518),tensor(0.4749)
357,357,tensor(0.7599),tensor(0.7516),tensor(0.4743)
358,358,tensor(0.7598),tensor(0.7514),tensor(0.4737)
359,359,tensor(0.7597),tensor(0.7512),tensor(0.4732)
360,360,tensor(0.7596),tensor(0.7510),tensor(0.4726)
361,361,tensor(0.7595),tensor(0.7508),tensor(0.4721)
362,362,tensor(0.7594),tensor(0.7506),tensor(0.4715)
363,363,tensor(0.7593),tensor(0.7504),tensor(0.4710)
364,364,tensor(0.7592),tensor(0.7503),tensor(0.4704)
365,365,tensor(0.7591),tensor(0.7501),tensor(0.4699)
366,366,tensor(0.7590),tensor(0.7499),tensor(0.4694)
367,367,tensor(0.7589),tensor(0.7497),tensor(0.4688)
368,368,tensor(0.7588),tensor(0.7495),tensor(0.4683)
369,369,tensor(0.7587),tensor(0.7493),tensor(0.4678)
370,370,tensor(0.7586),tensor(0.7492),tensor(0.4672)
371,371,tensor(0.7586),tensor(0.7490),tensor(0.4667)
372,372,tensor(0.7585),tensor(0.7488),tensor(0.4662)
373,373,tensor(0.7584),tensor(0.7486),tensor(0.4657)
374,374,tensor(0.7583),tensor(0.7485),tensor(0.4652)
375,375,tensor(0.7582),tensor(0.7483),tensor(0.4647)
376,376,tensor(0.7582),tensor(0.7481),tensor(0.4642)
377,377,tensor(0.7581),tensor(0.7479),tensor(0.4637)
378,378,tensor(0.7580),tensor(0.7478),tensor(0.4632)
379,379,tensor(0.7579),tensor(0.7476),tensor(0.4627)
380,380,tensor(0.7579),tensor(0.7474),tensor(0.4622)
381,381,tensor(0.7578),tensor(0.7473),tensor(0.4617)
382,382,tensor(0.7577),tensor(0.7471),tensor(0.4613)
383,383,tensor(0.7576),tensor(0.7469),tensor(0.4608)
384,384,tensor(0.7576),tensor(0.7468),tensor(0.4603)
385,385,tensor(0.7575),tensor(0.7466),tensor(0.4598)
386,386,tensor(0.7574),tensor(0.7464),tensor(0.4594)
387,387,tensor(0.7574),tensor(0.7463),tensor(0.4589)
388,388,tensor(0.7573),tensor(0.7461),tensor(0.4584)
389,389,tensor(0.7572),tensor(0.7460),tensor(0.4580)
390,390,tensor(0.7572),tensor(0.7458),tensor(0.4575)
391,391,tensor(0.7571),tensor(0.7456),tensor(0.4571)
392,392,tensor(0.7570),tensor(0.7455),tensor(0.4566)
393,393,tensor(0.7570),tensor(0.7453),tensor(0.4562)
394,394,tensor(0.7569),tensor(0.7452),tensor(0.4557)
395,395,tensor(0.7569),tensor(0.7450),tensor(0.4553)
396,396,tensor(0.7568),tensor(0.7449),tensor(0.4549)
397,397,tensor(0.7567),tensor(0.7447),tensor(0.4544)
398,398,tensor(0.7567),tensor(0.7446),tensor(0.4540)
399,399,tensor(0.7566),tensor(0.7444),tensor(0.4536)
400,400,tensor(0.7566),tensor(0.7443),tensor(0.4531)
401,401,tensor(0.7565),tensor(0.7441),tensor(0.4527)
402,402,tensor(0.7564),tensor(0.7440),tensor(0.4523)
403,403,tensor(0.7564),tensor(0.7438),tensor(0.4519)
404,404,tensor(0.7563),tensor(0.7437),tensor(0.4515)
405,405,tensor(0.7563),tensor(0.7436),tensor(0.4511)
406,406,tensor(0.7562),tensor(0.7434),tensor(0.4507)
407,407,tensor(0.7562),tensor(0.7433),tensor(0.4503)
408,408,tensor(0.7561),tensor(0.7431),tensor(0.4499)
409,409,tensor(0.7561),tensor(0.7430),tensor(0.4495)
410,410,tensor(0.7560),tensor(0.7429),tensor(0.4491)
411,411,tensor(0.7560),tensor(0.7427),tensor(0.4487)
412,412,tensor(0.7559),tensor(0.7426),tensor(0.4483)
413,413,tensor(0.7559),tensor(0.7425),tensor(0.4479)
414,414,tensor(0.7558),tensor(0.7423),tensor(0.4475)
415,415,tensor(0.7558),tensor(0.7422),tensor(0.4471)
416,416,tensor(0.7558),tensor(0.7421),tensor(0.4468)
417,417,tensor(0.7557),tensor(0.7419),tensor(0.4464)
418,418,tensor(0.7557),tensor(0.7418),tensor(0.4460)
419,419,tensor(0.7556),tensor(0.7417),tensor(0.4456)
420,420,tensor(0.7556),tensor(0.7415),tensor(0.4453)
421,421,tensor(0.7555),tensor(0.7414),tensor(0.4449)
422,422,tensor(0.7555),tensor(0.7413),tensor(0.4445)
423,423,tensor(0.7555),tensor(0.7412),tensor(0.4442)
424,424,tensor(0.7554),tensor(0.7410),tensor(0.4438)
425,425,tensor(0.7554),tensor(0.7409),tensor(0.4435)
426,426,tensor(0.7553),tensor(0.7408),tensor(0.4431)
427,427,tensor(0.7553),tensor(0.7407),tensor(0.4428)
428,428,tensor(0.7553),tensor(0.7406),tensor(0.4424)
429,429,tensor(0.7552),tensor(0.7404),tensor(0.4421)
430,430,tensor(0.7552),tensor(0.7403),tensor(0.4417)
431,431,tensor(0.7551),tensor(0.7402),tensor(0.4414)
432,432,tensor(0.7551),tensor(0.7401),tensor(0.4410)
433,433,tensor(0.7551),tensor(0.7400),tensor(0.4407)
434,434,tensor(0.7550),tensor(0.7398),tensor(0.4404)
435,435,tensor(0.7550),tensor(0.7397),tensor(0.4400)
436,436,tensor(0.7550),tensor(0.7396),tensor(0.4397)
437,437,tensor(0.7549),tensor(0.7395),tensor(0.4394)
438,438,tensor(0.7549),tensor(0.7394),tensor(0.4391)
439,439,tensor(0.7549),tensor(0.7393),tensor(0.4387)
440,440,tensor(0.7548),tensor(0.7392),tensor(0.4384)
441,441,tensor(0.7548),tensor(0.7391),tensor(0.4381)
442,442,tensor(0.7548),tensor(0.7389),tensor(0.4378)
443,443,tensor(0.7547),tensor(0.7388),tensor(0.4375)
444,444,tensor(0.7547),tensor(0.7387),tensor(0.4372)
445,445,tensor(0.7547),tensor(0.7386),tensor(0.4368)
446,446,tensor(0.7547),tensor(0.7385),tensor(0.4365)
447,447,tensor(0.7546),tensor(0.7384),tensor(0.4362)
448,448,tensor(0.7546),tensor(0.7383),tensor(0.4359)
449,449,tensor(0.7546),tensor(0.7382),tensor(0.4356)
450,450,tensor(0.7545),tensor(0.7381),tensor(0.4353)
451,451,tensor(0.7545),tensor(0.7380),tensor(0.4350)
452,452,tensor(0.7545),tensor(0.7379),tensor(0.4347)
453,453,tensor(0.7545),tensor(0.7378),tensor(0.4345)
454,454,tensor(0.7544),tensor(0.7377),tensor(0.4342)
455,455,tensor(0.7544),tensor(0.7376),tensor(0.4339)
456,456,tensor(0.7544),tensor(0.7375),tensor(0.4336)
457,457,tensor(0.7544),tensor(0.7374),tensor(0.4333)
458,458,tensor(0.7543),tensor(0.7373),tensor(0.4330)
459,459,tensor(0.7543),tensor(0.7372),tensor(0.4328)
460,460,tensor(0.7543),tensor(0.7371),tensor(0.4325)
461,461,tensor(0.7543),tensor(0.7370),tensor(0.4322)
462,462,tensor(0.7542),tensor(0.7369),tensor(0.4319)
463,463,tensor(0.7542),tensor(0.7368),tensor(0.4317)
464,464,tensor(0.7542),tensor(0.7367),tensor(0.4314)
465,465,tensor(0.7542),tensor(0.7366),tensor(0.4311)
466,466,tensor(0.7541),tensor(0.7365),tensor(0.4309)
467,467,tensor(0.7541),tensor(0.7364),tensor(0.4306)
468,468,tensor(0.7541),tensor(0.7363),tensor(0.4303)
469,469,tensor(0.7541),tensor(0.7363),tensor(0.4301)
470,470,tensor(0.7540),tensor(0.7362),tensor(0.4298)
471,471,tensor(0.7540),tensor(0.7361),tensor(0.4296)
472,472,tensor(0.7540),tensor(0.7360),tensor(0.4293)
473,473,tensor(0.7540),tensor(0.7359),tensor(0.4291)
474,474,tensor(0.7540),tensor(0.7358),tensor(0.4288)
475,475,tensor(0.7539),tensor(0.7357),tensor(0.4286)
476,476,tensor(0.7539),tensor(0.7356),tensor(0.4283)
477,477,tensor(0.7539),tensor(0.7355),tensor(0.4281)
478,478,tensor(0.7539),tensor(0.7355),tensor(0.4278)
479,479,tensor(0.7539),tensor(0.7354),tensor(0.4276)
480,480,tensor(0.7539),tensor(0.7353),tensor(0.4273)
481,481,tensor(0.7538),tensor(0.7352),tensor(0.4271)
482,482,tensor(0.7538),tensor(0.7351),tensor(0.4269)
483,483,tensor(0.7538),tensor(0.7350),tensor(0.4266)
484,484,tensor(0.7538),tensor(0.7350),tensor(0.4264)
485,485,tensor(0.7538),tensor(0.7349),tensor(0.4262)
486,486,tensor(0.7537),tensor(0.7348),tensor(0.4259)
487,487,tensor(0.7537),tensor(0.7347),tensor(0.4257)
488,488,tensor(0.7537),tensor(0.7346),tensor(0.4255)
489,489,tensor(0.7537),tensor(0.7346),tensor(0.4253)
490,490,tensor(0.7537),tensor(0.7345),tensor(0.4251)
491,491,tensor(0.7537),tensor(0.7344),tensor(0.4248)
492,492,tensor(0.7537),tensor(0.7343),tensor(0.4246)
493,493,tensor(0.7536),tensor(0.7343),tensor(0.4244)
494,494,tensor(0.7536),tensor(0.7342),tensor(0.4242)
495,495,tensor(0.7536),tensor(0.7341),tensor(0.4240)
496,496,tensor(0.7536),tensor(0.7340),tensor(0.4238)
497,497,tensor(0.7536),tensor(0.7340),tensor(0.4235)
498,498,tensor(0.7536),tensor(0.7339),tensor(0.4233)
499,499,tensor(0.7535),tensor(0.7338),tensor(0.4231)
500,500,tensor(0.7535),tensor(0.7337),tensor(0.4229)
501,501,tensor(0.7535),tensor(0.7337),tensor(0.4227)
502,502,tensor(0.7535),tensor(0.7336),tensor(0.4225)
503,503,tensor(0.7535),tensor(0.7335),tensor(0.4223)
504,504,tensor(0.7535),tensor(0.7335),tensor(0.4221)
505,505,tensor(0.7535),tensor(0.7334),tensor(0.4219)
506,506,tensor(0.7535),tensor(0.7333),tensor(0.4217)
507,507,tensor(0.7534),tensor(0.7332),tensor(0.4215)
508,508,tensor(0.7534),tensor(0.7332),tensor(0.4213)
509,509,tensor(0.7534),tensor(0.7331),tensor(0.4211)
510,510,tensor(0.7534),tensor(0.7330),tensor(0.4209)
511,511,tensor(0.7534),tensor(0.7330),tensor(0.4208)
512,512,tensor(0.7534),tensor(0.7329),tensor(0.4206)
513,513,tensor(0.7534),tensor(0.7328),tensor(0.4204)
514,514,tensor(0.7534),tensor(0.7328),tensor(0.4202)
515,515,tensor(0.7533),tensor(0.7327),tensor(0.4200)
516,516,tensor(0.7533),tensor(0.7326),tensor(0.4198)
517,517,tensor(0.7533),tensor(0.7326),tensor(0.4197)
518,518,tensor(0.7533),tensor(0.7325),tensor(0.4195)
519,519,tensor(0.7533),tensor(0.7325),tensor(0.4193)
520,520,tensor(0.7533),tensor(0.7324),tensor(0.4191)
521,521,tensor(0.7533),tensor(0.7323),tensor(0.4189)
522,522,tensor(0.7533),tensor(0.7323),tensor(0.4188)
523,523,tensor(0.7533),tensor(0.7322),tensor(0.4186)
524,524,tensor(0.7533),tensor(0.7321),tensor(0.4184)
525,525,tensor(0.7532),tensor(0.7321),tensor(0.4183)
526,526,tensor(0.7532),tensor(0.7320),tensor(0.4181)
527,527,tensor(0.7532),tensor(0.7320),tensor(0.4179)
528,528,tensor(0.7532),tensor(0.7319),tensor(0.4178)
529,529,tensor(0.7532),tensor(0.7319),tensor(0.4176)
530,530,tensor(0.7532),tensor(0.7318),tensor(0.4174)
531,531,tensor(0.7532),tensor(0.7317),tensor(0.4173)
532,532,tensor(0.7532),tensor(0.7317),tensor(0.4171)
533,533,tensor(0.7532),tensor(0.7316),tensor(0.4169)
534,534,tensor(0.7532),tensor(0.7316),tensor(0.4168)
535,535,tensor(0.7532),tensor(0.7315),tensor(0.4166)
536,536,tensor(0.7531),tensor(0.7315),tensor(0.4165)
537,537,tensor(0.7531),tensor(0.7314),tensor(0.4163)
538,538,tensor(0.7531),tensor(0.7313),tensor(0.4162)
539,539,tensor(0.7531),tensor(0.7313),tensor(0.4160)
540,540,tensor(0.7531),tensor(0.7312),tensor(0.4159)
541,541,tensor(0.7531),tensor(0.7312),tensor(0.4157)
542,542,tensor(0.7531),tensor(0.7311),tensor(0.4156)
543,543,tensor(0.7531),tensor(0.7311),tensor(0.4154)
544,544,tensor(0.7531),tensor(0.7310),tensor(0.4153)
545,545,tensor(0.7531),tensor(0.7310),tensor(0.4151)
546,546,tensor(0.7531),tensor(0.7309),tensor(0.4150)
547,547,tensor(0.7531),tensor(0.7309),tensor(0.4148)
548,548,tensor(0.7531),tensor(0.7308),tensor(0.4147)
549,549,tensor(0.7530),tensor(0.7308),tensor(0.4145)
550,550,tensor(0.7530),tensor(0.7307),tensor(0.4144)
551,551,tensor(0.7530),tensor(0.7307),tensor(0.4143)
552,552,tensor(0.7530),tensor(0.7306),tensor(0.4141)
553,553,tensor(0.7530),tensor(0.7306),tensor(0.4140)
554,554,tensor(0.7530),tensor(0.7305),tensor(0.4139)
555,555,tensor(0.7530),tensor(0.7305),tensor(0.4137)
556,556,tensor(0.7530),tensor(0.7304),tensor(0.4136)
557,557,tensor(0.7530),tensor(0.7304),tensor(0.4135)
558,558,tensor(0.7530),tensor(0.7303),tensor(0.4133)
559,559,tensor(0.7530),tensor(0.7303),tensor(0.4132)
560,560,tensor(0.7530),tensor(0.7302),tensor(0.4131)
561,561,tensor(0.7530),tensor(0.7302),tensor(0.4129)
562,562,tensor(0.7530),tensor(0.7301),tensor(0.4128)
563,563,tensor(0.7530),tensor(0.7301),tensor(0.4127)
564,564,tensor(0.7529),tensor(0.7301),tensor(0.4126)
565,565,tensor(0.7529),tensor(0.7300),tensor(0.4124)
566,566,tensor(0.7529),tensor(0.7300),tensor(0.4123)
567,567,tensor(0.7529),tensor(0.7299),tensor(0.4122)
568,568,tensor(0.7529),tensor(0.7299),tensor(0.4121)
569,569,tensor(0.7529),tensor(0.7298),tensor(0.4119)
570,570,tensor(0.7529),tensor(0.7298),tensor(0.4118)
571,571,tensor(0.7529),tensor(0.7297),tensor(0.4117)
572,572,tensor(0.7529),tensor(0.7297),tensor(0.4116)
573,573,tensor(0.7529),tensor(0.7297),tensor(0.4115)
574,574,tensor(0.7529),tensor(0.7296),tensor(0.4114)
575,575,tensor(0.7529),tensor(0.7296),tensor(0.4112)
576,576,tensor(0.7529),tensor(0.7295),tensor(0.4111)
577,577,tensor(0.7529),tensor(0.7295),tensor(0.4110)
578,578,tensor(0.7529),tensor(0.7295),tensor(0.4109)
579,579,tensor(0.7529),tensor(0.7294),tensor(0.4108)
580,580,tensor(0.7529),tensor(0.7294),tensor(0.4107)
581,581,tensor(0.7529),tensor(0.7293),tensor(0.4106)
582,582,tensor(0.7529),tensor(0.7293),tensor(0.4105)
583,583,tensor(0.7529),tensor(0.7293),tensor(0.4104)
584,584,tensor(0.7528),tensor(0.7292),tensor(0.4102)
585,585,tensor(0.7528),tensor(0.7292),tensor(0.4101)
586,586,tensor(0.7528),tensor(0.7291),tensor(0.4100)
587,587,tensor(0.7528),tensor(0.7291),tensor(0.4099)
588,588,tensor(0.7528),tensor(0.7291),tensor(0.4098)
589,589,tensor(0.7528),tensor(0.7290),tensor(0.4097)
590,590,tensor(0.7528),tensor(0.7290),tensor(0.4096)
591,591,tensor(0.7528),tensor(0.7290),tensor(0.4095)
592,592,tensor(0.7528),tensor(0.7289),tensor(0.4094)
593,593,tensor(0.7528),tensor(0.7289),tensor(0.4093)
594,594,tensor(0.7528),tensor(0.7288),tensor(0.4092)
595,595,tensor(0.7528),tensor(0.7288),tensor(0.4091)
596,596,tensor(0.7528),tensor(0.7288),tensor(0.4090)
597,597,tensor(0.7528),tensor(0.7287),tensor(0.4089)
598,598,tensor(0.7528),tensor(0.7287),tensor(0.4088)
599,599,tensor(0.7528),tensor(0.7287),tensor(0.4087)
600,600,tensor(0.7528),tensor(0.7286),tensor(0.4086)
601,601,tensor(0.7528),tensor(0.7286),tensor(0.4086)
602,602,tensor(0.7528),tensor(0.7286),tensor(0.4085)
603,603,tensor(0.7528),tensor(0.7285),tensor(0.4084)
604,604,tensor(0.7528),tensor(0.7285),tensor(0.4083)
605,605,tensor(0.7528),tensor(0.7285),tensor(0.4082)
606,606,tensor(0.7528),tensor(0.7284),tensor(0.4081)
607,607,tensor(0.7528),tensor(0.7284),tensor(0.4080)
608,608,tensor(0.7528),tensor(0.7284),tensor(0.4079)
609,609,tensor(0.7528),tensor(0.7283),tensor(0.4078)
610,610,tensor(0.7528),tensor(0.7283),tensor(0.4078)
611,611,tensor(0.7528),tensor(0.7283),tensor(0.4077)
612,612,tensor(0.7527),tensor(0.7283),tensor(0.4076)
613,613,tensor(0.7527),tensor(0.7282),tensor(0.4075)
614,614,tensor(0.7527),tensor(0.7282),tensor(0.4074)
615,615,tensor(0.7527),tensor(0.7282),tensor(0.4073)
616,616,tensor(0.7527),tensor(0.7281),tensor(0.4073)
617,617,tensor(0.7527),tensor(0.7281),tensor(0.4072)
618,618,tensor(0.7527),tensor(0.7281),tensor(0.4071)
619,619,tensor(0.7527),tensor(0.7280),tensor(0.4070)
620,620,tensor(0.7527),tensor(0.7280),tensor(0.4069)
621,621,tensor(0.7527),tensor(0.7280),tensor(0.4069)
622,622,tensor(0.7527),tensor(0.7280),tensor(0.4068)
623,623,tensor(0.7527),tensor(0.7279),tensor(0.4067)
624,624,tensor(0.7527),tensor(0.7279),tensor(0.4066)
625,625,tensor(0.7527),tensor(0.7279),tensor(0.4065)
626,626,tensor(0.7527),tensor(0.7278),tensor(0.4065)
627,627,tensor(0.7527),tensor(0.7278),tensor(0.4064)
628,628,tensor(0.7527),tensor(0.7278),tensor(0.4063)
629,629,tensor(0.7527),tensor(0.7278),tensor(0.4062)
630,630,tensor(0.7527),tensor(0.7277),tensor(0.4062)
631,631,tensor(0.7527),tensor(0.7277),tensor(0.4061)
632,632,tensor(0.7527),tensor(0.7277),tensor(0.4060)
633,633,tensor(0.7527),tensor(0.7277),tensor(0.4060)
634,634,tensor(0.7527),tensor(0.7276),tensor(0.4059)
635,635,tensor(0.7527),tensor(0.7276),tensor(0.4058)
636,636,tensor(0.7527),tensor(0.7276),tensor(0.4058)
637,637,tensor(0.7527),tensor(0.7275),tensor(0.4057)
638,638,tensor(0.7527),tensor(0.7275),tensor(0.4056)
639,639,tensor(0.7527),tensor(0.7275),tensor(0.4055)
640,640,tensor(0.7527),tensor(0.7275),tensor(0.4055)
641,641,tensor(0.7527),tensor(0.7274),tensor(0.4054)
642,642,tensor(0.7527),tensor(0.7274),tensor(0.4053)
643,643,tensor(0.7527),tensor(0.7274),tensor(0.4053)
644,644,tensor(0.7527),tensor(0.7274),tensor(0.4052)
645,645,tensor(0.7527),tensor(0.7273),tensor(0.4052)
646,646,tensor(0.7527),tensor(0.7273),tensor(0.4051)
647,647,tensor(0.7527),tensor(0.7273),tensor(0.4050)
648,648,tensor(0.7527),tensor(0.7273),tensor(0.4050)
649,649,tensor(0.7527),tensor(0.7273),tensor(0.4049)
650,650,tensor(0.7527),tensor(0.7272),tensor(0.4048)
651,651,tensor(0.7527),tensor(0.7272),tensor(0.4048)
652,652,tensor(0.7527),tensor(0.7272),tensor(0.4047)
653,653,tensor(0.7527),tensor(0.7272),tensor(0.4047)
654,654,tensor(0.7526),tensor(0.7271),tensor(0.4046)
655,655,tensor(0.7526),tensor(0.7271),tensor(0.4045)
656,656,tensor(0.7526),tensor(0.7271),tensor(0.4045)
657,657,tensor(0.7526),tensor(0.7271),tensor(0.4044)
658,658,tensor(0.7526),tensor(0.7271),tensor(0.4044)
659,659,tensor(0.7526),tensor(0.7270),tensor(0.4043)
660,660,tensor(0.7526),tensor(0.7270),tensor(0.4043)
661,661,tensor(0.7526),tensor(0.7270),tensor(0.4042)
662,662,tensor(0.7526),tensor(0.7270),tensor(0.4041)
663,663,tensor(0.7526),tensor(0.7269),tensor(0.4041)
664,664,tensor(0.7526),tensor(0.7269),tensor(0.4040)
665,665,tensor(0.7526),tensor(0.7269),tensor(0.4040)
666,666,tensor(0.7526),tensor(0.7269),tensor(0.4039)
667,667,tensor(0.7526),tensor(0.7269),tensor(0.4039)
668,668,tensor(0.7526),tensor(0.7268),tensor(0.4038)
669,669,tensor(0.7526),tensor(0.7268),tensor(0.4038)
670,670,tensor(0.7526),tensor(0.7268),tensor(0.4037)
671,671,tensor(0.7526),tensor(0.7268),tensor(0.4037)
672,672,tensor(0.7526),tensor(0.7268),tensor(0.4036)
673,673,tensor(0.7526),tensor(0.7268),tensor(0.4036)
674,674,tensor(0.7526),tensor(0.7267),tensor(0.4035)
675,675,tensor(0.7526),tensor(0.7267),tensor(0.4035)
676,676,tensor(0.7526),tensor(0.7267),tensor(0.4034)
677,677,tensor(0.7526),tensor(0.7267),tensor(0.4034)
678,678,tensor(0.7526),tensor(0.7267),tensor(0.4033)
679,679,tensor(0.7526),tensor(0.7266),tensor(0.4033)
680,680,tensor(0.7526),tensor(0.7266),tensor(0.4032)
681,681,tensor(0.7526),tensor(0.7266),tensor(0.4032)
682,682,tensor(0.7526),tensor(0.7266),tensor(0.4031)
683,683,tensor(0.7526),tensor(0.7266),tensor(0.4031)
684,684,tensor(0.7526),tensor(0.7266),tensor(0.4031)
685,685,tensor(0.7526),tensor(0.7265),tensor(0.4030)
686,686,tensor(0.7526),tensor(0.7265),tensor(0.4030)
687,687,tensor(0.7526),tensor(0.7265),tensor(0.4029)
688,688,tensor(0.7526),tensor(0.7265),tensor(0.4029)
689,689,tensor(0.7526),tensor(0.7265),tensor(0.4028)
690,690,tensor(0.7526),tensor(0.7265),tensor(0.4028)
691,691,tensor(0.7526),tensor(0.7264),tensor(0.4027)
692,692,tensor(0.7526),tensor(0.7264),tensor(0.4027)
693,693,tensor(0.7526),tensor(0.7264),tensor(0.4027)
694,694,tensor(0.7526),tensor(0.7264),tensor(0.4026)
695,695,tensor(0.7526),tensor(0.7264),tensor(0.4026)
696,696,tensor(0.7526),tensor(0.7264),tensor(0.4025)
697,697,tensor(0.7526),tensor(0.7263),tensor(0.4025)
698,698,tensor(0.7526),tensor(0.7263),tensor(0.4025)
699,699,tensor(0.7526),tensor(0.7263),tensor(0.4024)
700,700,tensor(0.7526),tensor(0.7263),tensor(0.4024)
701,701,tensor(0.7526),tensor(0.7263),tensor(0.4023)
702,702,tensor(0.7526),tensor(0.7263),tensor(0.4023)
703,703,tensor(0.7526),tensor(0.7262),tensor(0.4023)
704,704,tensor(0.7526),tensor(0.7262),tensor(0.4022)
705,705,tensor(0.7526),tensor(0.7262),tensor(0.4022)
706,706,tensor(0.7526),tensor(0.7262),tensor(0.4022)
707,707,tensor(0.7526),tensor(0.7262),tensor(0.4021)
708,708,tensor(0.7526),tensor(0.7262),tensor(0.4021)
709,709,tensor(0.7526),tensor(0.7262),tensor(0.4020)
710,710,tensor(0.7526),tensor(0.7261),tensor(0.4020)
711,711,tensor(0.7526),tensor(0.7261),tensor(0.4020)
712,712,tensor(0.7526),tensor(0.7261),tensor(0.4019)
713,713,tensor(0.7526),tensor(0.7261),tensor(0.4019)
714,714,tensor(0.7526),tensor(0.7261),tensor(0.4019)
715,715,tensor(0.7526),tensor(0.7261),tensor(0.4018)
716,716,tensor(0.7526),tensor(0.7261),tensor(0.4018)
717,717,tensor(0.7526),tensor(0.7261),tensor(0.4018)
718,718,tensor(0.7526),tensor(0.7260),tensor(0.4017)
719,719,tensor(0.7526),tensor(0.7260),tensor(0.4017)
720,720,tensor(0.7526),tensor(0.7260),tensor(0.4017)
721,721,tensor(0.7526),tensor(0.7260),tensor(0.4016)
722,722,tensor(0.7526),tensor(0.7260),tensor(0.4016)
723,723,tensor(0.7526),tensor(0.7260),tensor(0.4016)
724,724,tensor(0.7526),tensor(0.7260),tensor(0.4016)
725,725,tensor(0.7526),tensor(0.7259),tensor(0.4015)
726,726,tensor(0.7526),tensor(0.7259),tensor(0.4015)
727,727,tensor(0.7526),tensor(0.7259),tensor(0.4015)
728,728,tensor(0.7526),tensor(0.7259),tensor(0.4014)
729,729,tensor(0.7526),tensor(0.7259),tensor(0.4014)
730,730,tensor(0.7526),tensor(0.7259),tensor(0.4014)
731,731,tensor(0.7526),tensor(0.7259),tensor(0.4013)
732,732,tensor(0.7526),tensor(0.7259),tensor(0.4013)
733,733,tensor(0.7526),tensor(0.7259),tensor(0.4013)
734,734,tensor(0.7526),tensor(0.7258),tensor(0.4013)
735,735,tensor(0.7526),tensor(0.7258),tensor(0.4012)
736,736,tensor(0.7526),tensor(0.7258),tensor(0.4012)
737,737,tensor(0.7525),tensor(0.7258),tensor(0.4012)
738,738,tensor(0.7525),tensor(0.7258),tensor(0.4011)
739,739,tensor(0.7525),tensor(0.7258),tensor(0.4011)
740,740,tensor(0.7525),tensor(0.7258),tensor(0.4011)
741,741,tensor(0.7525),tensor(0.7258),tensor(0.4011)
742,742,tensor(0.7525),tensor(0.7258),tensor(0.4010)
743,743,tensor(0.7525),tensor(0.7257),tensor(0.4010)
744,744,tensor(0.7525),tensor(0.7257),tensor(0.4010)
745,745,tensor(0.7525),tensor(0.7257),tensor(0.4010)
746,746,tensor(0.7525),tensor(0.7257),tensor(0.4009)
747,747,tensor(0.7525),tensor(0.7257),tensor(0.4009)
748,748,tensor(0.7525),tensor(0.7257),tensor(0.4009)
749,749,tensor(0.7525),tensor(0.7257),tensor(0.4009)
750,750,tensor(0.7525),tensor(0.7257),tensor(0.4008)
751,751,tensor(0.7525),tensor(0.7257),tensor(0.4008)
752,752,tensor(0.7525),tensor(0.7257),tensor(0.4008)
753,753,tensor(0.7525),tensor(0.7256),tensor(0.4008)
754,754,tensor(0.7525),tensor(0.7256),tensor(0.4008)
755,755,tensor(0.7525),tensor(0.7256),tensor(0.4007)
756,756,tensor(0.7525),tensor(0.7256),tensor(0.4007)
757,757,tensor(0.7525),tensor(0.7256),tensor(0.4007)
758,758,tensor(0.7525),tensor(0.7256),tensor(0.4007)
759,759,tensor(0.7525),tensor(0.7256),tensor(0.4006)
760,760,tensor(0.7525),tensor(0.7256),tensor(0.4006)
761,761,tensor(0.7525),tensor(0.7256),tensor(0.4006)
762,762,tensor(0.7525),tensor(0.7256),tensor(0.4006)
763,763,tensor(0.7525),tensor(0.7255),tensor(0.4006)
764,764,tensor(0.7525),tensor(0.7255),tensor(0.4005)
765,765,tensor(0.7525),tensor(0.7255),tensor(0.4005)
766,766,tensor(0.7525),tensor(0.7255),tensor(0.4005)
767,767,tensor(0.7525),tensor(0.7255),tensor(0.4005)
768,768,tensor(0.7525),tensor(0.7255),tensor(0.4005)
769,769,tensor(0.7525),tensor(0.7255),tensor(0.4004)
770,770,tensor(0.7525),tensor(0.7255),tensor(0.4004)
771,771,tensor(0.7525),tensor(0.7255),tensor(0.4004)
772,772,tensor(0.7525),tensor(0.7255),tensor(0.4004)
773,773,tensor(0.7525),tensor(0.7255),tensor(0.4004)
774,774,tensor(0.7525),tensor(0.7255),tensor(0.4003)
775,775,tensor(0.7525),tensor(0.7254),tensor(0.4003)
776,776,tensor(0.7525),tensor(0.7254),tensor(0.4003)
777,777,tensor(0.7525),tensor(0.7254),tensor(0.4003)
778,778,tensor(0.7525),tensor(0.7254),tensor(0.4003)
779,779,tensor(0.7525),tensor(0.7254),tensor(0.4003)
780,780,tensor(0.7525),tensor(0.7254),tensor(0.4002)
781,781,tensor(0.7525),tensor(0.7254),tensor(0.4002)
782,782,tensor(0.7525),tensor(0.7254),tensor(0.4002)
783,783,tensor(0.7525),tensor(0.7254),tensor(0.4002)
784,784,tensor(0.7525),tensor(0.7254),tensor(0.4002)
785,785,tensor(0.7525),tensor(0.7254),tensor(0.4002)
786,786,tensor(0.7525),tensor(0.7254),tensor(0.4001)
787,787,tensor(0.7525),tensor(0.7254),tensor(0.4001)
788,788,tensor(0.7525),tensor(0.7254),tensor(0.4001)
789,789,tensor(0.7525),tensor(0.7253),tensor(0.4001)
790,790,tensor(0.7525),tensor(0.7253),tensor(0.4001)
791,791,tensor(0.7525),tensor(0.7253),tensor(0.4001)
792,792,tensor(0.7525),tensor(0.7253),tensor(0.4000)
793,793,tensor(0.7525),tensor(0.7253),tensor(0.4000)
794,794,tensor(0.7525),tensor(0.7253),tensor(0.4000)
795,795,tensor(0.7525),tensor(0.7253),tensor(0.4000)
796,796,tensor(0.7525),tensor(0.7253),tensor(0.4000)
797,797,tensor(0.7525),tensor(0.7253),tensor(0.4000)
798,798,tensor(0.7525),tensor(0.7253),tensor(0.4000)
799,799,tensor(0.7525),tensor(0.7253),tensor(0.3999)
800,800,tensor(0.7525),tensor(0.7253),tensor(0.3999)
801,801,tensor(0.7525),tensor(0.7253),tensor(0.3999)
802,802,tensor(0.7525),tensor(0.7253),tensor(0.3999)
803,803,tensor(0.7525),tensor(0.7253),tensor(0.3999)
804,804,tensor(0.7525),tensor(0.7252),tensor(0.3999)
805,805,tensor(0.7525),tensor(0.7252),tensor(0.3999)
806,806,tensor(0.7525),tensor(0.7252),tensor(0.3998)
807,807,tensor(0.7525),tensor(0.7252),tensor(0.3998)
808,808,tensor(0.7525),tensor(0.7252),tensor(0.3998)
809,809,tensor(0.7525),tensor(0.7252),tensor(0.3998)
810,810,tensor(0.7525),tensor(0.7252),tensor(0.3998)
811,811,tensor(0.7525),tensor(0.7252),tensor(0.3998)
812,812,tensor(0.7525),tensor(0.7252),tensor(0.3998)
813,813,tensor(0.7525),tensor(0.7252),tensor(0.3998)
814,814,tensor(0.7525),tensor(0.7252),tensor(0.3997)
815,815,tensor(0.7525),tensor(0.7252),tensor(0.3997)
816,816,tensor(0.7525),tensor(0.7252),tensor(0.3997)
817,817,tensor(0.7525),tensor(0.7252),tensor(0.3997)
818,818,tensor(0.7525),tensor(0.7252),tensor(0.3997)
819,819,tensor(0.7525),tensor(0.7252),tensor(0.3997)
820,820,tensor(0.7525),tensor(0.7252),tensor(0.3997)
821,821,tensor(0.7525),tensor(0.7251),tensor(0.3997)
822,822,tensor(0.7525),tensor(0.7251),tensor(0.3997)
823,823,tensor(0.7525),tensor(0.7251),tensor(0.3996)
824,824,tensor(0.7525),tensor(0.7251),tensor(0.3996)
825,825,tensor(0.7525),tensor(0.7251),tensor(0.3996)
826,826,tensor(0.7525),tensor(0.7251),tensor(0.3996)
827,827,tensor(0.7525),tensor(0.7251),tensor(0.3996)
828,828,tensor(0.7525),tensor(0.7251),tensor(0.3996)
829,829,tensor(0.7525),tensor(0.7251),tensor(0.3996)
830,830,tensor(0.7525),tensor(0.7251),tensor(0.3996)
831,831,tensor(0.7525),tensor(0.7251),tensor(0.3996)
832,832,tensor(0.7525),tensor(0.7251),tensor(0.3996)
833,833,tensor(0.7525),tensor(0.7251),tensor(0.3996)
834,834,tensor(0.7525),tensor(0.7251),tensor(0.3995)
835,835,tensor(0.7525),tensor(0.7251),tensor(0.3995)
836,836,tensor(0.7525),tensor(0.7251),tensor(0.3995)
837,837,tensor(0.7525),tensor(0.7251),tensor(0.3995)
838,838,tensor(0.7525),tensor(0.7251),tensor(0.3995)
839,839,tensor(0.7525),tensor(0.7251),tensor(0.3995)
840,840,tensor(0.7525),tensor(0.7251),tensor(0.3995)
841,841,tensor(0.7525),tensor(0.7251),tensor(0.3995)
842,842,tensor(0.7525),tensor(0.7250),tensor(0.3995)
843,843,tensor(0.7525),tensor(0.7250),tensor(0.3995)
844,844,tensor(0.7525),tensor(0.7250),tensor(0.3995)
845,845,tensor(0.7525),tensor(0.7250),tensor(0.3994)
846,846,tensor(0.7525),tensor(0.7250),tensor(0.3994)
847,847,tensor(0.7525),tensor(0.7250),tensor(0.3994)
848,848,tensor(0.7525),tensor(0.7250),tensor(0.3994)
849,849,tensor(0.7525),tensor(0.7250),tensor(0.3994)
850,850,tensor(0.7525),tensor(0.7250),tensor(0.3994)
851,851,tensor(0.7525),tensor(0.7250),tensor(0.3994)
852,852,tensor(0.7525),tensor(0.7250),tensor(0.3994)
853,853,tensor(0.7525),tensor(0.7250),tensor(0.3994)
854,854,tensor(0.7525),tensor(0.7250),tensor(0.3994)
855,855,tensor(0.7525),tensor(0.7250),tensor(0.3994)
856,856,tensor(0.7525),tensor(0.7250),tensor(0.3994)
857,857,tensor(0.7525),tensor(0.7250),tensor(0.3994)
858,858,tensor(0.7525),tensor(0.7250),tensor(0.3994)
859,859,tensor(0.7525),tensor(0.7250),tensor(0.3994)
860,860,tensor(0.7525),tensor(0.7250),tensor(0.3993)
861,861,tensor(0.7525),tensor(0.7250),tensor(0.3993)
862,862,tensor(0.7525),tensor(0.7250),tensor(0.3993)
863,863,tensor(0.7525),tensor(0.7250),tensor(0.3993)
864,864,tensor(0.7525),tensor(0.7250),tensor(0.3993)
865,865,tensor(0.7525),tensor(0.7250),tensor(0.3993)
866,866,tensor(0.7525),tensor(0.7250),tensor(0.3993)
867,867,tensor(0.7525),tensor(0.7250),tensor(0.3993)
868,868,tensor(0.7525),tensor(0.7249),tensor(0.3993)
869,869,tensor(0.7525),tensor(0.7249),tensor(0.3993)
870,870,tensor(0.7525),tensor(0.7249),tensor(0.3993)
871,871,tensor(0.7525),tensor(0.7249),tensor(0.3993)
872,872,tensor(0.7525),tensor(0.7249),tensor(0.3993)
873,873,tensor(0.7525),tensor(0.7249),tensor(0.3993)
874,874,tensor(0.7525),tensor(0.7249),tensor(0.3993)
875,875,tensor(0.7525),tensor(0.7249),tensor(0.3993)
876,876,tensor(0.7525),tensor(0.7249),tensor(0.3993)
877,877,tensor(0.7525),tensor(0.7249),tensor(0.3993)
878,878,tensor(0.7525),tensor(0.7249),tensor(0.3992)
879,879,tensor(0.7525),tensor(0.7249),tensor(0.3992)
880,880,tensor(0.7525),tensor(0.7249),tensor(0.3992)
881,881,tensor(0.7525),tensor(0.7249),tensor(0.3992)
882,882,tensor(0.7525),tensor(0.7249),tensor(0.3992)
883,883,tensor(0.7525),tensor(0.7249),tensor(0.3992)
884,884,tensor(0.7525),tensor(0.7249),tensor(0.3992)
885,885,tensor(0.7525),tensor(0.7249),tensor(0.3992)
886,886,tensor(0.7525),tensor(0.7249),tensor(0.3992)
887,887,tensor(0.7525),tensor(0.7249),tensor(0.3992)
888,888,tensor(0.7525),tensor(0.7249),tensor(0.3992)
889,889,tensor(0.7525),tensor(0.7249),tensor(0.3992)
890,890,tensor(0.7525),tensor(0.7249),tensor(0.3992)
891,891,tensor(0.7525),tensor(0.7249),tensor(0.3992)
892,892,tensor(0.7525),tensor(0.7249),tensor(0.3992)
893,893,tensor(0.7525),tensor(0.7249),tensor(0.3992)
894,894,tensor(0.7525),tensor(0.7249),tensor(0.3992)
895,895,tensor(0.7525),tensor(0.7249),tensor(0.3992)
896,896,tensor(0.7525),tensor(0.7249),tensor(0.3992)
897,897,tensor(0.7525),tensor(0.7249),tensor(0.3992)
898,898,tensor(0.7525),tensor(0.7249),tensor(0.3992)
899,899,tensor(0.7525),tensor(0.7249),tensor(0.3992)
900,900,tensor(0.7525),tensor(0.7249),tensor(0.3992)
901,901,tensor(0.7525),tensor(0.7249),tensor(0.3992)
902,902,tensor(0.7525),tensor(0.7248),tensor(0.3992)
903,903,tensor(0.7525),tensor(0.7248),tensor(0.3992)
904,904,tensor(0.7525),tensor(0.7248),tensor(0.3991)
905,905,tensor(0.7525),tensor(0.7248),tensor(0.3991)
906,906,tensor(0.7525),tensor(0.7248),tensor(0.3991)
907,907,tensor(0.7525),tensor(0.7248),tensor(0.3991)
908,908,tensor(0.7525),tensor(0.7248),tensor(0.3991)
909,909,tensor(0.7525),tensor(0.7248),tensor(0.3991)
910,910,tensor(0.7525),tensor(0.7248),tensor(0.3991)
911,911,tensor(0.7525),tensor(0.7248),tensor(0.3991)
912,912,tensor(0.7525),tensor(0.7248),tensor(0.3991)
913,913,tensor(0.7525),tensor(0.7248),tensor(0.3991)
914,914,tensor(0.7525),tensor(0.7248),tensor(0.3991)
915,915,tensor(0.7525),tensor(0.7248),tensor(0.3991)
916,916,tensor(0.7525),tensor(0.7248),tensor(0.3991)
917,917,tensor(0.7525),tensor(0.7248),tensor(0.3991)
918,918,tensor(0.7525),tensor(0.7248),tensor(0.3991)
919,919,tensor(0.7525),tensor(0.7248),tensor(0.3991)
920,920,tensor(0.7525),tensor(0.7248),tensor(0.3991)
921,921,tensor(0.7525),tensor(0.7248),tensor(0.3991)
922,922,tensor(0.7525),tensor(0.7248),tensor(0.3991)
923,923,tensor(0.7525),tensor(0.7248),tensor(0.3991)
924,924,tensor(0.7525),tensor(0.7248),tensor(0.3991)
925,925,tensor(0.7525),tensor(0.7248),tensor(0.3991)
926,926,tensor(0.7525),tensor(0.7248),tensor(0.3991)
927,927,tensor(0.7525),tensor(0.7248),tensor(0.3991)
928,928,tensor(0.7525),tensor(0.7248),tensor(0.3991)
929,929,tensor(0.7525),tensor(0.7248),tensor(0.3991)
930,930,tensor(0.7525),tensor(0.7248),tensor(0.3991)
931,931,tensor(0.7525),tensor(0.7248),tensor(0.3991)
932,932,tensor(0.7525),tensor(0.7248),tensor(0.3991)
933,933,tensor(0.7525),tensor(0.7248),tensor(0.3991)
934,934,tensor(0.7525),tensor(0.7248),tensor(0.3991)
935,935,tensor(0.7525),tensor(0.7248),tensor(0.3991)
936,936,tensor(0.7525),tensor(0.7248),tensor(0.3991)
937,937,tensor(0.7525),tensor(0.7248),tensor(0.3991)
938,938,tensor(0.7525),tensor(0.7248),tensor(0.3991)
939,939,tensor(0.7525),tensor(0.7248),tensor(0.3991)
940,940,tensor(0.7525),tensor(0.7248),tensor(0.3991)
941,941,tensor(0.7525),tensor(0.7248),tensor(0.3991)
942,942,tensor(0.7525),tensor(0.7248),tensor(0.3991)
943,943,tensor(0.7525),tensor(0.7248),tensor(0.3991)
944,944,tensor(0.7525),tensor(0.7248),tensor(0.3991)
945,945,tensor(0.7525),tensor(0.7248),tensor(0.3991)
946,946,tensor(0.7525),tensor(0.7248),tensor(0.3991)
947,947,tensor(0.7525),tensor(0.7248),tensor(0.3991)
948,948,tensor(0.7525),tensor(0.7248),tensor(0.3991)
949,949,tensor(0.7525),tensor(0.7248),tensor(0.3991)
950,950,tensor(0.7525),tensor(0.7248),tensor(0.3991)
951,951,tensor(0.7525),tensor(0.7248),tensor(0.3991)
952,952,tensor(0.7525),tensor(0.7248),tensor(0.3991)
953,953,tensor(0.7525),tensor(0.7248),tensor(0.3991)
954,954,tensor(0.7525),tensor(0.7248),tensor(0.3991)
955,955,tensor(0.7525),tensor(0.7248),tensor(0.3991)
956,956,tensor(0.7525),tensor(0.7247),tensor(0.3991)
957,957,tensor(0.7525),tensor(0.7247),tensor(0.3991)
958,958,tensor(0.7525),tensor(0.7247),tensor(0.3991)
959,959,tensor(0.7525),tensor(0.7247),tensor(0.3991)
960,960,tensor(0.7525),tensor(0.7247),tensor(0.3991)
961,961,tensor(0.7525),tensor(0.7247),tensor(0.3991)
962,962,tensor(0.7525),tensor(0.7247),tensor(0.3991)
963,963,tensor(0.7525),tensor(0.7247),tensor(0.3991)
964,964,tensor(0.7525),tensor(0.7247),tensor(0.3991)
965,965,tensor(0.7525),tensor(0.7247),tensor(0.3991)
966,966,tensor(0.7525),tensor(0.7247),tensor(0.3991)
967,967,tensor(0.7525),tensor(0.7247),tensor(0.3991)
968,968,tensor(0.7524),tensor(0.7247),tensor(0.3991)
969,969,tensor(0.7524),tensor(0.7247),tensor(0.3991)
970,970,tensor(0.7524),tensor(0.7247),tensor(0.3991)
971,971,tensor(0.7524),tensor(0.7247),tensor(0.3991)
972,972,tensor(0.7524),tensor(0.7247),tensor(0.3991)
973,973,tensor(0.7524),tensor(0.7247),tensor(0.3991)
974,974,tensor(0.7524),tensor(0.7247),tensor(0.3991)
975,975,tensor(0.7524),tensor(0.7247),tensor(0.3991)
976,976,tensor(0.7524),tensor(0.7247),tensor(0.3991)
977,977,tensor(0.7524),tensor(0.7247),tensor(0.3991)
978,978,tensor(0.7524),tensor(0.7247),tensor(0.3991)
979,979,tensor(0.7524),tensor(0.7247),tensor(0.3991)
980,980,tensor(0.7524),tensor(0.7247),tensor(0.3991)
981,981,tensor(0.7524),tensor(0.7247),tensor(0.3991)
982,982,tensor(0.7524),tensor(0.7247),tensor(0.3991)
983,983,tensor(0.7524),tensor(0.7247),tensor(0.3991)
984,984,tensor(0.7524),tensor(0.7247),tensor(0.3991)
985,985,tensor(0.7524),tensor(0.7247),tensor(0.3991)
986,986,tensor(0.7524),tensor(0.7247),tensor(0.3991)
987,987,tensor(0.7524),tensor(0.7247),tensor(0.3991)
988,988,tensor(0.7524),tensor(0.7247),tensor(0.3991)
989,989,tensor(0.7524),tensor(0.7247),tensor(0.3991)
990,990,tensor(0.7524),tensor(0.7247),tensor(0.3991)
991,991,tensor(0.7524),tensor(0.7247),tensor(0.3991)
992,992,tensor(0.7524),tensor(0.7247),tensor(0.3991)
993,993,tensor(0.7524),tensor(0.7247),tensor(0.3991)
994,994,tensor(0.7524),tensor(0.7247),tensor(0.3991)
995,995,tensor(0.7524),tensor(0.7247),tensor(0.3991)
996,996,tensor(0.7524),tensor(0.7247),tensor(0.3991)
997,997,tensor(0.7524),tensor(0.7247),tensor(0.3991)
998,998,tensor(0.7524),tensor(0.7247),tensor(0.3991)
999,999,tensor(0.7524),tensor(0.7247),tensor(0.3991)
1000,1000,tensor(0.7524),tensor(0.7247),tensor(0.3991)
1001,1001,tensor(0.7524),tensor(0.7247),tensor(0.3991)
1002,1002,tensor(0.7524),tensor(0.7247),tensor(0.3991)
1003,1003,tensor(0.7524),tensor(0.7247),tensor(0.3991)
1004,1004,tensor(0.7524),tensor(0.7247),tensor(0.3991)
1005,1005,tensor(0.7524),tensor(0.7247),tensor(0.3991)
1006,1006,tensor(0.7524),tensor(0.7247),tensor(0.3991)
1007,1007,tensor(0.7524),tensor(0.7247),tensor(0.3991)
1008,1008,tensor(0.7524),tensor(0.7247),tensor(0.3991)
1009,1009,tensor(0.7524),tensor(0.7247),tensor(0.3991)
1010,1010,tensor(0.7524),tensor(0.7247),tensor(0.3991)
1011,1011,tensor(0.7524),tensor(0.7247),tensor(0.3991)
1012,1012,tensor(0.7524),tensor(0.7247),tensor(0.3991)
1013,1013,tensor(0.7524),tensor(0.7247),tensor(0.3991)
1014,1014,tensor(0.7524),tensor(0.7247),tensor(0.3991)
1015,1015,tensor(0.7524),tensor(0.7247),tensor(0.3991)
1016,1016,tensor(0.7524),tensor(0.7247),tensor(0.3991)
1017,1017,tensor(0.7524),tensor(0.7247),tensor(0.3991)
1018,1018,tensor(0.7524),tensor(0.7247),tensor(0.3991)
1019,1019,tensor(0.7524),tensor(0.7247),tensor(0.3991)
1020,1020,tensor(0.7524),tensor(0.7247),tensor(0.3991)
1021,1021,tensor(0.7524),tensor(0.7247),tensor(0.3991)
1022,1022,tensor(0.7524),tensor(0.7247),tensor(0.3991)
1023,1023,tensor(0.7524),tensor(0.7247),tensor(0.3991)
1024,1024,tensor(0.7524),tensor(0.7247),tensor(0.3991)
1025,1025,tensor(0.7524),tensor(0.7247),tensor(0.3991)
1026,1026,tensor(0.7524),tensor(0.7247),tensor(0.3991)
1027,1027,tensor(0.7524),tensor(0.7247),tensor(0.3991)
1028,1028,tensor(0.7524),tensor(0.7247),tensor(0.3991)
1029,1029,tensor(0.7524),tensor(0.7247),tensor(0.3991)
1030,1030,tensor(0.7524),tensor(0.7247),tensor(0.3991)
1031,1031,tensor(0.7524),tensor(0.7247),tensor(0.3991)
1032,1032,tensor(0.7524),tensor(0.7247),tensor(0.3991)
1033,1033,tensor(0.7524),tensor(0.7247),tensor(0.3991)
1034,1034,tensor(0.7524),tensor(0.7247),tensor(0.3991)
1035,1035,tensor(0.7524),tensor(0.7247),tensor(0.3991)
1036,1036,tensor(0.7524),tensor(0.7247),tensor(0.3991)
1037,1037,tensor(0.7524),tensor(0.7247),tensor(0.3991)
1038,1038,tensor(0.7524),tensor(0.7247),tensor(0.3991)
1039,1039,tensor(0.7524),tensor(0.7247),tensor(0.3991)
1040,1040,tensor(0.7524),tensor(0.7247),tensor(0.3991)
1041,1041,tensor(0.7524),tensor(0.7247),tensor(0.3991)
1042,1042,tensor(0.7524),tensor(0.7247),tensor(0.3991)
1043,1043,tensor(0.7524),tensor(0.7247),tensor(0.3991)
1044,1044,tensor(0.7524),tensor(0.7247),tensor(0.3991)
1045,1045,tensor(0.7524),tensor(0.7247),tensor(0.3991)
1046,1046,tensor(0.7524),tensor(0.7247),tensor(0.3991)
1047,1047,tensor(0.7524),tensor(0.7247),tensor(0.3991)
1048,1048,tensor(0.7524),tensor(0.7247),tensor(0.3992)
1049,1049,tensor(0.7524),tensor(0.7247),tensor(0.3992)
1050,1050,tensor(0.7524),tensor(0.7247),tensor(0.3992)
1051,1051,tensor(0.7524),tensor(0.7247),tensor(0.3992)
1052,1052,tensor(0.7524),tensor(0.7247),tensor(0.3992)
1053,1053,tensor(0.7524),tensor(0.7247),tensor(0.3992)
1054,1054,tensor(0.7524),tensor(0.7247),tensor(0.3992)
1055,1055,tensor(0.7524),tensor(0.7247),tensor(0.3992)
1056,1056,tensor(0.7524),tensor(0.7247),tensor(0.3992)
1057,1057,tensor(0.7524),tensor(0.7247),tensor(0.3992)
1058,1058,tensor(0.7524),tensor(0.7247),tensor(0.3992)
1059,1059,tensor(0.7524),tensor(0.7247),tensor(0.3992)
1060,1060,tensor(0.7524),tensor(0.7247),tensor(0.3992)
1061,1061,tensor(0.7524),tensor(0.7247),tensor(0.3992)
1062,1062,tensor(0.7524),tensor(0.7247),tensor(0.3992)
1063,1063,tensor(0.7524),tensor(0.7247),tensor(0.3992)
1064,1064,tensor(0.7524),tensor(0.7247),tensor(0.3992)
1065,1065,tensor(0.7524),tensor(0.7247),tensor(0.3992)
1066,1066,tensor(0.7524),tensor(0.7247),tensor(0.3992)
1067,1067,tensor(0.7524),tensor(0.7247),tensor(0.3992)
1068,1068,tensor(0.7524),tensor(0.7247),tensor(0.3992)
1069,1069,tensor(0.7524),tensor(0.7247),tensor(0.3992)
1070,1070,tensor(0.7524),tensor(0.7247),tensor(0.3992)
1071,1071,tensor(0.7524),tensor(0.7247),tensor(0.3992)
1072,1072,tensor(0.7524),tensor(0.7247),tensor(0.3992)
1073,1073,tensor(0.7524),tensor(0.7247),tensor(0.3992)
1074,1074,tensor(0.7524),tensor(0.7247),tensor(0.3992)
1075,1075,tensor(0.7524),tensor(0.7247),tensor(0.3992)
1076,1076,tensor(0.7524),tensor(0.7247),tensor(0.3992)
1077,1077,tensor(0.7524),tensor(0.7247),tensor(0.3992)
1078,1078,tensor(0.7524),tensor(0.7247),tensor(0.3992)
1079,1079,tensor(0.7524),tensor(0.7247),tensor(0.3992)
1080,1080,tensor(0.7524),tensor(0.7247),tensor(0.3992)
1081,1081,tensor(0.7524),tensor(0.7247),tensor(0.3992)
1082,1082,tensor(0.7524),tensor(0.7247),tensor(0.3992)
1083,1083,tensor(0.7524),tensor(0.7247),tensor(0.3992)
1084,1084,tensor(0.7524),tensor(0.7247),tensor(0.3992)
1085,1085,tensor(0.7524),tensor(0.7247),tensor(0.3992)
1086,1086,tensor(0.7524),tensor(0.7247),tensor(0.3992)
1087,1087,tensor(0.7524),tensor(0.7247),tensor(0.3992)
1088,1088,tensor(0.7524),tensor(0.7247),tensor(0.3992)
1089,1089,tensor(0.7524),tensor(0.7247),tensor(0.3992)
1090,1090,tensor(0.7524),tensor(0.7247),tensor(0.3992)
1091,1091,tensor(0.7524),tensor(0.7247),tensor(0.3992)
1092,1092,tensor(0.7524),tensor(0.7247),tensor(0.3992)
1093,1093,tensor(0.7524),tensor(0.7247),tensor(0.3992)
1094,1094,tensor(0.7524),tensor(0.7247),tensor(0.3992)
1095,1095,tensor(0.7524),tensor(0.7247),tensor(0.3992)
1096,1096,tensor(0.7524),tensor(0.7247),tensor(0.3992)
1097,1097,tensor(0.7524),tensor(0.7247),tensor(0.3992)
1098,1098,tensor(0.7524),tensor(0.7247),tensor(0.3992)
1099,1099,tensor(0.7524),tensor(0.7247),tensor(0.3992)
1100,1100,tensor(0.7524),tensor(0.7247),tensor(0.3993)
1101,1101,tensor(0.7524),tensor(0.7247),tensor(0.3993)
1102,1102,tensor(0.7524),tensor(0.7247),tensor(0.3993)
1103,1103,tensor(0.7524),tensor(0.7247),tensor(0.3993)
1104,1104,tensor(0.7524),tensor(0.7247),tensor(0.3993)
1105,1105,tensor(0.7524),tensor(0.7247),tensor(0.3993)
1106,1106,tensor(0.7524),tensor(0.7247),tensor(0.3993)
1107,1107,tensor(0.7524),tensor(0.7247),tensor(0.3993)
1108,1108,tensor(0.7524),tensor(0.7247),tensor(0.3993)
1109,1109,tensor(0.7524),tensor(0.7247),tensor(0.3993)
1110,1110,tensor(0.7524),tensor(0.7247),tensor(0.3993)
1111,1111,tensor(0.7524),tensor(0.7247),tensor(0.3993)
1112,1112,tensor(0.7524),tensor(0.7247),tensor(0.3993)
1113,1113,tensor(0.7524),tensor(0.7247),tensor(0.3993)
1114,1114,tensor(0.7524),tensor(0.7247),tensor(0.3993)
1115,1115,tensor(0.7524),tensor(0.7247),tensor(0.3993)
1116,1116,tensor(0.7524),tensor(0.7247),tensor(0.3993)
1117,1117,tensor(0.7524),tensor(0.7247),tensor(0.3993)
1118,1118,tensor(0.7524),tensor(0.7247),tensor(0.3993)
1119,1119,tensor(0.7524),tensor(0.7247),tensor(0.3993)
1120,1120,tensor(0.7524),tensor(0.7247),tensor(0.3993)
1121,1121,tensor(0.7524),tensor(0.7247),tensor(0.3993)
1122,1122,tensor(0.7524),tensor(0.7247),tensor(0.3993)
1123,1123,tensor(0.7524),tensor(0.7247),tensor(0.3993)
1124,1124,tensor(0.7524),tensor(0.7247),tensor(0.3993)
1125,1125,tensor(0.7524),tensor(0.7247),tensor(0.3993)
1126,1126,tensor(0.7524),tensor(0.7247),tensor(0.3993)
1127,1127,tensor(0.7524),tensor(0.7247),tensor(0.3993)
1128,1128,tensor(0.7524),tensor(0.7247),tensor(0.3993)
1129,1129,tensor(0.7524),tensor(0.7247),tensor(0.3993)
1130,1130,tensor(0.7524),tensor(0.7247),tensor(0.3993)
1131,1131,tensor(0.7524),tensor(0.7247),tensor(0.3993)
1132,1132,tensor(0.7524),tensor(0.7247),tensor(0.3993)
1133,1133,tensor(0.7524),tensor(0.7247),tensor(0.3993)
1134,1134,tensor(0.7524),tensor(0.7247),tensor(0.3993)
1135,1135,tensor(0.7524),tensor(0.7247),tensor(0.3993)
1136,1136,tensor(0.7524),tensor(0.7246),tensor(0.3993)
1137,1137,tensor(0.7524),tensor(0.7246),tensor(0.3993)
1138,1138,tensor(0.7524),tensor(0.7246),tensor(0.3993)
1139,1139,tensor(0.7524),tensor(0.7246),tensor(0.3993)
1140,1140,tensor(0.7524),tensor(0.7246),tensor(0.3993)
1141,1141,tensor(0.7524),tensor(0.7246),tensor(0.3993)
1142,1142,tensor(0.7524),tensor(0.7246),tensor(0.3993)
1143,1143,tensor(0.7524),tensor(0.7246),tensor(0.3993)
1144,1144,tensor(0.7524),tensor(0.7246),tensor(0.3993)
1145,1145,tensor(0.7524),tensor(0.7246),tensor(0.3993)
1146,1146,tensor(0.7524),tensor(0.7246),tensor(0.3993)
1147,1147,tensor(0.7524),tensor(0.7246),tensor(0.3994)
1148,1148,tensor(0.7524),tensor(0.7246),tensor(0.3994)
1149,1149,tensor(0.7524),tensor(0.7246),tensor(0.3994)
1150,1150,tensor(0.7524),tensor(0.7246),tensor(0.3994)
1151,1151,tensor(0.7524),tensor(0.7246),tensor(0.3994)
1152,1152,tensor(0.7524),tensor(0.7246),tensor(0.3994)
1153,1153,tensor(0.7524),tensor(0.7246),tensor(0.3994)
1154,1154,tensor(0.7524),tensor(0.7246),tensor(0.3994)
1155,1155,tensor(0.7524),tensor(0.7246),tensor(0.3994)
1156,1156,tensor(0.7524),tensor(0.7246),tensor(0.3994)
1157,1157,tensor(0.7524),tensor(0.7246),tensor(0.3994)
1158,1158,tensor(0.7524),tensor(0.7246),tensor(0.3994)
1159,1159,tensor(0.7524),tensor(0.7246),tensor(0.3994)
1160,1160,tensor(0.7524),tensor(0.7246),tensor(0.3994)
1161,1161,tensor(0.7524),tensor(0.7246),tensor(0.3994)
1162,1162,tensor(0.7524),tensor(0.7246),tensor(0.3994)
1163,1163,tensor(0.7524),tensor(0.7246),tensor(0.3994)
1164,1164,tensor(0.7524),tensor(0.7246),tensor(0.3994)
1165,1165,tensor(0.7524),tensor(0.7246),tensor(0.3994)
1166,1166,tensor(0.7524),tensor(0.7246),tensor(0.3994)
1167,1167,tensor(0.7524),tensor(0.7246),tensor(0.3994)
1168,1168,tensor(0.7524),tensor(0.7246),tensor(0.3994)
1169,1169,tensor(0.7524),tensor(0.7246),tensor(0.3994)
1170,1170,tensor(0.7524),tensor(0.7246),tensor(0.3994)
1171,1171,tensor(0.7524),tensor(0.7246),tensor(0.3994)
1172,1172,tensor(0.7524),tensor(0.7246),tensor(0.3994)
1173,1173,tensor(0.7524),tensor(0.7246),tensor(0.3994)
1174,1174,tensor(0.7524),tensor(0.7246),tensor(0.3994)
1175,1175,tensor(0.7524),tensor(0.7246),tensor(0.3994)
1176,1176,tensor(0.7524),tensor(0.7246),tensor(0.3994)
1177,1177,tensor(0.7524),tensor(0.7246),tensor(0.3994)
1178,1178,tensor(0.7524),tensor(0.7246),tensor(0.3994)
1179,1179,tensor(0.7524),tensor(0.7246),tensor(0.3994)
1180,1180,tensor(0.7524),tensor(0.7246),tensor(0.3994)
1181,1181,tensor(0.7524),tensor(0.7246),tensor(0.3994)
1182,1182,tensor(0.7524),tensor(0.7246),tensor(0.3994)
1183,1183,tensor(0.7524),tensor(0.7246),tensor(0.3994)
1184,1184,tensor(0.7524),tensor(0.7246),tensor(0.3994)
1185,1185,tensor(0.7524),tensor(0.7246),tensor(0.3994)
1186,1186,tensor(0.7524),tensor(0.7246),tensor(0.3994)
1187,1187,tensor(0.7524),tensor(0.7246),tensor(0.3994)
1188,1188,tensor(0.7524),tensor(0.7246),tensor(0.3994)
1189,1189,tensor(0.7524),tensor(0.7246),tensor(0.3994)
1190,1190,tensor(0.7524),tensor(0.7246),tensor(0.3994)
1191,1191,tensor(0.7524),tensor(0.7246),tensor(0.3994)
1192,1192,tensor(0.7524),tensor(0.7246),tensor(0.3994)
1193,1193,tensor(0.7524),tensor(0.7246),tensor(0.3994)
1194,1194,tensor(0.7524),tensor(0.7246),tensor(0.3995)
1195,1195,tensor(0.7524),tensor(0.7246),tensor(0.3995)
1196,1196,tensor(0.7524),tensor(0.7246),tensor(0.3995)
1197,1197,tensor(0.7524),tensor(0.7246),tensor(0.3995)
1198,1198,tensor(0.7524),tensor(0.7246),tensor(0.3995)
1199,1199,tensor(0.7524),tensor(0.7246),tensor(0.3995)
1200,1200,tensor(0.7524),tensor(0.7246),tensor(0.3995)
1201,1201,tensor(0.7524),tensor(0.7246),tensor(0.3995)
1202,1202,tensor(0.7524),tensor(0.7246),tensor(0.3995)
1203,1203,tensor(0.7524),tensor(0.7246),tensor(0.3995)
1204,1204,tensor(0.7524),tensor(0.7246),tensor(0.3995)
1205,1205,tensor(0.7524),tensor(0.7246),tensor(0.3995)
1206,1206,tensor(0.7524),tensor(0.7246),tensor(0.3995)
1207,1207,tensor(0.7524),tensor(0.7246),tensor(0.3995)
1208,1208,tensor(0.7524),tensor(0.7246),tensor(0.3995)
1209,1209,tensor(0.7524),tensor(0.7246),tensor(0.3995)
1210,1210,tensor(0.7524),tensor(0.7246),tensor(0.3995)
1211,1211,tensor(0.7524),tensor(0.7246),tensor(0.3995)
1212,1212,tensor(0.7524),tensor(0.7246),tensor(0.3995)
1213,1213,tensor(0.7524),tensor(0.7246),tensor(0.3995)
1214,1214,tensor(0.7524),tensor(0.7246),tensor(0.3995)
1215,1215,tensor(0.7524),tensor(0.7246),tensor(0.3995)
1216,1216,tensor(0.7524),tensor(0.7246),tensor(0.3995)
1217,1217,tensor(0.7524),tensor(0.7246),tensor(0.3995)
1218,1218,tensor(0.7524),tensor(0.7246),tensor(0.3995)
1219,1219,tensor(0.7524),tensor(0.7246),tensor(0.3995)
1220,1220,tensor(0.7524),tensor(0.7246),tensor(0.3995)
1221,1221,tensor(0.7524),tensor(0.7246),tensor(0.3995)
1222,1222,tensor(0.7524),tensor(0.7246),tensor(0.3995)
1223,1223,tensor(0.7524),tensor(0.7246),tensor(0.3995)
1224,1224,tensor(0.7524),tensor(0.7246),tensor(0.3995)
1225,1225,tensor(0.7524),tensor(0.7246),tensor(0.3995)
1226,1226,tensor(0.7524),tensor(0.7246),tensor(0.3995)
1227,1227,tensor(0.7524),tensor(0.7246),tensor(0.3995)
1228,1228,tensor(0.7524),tensor(0.7246),tensor(0.3995)
1229,1229,tensor(0.7524),tensor(0.7246),tensor(0.3995)
1230,1230,tensor(0.7524),tensor(0.7246),tensor(0.3995)
1231,1231,tensor(0.7524),tensor(0.7246),tensor(0.3995)
1232,1232,tensor(0.7524),tensor(0.7246),tensor(0.3995)
1233,1233,tensor(0.7524),tensor(0.7246),tensor(0.3995)
1234,1234,tensor(0.7524),tensor(0.7246),tensor(0.3995)
1235,1235,tensor(0.7524),tensor(0.7246),tensor(0.3995)
1236,1236,tensor(0.7524),tensor(0.7246),tensor(0.3995)
1237,1237,tensor(0.7524),tensor(0.7246),tensor(0.3995)
1238,1238,tensor(0.7524),tensor(0.7246),tensor(0.3995)
1239,1239,tensor(0.7524),tensor(0.7246),tensor(0.3995)
1240,1240,tensor(0.7524),tensor(0.7246),tensor(0.3995)
1241,1241,tensor(0.7524),tensor(0.7246),tensor(0.3995)
1242,1242,tensor(0.7524),tensor(0.7246),tensor(0.3995)
1243,1243,tensor(0.7524),tensor(0.7246),tensor(0.3996)
1244,1244,tensor(0.7524),tensor(0.7246),tensor(0.3996)
1245,1245,tensor(0.7524),tensor(0.7246),tensor(0.3996)
1246,1246,tensor(0.7524),tensor(0.7246),tensor(0.3996)
1247,1247,tensor(0.7524),tensor(0.7246),tensor(0.3996)
1248,1248,tensor(0.7524),tensor(0.7246),tensor(0.3996)
1249,1249,tensor(0.7524),tensor(0.7246),tensor(0.3996)
1250,1250,tensor(0.7524),tensor(0.7246),tensor(0.3996)
1251,1251,tensor(0.7524),tensor(0.7246),tensor(0.3996)
1252,1252,tensor(0.7524),tensor(0.7246),tensor(0.3996)
1253,1253,tensor(0.7524),tensor(0.7246),tensor(0.3996)
1254,1254,tensor(0.7524),tensor(0.7246),tensor(0.3996)
1255,1255,tensor(0.7524),tensor(0.7246),tensor(0.3996)
1256,1256,tensor(0.7524),tensor(0.7246),tensor(0.3996)
1257,1257,tensor(0.7524),tensor(0.7246),tensor(0.3996)
1258,1258,tensor(0.7524),tensor(0.7246),tensor(0.3996)
1259,1259,tensor(0.7524),tensor(0.7246),tensor(0.3996)
1260,1260,tensor(0.7524),tensor(0.7246),tensor(0.3996)
1261,1261,tensor(0.7524),tensor(0.7246),tensor(0.3996)
1262,1262,tensor(0.7524),tensor(0.7246),tensor(0.3996)
1263,1263,tensor(0.7524),tensor(0.7246),tensor(0.3996)
1264,1264,tensor(0.7524),tensor(0.7246),tensor(0.3996)
1265,1265,tensor(0.7524),tensor(0.7246),tensor(0.3996)
1266,1266,tensor(0.7524),tensor(0.7246),tensor(0.3996)
1267,1267,tensor(0.7524),tensor(0.7246),tensor(0.3996)
1268,1268,tensor(0.7524),tensor(0.7246),tensor(0.3996)
1269,1269,tensor(0.7524),tensor(0.7246),tensor(0.3996)
1270,1270,tensor(0.7524),tensor(0.7246),tensor(0.3996)
1271,1271,tensor(0.7524),tensor(0.7246),tensor(0.3996)
1272,1272,tensor(0.7524),tensor(0.7246),tensor(0.3996)
1273,1273,tensor(0.7524),tensor(0.7246),tensor(0.3996)
1274,1274,tensor(0.7524),tensor(0.7246),tensor(0.3996)
1275,1275,tensor(0.7524),tensor(0.7246),tensor(0.3996)
1276,1276,tensor(0.7524),tensor(0.7246),tensor(0.3996)
1277,1277,tensor(0.7524),tensor(0.7246),tensor(0.3996)
1278,1278,tensor(0.7524),tensor(0.7246),tensor(0.3996)
1279,1279,tensor(0.7524),tensor(0.7247),tensor(0.3996)
1280,1280,tensor(0.7524),tensor(0.7247),tensor(0.3996)
1281,1281,tensor(0.7524),tensor(0.7247),tensor(0.3996)
1282,1282,tensor(0.7524),tensor(0.7247),tensor(0.3996)
1283,1283,tensor(0.7524),tensor(0.7247),tensor(0.3996)
1284,1284,tensor(0.7524),tensor(0.7247),tensor(0.3996)
1285,1285,tensor(0.7524),tensor(0.7247),tensor(0.3996)
1286,1286,tensor(0.7524),tensor(0.7247),tensor(0.3996)
1287,1287,tensor(0.7524),tensor(0.7247),tensor(0.3996)
1288,1288,tensor(0.7524),tensor(0.7247),tensor(0.3996)
1289,1289,tensor(0.7524),tensor(0.7247),tensor(0.3996)
1290,1290,tensor(0.7524),tensor(0.7247),tensor(0.3996)
1291,1291,tensor(0.7524),tensor(0.7247),tensor(0.3996)
1292,1292,tensor(0.7524),tensor(0.7247),tensor(0.3996)
1293,1293,tensor(0.7524),tensor(0.7247),tensor(0.3996)
1294,1294,tensor(0.7524),tensor(0.7247),tensor(0.3996)
1295,1295,tensor(0.7524),tensor(0.7247),tensor(0.3996)
1296,1296,tensor(0.7524),tensor(0.7247),tensor(0.3997)
1297,1297,tensor(0.7524),tensor(0.7247),tensor(0.3997)
1298,1298,tensor(0.7524),tensor(0.7247),tensor(0.3997)
1299,1299,tensor(0.7524),tensor(0.7247),tensor(0.3997)
1300,1300,tensor(0.7524),tensor(0.7247),tensor(0.3997)
1301,1301,tensor(0.7524),tensor(0.7247),tensor(0.3997)
1302,1302,tensor(0.7524),tensor(0.7247),tensor(0.3997)
1303,1303,tensor(0.7524),tensor(0.7247),tensor(0.3997)
1304,1304,tensor(0.7524),tensor(0.7247),tensor(0.3997)
1305,1305,tensor(0.7524),tensor(0.7247),tensor(0.3997)
1306,1306,tensor(0.7524),tensor(0.7247),tensor(0.3997)
1307,1307,tensor(0.7524),tensor(0.7247),tensor(0.3997)
1308,1308,tensor(0.7524),tensor(0.7247),tensor(0.3997)
1309,1309,tensor(0.7524),tensor(0.7247),tensor(0.3997)
1310,1310,tensor(0.7524),tensor(0.7247),tensor(0.3997)
1311,1311,tensor(0.7524),tensor(0.7247),tensor(0.3997)
1312,1312,tensor(0.7524),tensor(0.7247),tensor(0.3997)
1313,1313,tensor(0.7524),tensor(0.7247),tensor(0.3997)
1314,1314,tensor(0.7524),tensor(0.7247),tensor(0.3997)
1315,1315,tensor(0.7524),tensor(0.7247),tensor(0.3997)
1316,1316,tensor(0.7524),tensor(0.7247),tensor(0.3997)
1317,1317,tensor(0.7524),tensor(0.7247),tensor(0.3997)
1318,1318,tensor(0.7524),tensor(0.7247),tensor(0.3997)
