a: 6.006633514980663
b: 6.032383589625434
c: 0
d: -2
