a: 4.4522828835113915
b: 6.816278837421351
c: 7
d: 1
model_name: super_model
