,epoch,train_loss,train_mae,val_mae
0,0,tensor(2.2531),tensor(1.4860),tensor(1.4298)
1,1,tensor(2.2495),tensor(1.4848),tensor(1.4286)
2,2,tensor(2.2459),tensor(1.4836),tensor(1.4274)
3,3,tensor(2.2423),tensor(1.4824),tensor(1.4262)
4,4,tensor(2.2387),tensor(1.4812),tensor(1.4250)
5,5,tensor(2.2351),tensor(1.4800),tensor(1.4238)
6,6,tensor(2.2316),tensor(1.4788),tensor(1.4225)
7,7,tensor(2.2280),tensor(1.4776),tensor(1.4213)
8,8,tensor(2.2244),tensor(1.4764),tensor(1.4201)
9,9,tensor(2.2208),tensor(1.4752),tensor(1.4189)
10,10,tensor(2.2173),tensor(1.4740),tensor(1.4177)
11,11,tensor(2.2137),tensor(1.4728),tensor(1.4165)
12,12,tensor(2.2101),tensor(1.4716),tensor(1.4152)
13,13,tensor(2.2066),tensor(1.4704),tensor(1.4140)
14,14,tensor(2.2030),tensor(1.4692),tensor(1.4128)
15,15,tensor(2.1995),tensor(1.4680),tensor(1.4116)
16,16,tensor(2.1959),tensor(1.4668),tensor(1.4104)
17,17,tensor(2.1924),tensor(1.4656),tensor(1.4092)
18,18,tensor(2.1889),tensor(1.4644),tensor(1.4080)
19,19,tensor(2.1853),tensor(1.4632),tensor(1.4067)
20,20,tensor(2.1818),tensor(1.4620),tensor(1.4055)
21,21,tensor(2.1783),tensor(1.4608),tensor(1.4043)
22,22,tensor(2.1747),tensor(1.4596),tensor(1.4031)
23,23,tensor(2.1712),tensor(1.4584),tensor(1.4019)
24,24,tensor(2.1677),tensor(1.4572),tensor(1.4007)
25,25,tensor(2.1642),tensor(1.4560),tensor(1.3995)
26,26,tensor(2.1607),tensor(1.4548),tensor(1.3983)
27,27,tensor(2.1572),tensor(1.4536),tensor(1.3971)
28,28,tensor(2.1537),tensor(1.4524),tensor(1.3958)
29,29,tensor(2.1502),tensor(1.4512),tensor(1.3946)
30,30,tensor(2.1467),tensor(1.4500),tensor(1.3934)
31,31,tensor(2.1432),tensor(1.4488),tensor(1.3922)
32,32,tensor(2.1398),tensor(1.4476),tensor(1.3910)
33,33,tensor(2.1363),tensor(1.4465),tensor(1.3898)
34,34,tensor(2.1328),tensor(1.4453),tensor(1.3886)
35,35,tensor(2.1293),tensor(1.4441),tensor(1.3874)
36,36,tensor(2.1259),tensor(1.4429),tensor(1.3862)
37,37,tensor(2.1224),tensor(1.4417),tensor(1.3850)
38,38,tensor(2.1190),tensor(1.4405),tensor(1.3838)
39,39,tensor(2.1155),tensor(1.4393),tensor(1.3826)
40,40,tensor(2.1121),tensor(1.4381),tensor(1.3814)
41,41,tensor(2.1086),tensor(1.4369),tensor(1.3802)
42,42,tensor(2.1052),tensor(1.4357),tensor(1.3790)
43,43,tensor(2.1017),tensor(1.4345),tensor(1.3778)
44,44,tensor(2.0983),tensor(1.4333),tensor(1.3766)
45,45,tensor(2.0949),tensor(1.4322),tensor(1.3754)
46,46,tensor(2.0915),tensor(1.4310),tensor(1.3742)
47,47,tensor(2.0881),tensor(1.4298),tensor(1.3730)
48,48,tensor(2.0846),tensor(1.4286),tensor(1.3718)
49,49,tensor(2.0812),tensor(1.4274),tensor(1.3706)
50,50,tensor(2.0778),tensor(1.4262),tensor(1.3694)
51,51,tensor(2.0744),tensor(1.4250),tensor(1.3682)
52,52,tensor(2.0710),tensor(1.4239),tensor(1.3670)
53,53,tensor(2.0677),tensor(1.4227),tensor(1.3658)
54,54,tensor(2.0643),tensor(1.4215),tensor(1.3646)
55,55,tensor(2.0609),tensor(1.4203),tensor(1.3634)
56,56,tensor(2.0575),tensor(1.4191),tensor(1.3622)
57,57,tensor(2.0541),tensor(1.4179),tensor(1.3610)
58,58,tensor(2.0508),tensor(1.4168),tensor(1.3598)
59,59,tensor(2.0474),tensor(1.4156),tensor(1.3586)
60,60,tensor(2.0440),tensor(1.4144),tensor(1.3574)
61,61,tensor(2.0407),tensor(1.4132),tensor(1.3562)
62,62,tensor(2.0373),tensor(1.4120),tensor(1.3550)
63,63,tensor(2.0340),tensor(1.4109),tensor(1.3538)
64,64,tensor(2.0307),tensor(1.4097),tensor(1.3527)
65,65,tensor(2.0273),tensor(1.4085),tensor(1.3515)
66,66,tensor(2.0240),tensor(1.4073),tensor(1.3503)
67,67,tensor(2.0207),tensor(1.4061),tensor(1.3491)
68,68,tensor(2.0173),tensor(1.4050),tensor(1.3479)
69,69,tensor(2.0140),tensor(1.4038),tensor(1.3467)
70,70,tensor(2.0107),tensor(1.4026),tensor(1.3455)
71,71,tensor(2.0074),tensor(1.4014),tensor(1.3443)
72,72,tensor(2.0041),tensor(1.4003),tensor(1.3431)
73,73,tensor(2.0008),tensor(1.3991),tensor(1.3420)
74,74,tensor(1.9975),tensor(1.3979),tensor(1.3408)
75,75,tensor(1.9942),tensor(1.3968),tensor(1.3396)
76,76,tensor(1.9909),tensor(1.3956),tensor(1.3384)
77,77,tensor(1.9876),tensor(1.3944),tensor(1.3372)
78,78,tensor(1.9843),tensor(1.3932),tensor(1.3360)
79,79,tensor(1.9811),tensor(1.3921),tensor(1.3349)
80,80,tensor(1.9778),tensor(1.3909),tensor(1.3337)
81,81,tensor(1.9745),tensor(1.3897),tensor(1.3325)
82,82,tensor(1.9712),tensor(1.3886),tensor(1.3313)
83,83,tensor(1.9680),tensor(1.3874),tensor(1.3301)
84,84,tensor(1.9647),tensor(1.3862),tensor(1.3290)
85,85,tensor(1.9615),tensor(1.3851),tensor(1.3278)
86,86,tensor(1.9582),tensor(1.3839),tensor(1.3266)
87,87,tensor(1.9550),tensor(1.3827),tensor(1.3254)
88,88,tensor(1.9518),tensor(1.3816),tensor(1.3243)
89,89,tensor(1.9485),tensor(1.3804),tensor(1.3231)
90,90,tensor(1.9453),tensor(1.3792),tensor(1.3219)
91,91,tensor(1.9421),tensor(1.3781),tensor(1.3207)
92,92,tensor(1.9388),tensor(1.3769),tensor(1.3195)
93,93,tensor(1.9356),tensor(1.3757),tensor(1.3184)
94,94,tensor(1.9324),tensor(1.3746),tensor(1.3172)
95,95,tensor(1.9292),tensor(1.3734),tensor(1.3160)
96,96,tensor(1.9260),tensor(1.3722),tensor(1.3149)
97,97,tensor(1.9228),tensor(1.3711),tensor(1.3137)
98,98,tensor(1.9196),tensor(1.3699),tensor(1.3125)
99,99,tensor(1.9164),tensor(1.3688),tensor(1.3113)
100,100,tensor(1.9132),tensor(1.3676),tensor(1.3102)
101,101,tensor(1.9100),tensor(1.3664),tensor(1.3090)
102,102,tensor(1.9069),tensor(1.3653),tensor(1.3078)
103,103,tensor(1.9037),tensor(1.3641),tensor(1.3067)
104,104,tensor(1.9005),tensor(1.3630),tensor(1.3055)
105,105,tensor(1.8974),tensor(1.3618),tensor(1.3043)
106,106,tensor(1.8942),tensor(1.3607),tensor(1.3032)
107,107,tensor(1.8910),tensor(1.3595),tensor(1.3020)
108,108,tensor(1.8879),tensor(1.3584),tensor(1.3008)
109,109,tensor(1.8847),tensor(1.3572),tensor(1.2997)
110,110,tensor(1.8816),tensor(1.3560),tensor(1.2985)
111,111,tensor(1.8784),tensor(1.3549),tensor(1.2973)
112,112,tensor(1.8753),tensor(1.3537),tensor(1.2962)
113,113,tensor(1.8722),tensor(1.3526),tensor(1.2950)
114,114,tensor(1.8691),tensor(1.3514),tensor(1.2938)
115,115,tensor(1.8659),tensor(1.3503),tensor(1.2927)
116,116,tensor(1.8628),tensor(1.3491),tensor(1.2915)
117,117,tensor(1.8597),tensor(1.3480),tensor(1.2904)
118,118,tensor(1.8566),tensor(1.3468),tensor(1.2892)
119,119,tensor(1.8535),tensor(1.3457),tensor(1.2880)
120,120,tensor(1.8504),tensor(1.3445),tensor(1.2869)
121,121,tensor(1.8473),tensor(1.3434),tensor(1.2857)
122,122,tensor(1.8442),tensor(1.3422),tensor(1.2846)
123,123,tensor(1.8411),tensor(1.3411),tensor(1.2834)
124,124,tensor(1.8380),tensor(1.3399),tensor(1.2823)
125,125,tensor(1.8349),tensor(1.3388),tensor(1.2811)
126,126,tensor(1.8318),tensor(1.3376),tensor(1.2799)
127,127,tensor(1.8288),tensor(1.3365),tensor(1.2788)
128,128,tensor(1.8257),tensor(1.3354),tensor(1.2776)
129,129,tensor(1.8226),tensor(1.3342),tensor(1.2765)
130,130,tensor(1.8196),tensor(1.3331),tensor(1.2753)
131,131,tensor(1.8165),tensor(1.3319),tensor(1.2742)
132,132,tensor(1.8134),tensor(1.3308),tensor(1.2730)
133,133,tensor(1.8104),tensor(1.3296),tensor(1.2719)
134,134,tensor(1.8074),tensor(1.3285),tensor(1.2707)
135,135,tensor(1.8043),tensor(1.3274),tensor(1.2696)
136,136,tensor(1.8013),tensor(1.3262),tensor(1.2684)
137,137,tensor(1.7982),tensor(1.3251),tensor(1.2673)
138,138,tensor(1.7952),tensor(1.3239),tensor(1.2661)
139,139,tensor(1.7922),tensor(1.3228),tensor(1.2650)
140,140,tensor(1.7892),tensor(1.3217),tensor(1.2638)
141,141,tensor(1.7861),tensor(1.3205),tensor(1.2627)
142,142,tensor(1.7831),tensor(1.3194),tensor(1.2615)
143,143,tensor(1.7801),tensor(1.3182),tensor(1.2604)
144,144,tensor(1.7771),tensor(1.3171),tensor(1.2592)
145,145,tensor(1.7741),tensor(1.3160),tensor(1.2581)
146,146,tensor(1.7711),tensor(1.3148),tensor(1.2569)
147,147,tensor(1.7681),tensor(1.3137),tensor(1.2558)
148,148,tensor(1.7651),tensor(1.3126),tensor(1.2546)
149,149,tensor(1.7622),tensor(1.3114),tensor(1.2535)
150,150,tensor(1.7592),tensor(1.3103),tensor(1.2524)
151,151,tensor(1.7562),tensor(1.3092),tensor(1.2512)
152,152,tensor(1.7532),tensor(1.3080),tensor(1.2501)
153,153,tensor(1.7503),tensor(1.3069),tensor(1.2489)
154,154,tensor(1.7473),tensor(1.3058),tensor(1.2478)
155,155,tensor(1.7443),tensor(1.3046),tensor(1.2467)
156,156,tensor(1.7414),tensor(1.3035),tensor(1.2455)
157,157,tensor(1.7384),tensor(1.3024),tensor(1.2444)
158,158,tensor(1.7355),tensor(1.3013),tensor(1.2432)
159,159,tensor(1.7325),tensor(1.3001),tensor(1.2421)
160,160,tensor(1.7296),tensor(1.2990),tensor(1.2410)
161,161,tensor(1.7266),tensor(1.2979),tensor(1.2398)
162,162,tensor(1.7237),tensor(1.2967),tensor(1.2387)
163,163,tensor(1.7208),tensor(1.2956),tensor(1.2376)
164,164,tensor(1.7179),tensor(1.2945),tensor(1.2364)
165,165,tensor(1.7149),tensor(1.2934),tensor(1.2353)
166,166,tensor(1.7120),tensor(1.2922),tensor(1.2341)
167,167,tensor(1.7091),tensor(1.2911),tensor(1.2330)
168,168,tensor(1.7062),tensor(1.2900),tensor(1.2319)
169,169,tensor(1.7033),tensor(1.2889),tensor(1.2307)
170,170,tensor(1.7004),tensor(1.2877),tensor(1.2296)
171,171,tensor(1.6975),tensor(1.2866),tensor(1.2285)
172,172,tensor(1.6946),tensor(1.2855),tensor(1.2274)
173,173,tensor(1.6917),tensor(1.2844),tensor(1.2262)
174,174,tensor(1.6888),tensor(1.2833),tensor(1.2251)
175,175,tensor(1.6859),tensor(1.2821),tensor(1.2240)
176,176,tensor(1.6831),tensor(1.2810),tensor(1.2228)
177,177,tensor(1.6802),tensor(1.2799),tensor(1.2217)
178,178,tensor(1.6773),tensor(1.2788),tensor(1.2206)
179,179,tensor(1.6745),tensor(1.2777),tensor(1.2195)
180,180,tensor(1.6716),tensor(1.2765),tensor(1.2183)
181,181,tensor(1.6687),tensor(1.2754),tensor(1.2172)
182,182,tensor(1.6659),tensor(1.2743),tensor(1.2161)
183,183,tensor(1.6630),tensor(1.2732),tensor(1.2149)
184,184,tensor(1.6602),tensor(1.2721),tensor(1.2138)
185,185,tensor(1.6573),tensor(1.2710),tensor(1.2127)
186,186,tensor(1.6545),tensor(1.2699),tensor(1.2116)
187,187,tensor(1.6517),tensor(1.2687),tensor(1.2105)
188,188,tensor(1.6488),tensor(1.2676),tensor(1.2093)
189,189,tensor(1.6460),tensor(1.2665),tensor(1.2082)
190,190,tensor(1.6432),tensor(1.2654),tensor(1.2071)
191,191,tensor(1.6404),tensor(1.2643),tensor(1.2060)
192,192,tensor(1.6376),tensor(1.2632),tensor(1.2048)
193,193,tensor(1.6347),tensor(1.2621),tensor(1.2037)
194,194,tensor(1.6319),tensor(1.2610),tensor(1.2026)
195,195,tensor(1.6291),tensor(1.2598),tensor(1.2015)
196,196,tensor(1.6263),tensor(1.2587),tensor(1.2004)
197,197,tensor(1.6235),tensor(1.2576),tensor(1.1993)
198,198,tensor(1.6207),tensor(1.2565),tensor(1.1981)
199,199,tensor(1.6180),tensor(1.2554),tensor(1.1970)
200,200,tensor(1.6152),tensor(1.2543),tensor(1.1959)
201,201,tensor(1.6124),tensor(1.2532),tensor(1.1948)
202,202,tensor(1.6096),tensor(1.2521),tensor(1.1937)
203,203,tensor(1.6068),tensor(1.2510),tensor(1.1926)
204,204,tensor(1.6041),tensor(1.2499),tensor(1.1914)
205,205,tensor(1.6013),tensor(1.2488),tensor(1.1903)
206,206,tensor(1.5985),tensor(1.2477),tensor(1.1892)
207,207,tensor(1.5958),tensor(1.2466),tensor(1.1881)
208,208,tensor(1.5930),tensor(1.2455),tensor(1.1870)
209,209,tensor(1.5903),tensor(1.2444),tensor(1.1859)
210,210,tensor(1.5875),tensor(1.2433),tensor(1.1848)
211,211,tensor(1.5848),tensor(1.2422),tensor(1.1837)
212,212,tensor(1.5821),tensor(1.2411),tensor(1.1825)
213,213,tensor(1.5793),tensor(1.2400),tensor(1.1814)
214,214,tensor(1.5766),tensor(1.2389),tensor(1.1803)
215,215,tensor(1.5739),tensor(1.2378),tensor(1.1792)
216,216,tensor(1.5711),tensor(1.2367),tensor(1.1781)
217,217,tensor(1.5684),tensor(1.2356),tensor(1.1770)
218,218,tensor(1.5657),tensor(1.2345),tensor(1.1759)
219,219,tensor(1.5630),tensor(1.2334),tensor(1.1748)
220,220,tensor(1.5603),tensor(1.2323),tensor(1.1737)
221,221,tensor(1.5576),tensor(1.2312),tensor(1.1726)
222,222,tensor(1.5549),tensor(1.2301),tensor(1.1715)
223,223,tensor(1.5522),tensor(1.2290),tensor(1.1704)
224,224,tensor(1.5495),tensor(1.2279),tensor(1.1693)
225,225,tensor(1.5468),tensor(1.2268),tensor(1.1682)
226,226,tensor(1.5441),tensor(1.2257),tensor(1.1671)
227,227,tensor(1.5414),tensor(1.2246),tensor(1.1660)
228,228,tensor(1.5387),tensor(1.2235),tensor(1.1649)
229,229,tensor(1.5361),tensor(1.2224),tensor(1.1638)
230,230,tensor(1.5334),tensor(1.2213),tensor(1.1627)
231,231,tensor(1.5307),tensor(1.2202),tensor(1.1616)
232,232,tensor(1.5281),tensor(1.2191),tensor(1.1605)
233,233,tensor(1.5254),tensor(1.2181),tensor(1.1594)
234,234,tensor(1.5227),tensor(1.2170),tensor(1.1583)
235,235,tensor(1.5201),tensor(1.2159),tensor(1.1572)
236,236,tensor(1.5174),tensor(1.2148),tensor(1.1561)
237,237,tensor(1.5148),tensor(1.2137),tensor(1.1550)
238,238,tensor(1.5122),tensor(1.2126),tensor(1.1539)
239,239,tensor(1.5095),tensor(1.2115),tensor(1.1528)
240,240,tensor(1.5069),tensor(1.2104),tensor(1.1517)
241,241,tensor(1.5042),tensor(1.2093),tensor(1.1506)
242,242,tensor(1.5016),tensor(1.2083),tensor(1.1495)
243,243,tensor(1.4990),tensor(1.2072),tensor(1.1484)
244,244,tensor(1.4964),tensor(1.2061),tensor(1.1473)
245,245,tensor(1.4938),tensor(1.2050),tensor(1.1462)
246,246,tensor(1.4911),tensor(1.2039),tensor(1.1451)
247,247,tensor(1.4885),tensor(1.2028),tensor(1.1440)
248,248,tensor(1.4859),tensor(1.2018),tensor(1.1429)
249,249,tensor(1.4833),tensor(1.2007),tensor(1.1419)
250,250,tensor(1.4807),tensor(1.1996),tensor(1.1408)
251,251,tensor(1.4781),tensor(1.1985),tensor(1.1397)
252,252,tensor(1.4755),tensor(1.1974),tensor(1.1386)
253,253,tensor(1.4730),tensor(1.1964),tensor(1.1375)
254,254,tensor(1.4704),tensor(1.1953),tensor(1.1364)
255,255,tensor(1.4678),tensor(1.1942),tensor(1.1353)
256,256,tensor(1.4652),tensor(1.1931),tensor(1.1342)
257,257,tensor(1.4627),tensor(1.1920),tensor(1.1332)
258,258,tensor(1.4601),tensor(1.1910),tensor(1.1321)
259,259,tensor(1.4575),tensor(1.1899),tensor(1.1310)
260,260,tensor(1.4550),tensor(1.1888),tensor(1.1299)
261,261,tensor(1.4524),tensor(1.1877),tensor(1.1288)
262,262,tensor(1.4498),tensor(1.1867),tensor(1.1277)
263,263,tensor(1.4473),tensor(1.1856),tensor(1.1266)
264,264,tensor(1.4447),tensor(1.1845),tensor(1.1256)
265,265,tensor(1.4422),tensor(1.1834),tensor(1.1245)
266,266,tensor(1.4397),tensor(1.1824),tensor(1.1234)
267,267,tensor(1.4371),tensor(1.1813),tensor(1.1223)
268,268,tensor(1.4346),tensor(1.1802),tensor(1.1212)
269,269,tensor(1.4321),tensor(1.1791),tensor(1.1202)
270,270,tensor(1.4295),tensor(1.1781),tensor(1.1191)
271,271,tensor(1.4270),tensor(1.1770),tensor(1.1180)
272,272,tensor(1.4245),tensor(1.1759),tensor(1.1169)
273,273,tensor(1.4220),tensor(1.1749),tensor(1.1158)
274,274,tensor(1.4195),tensor(1.1738),tensor(1.1148)
275,275,tensor(1.4170),tensor(1.1727),tensor(1.1137)
276,276,tensor(1.4145),tensor(1.1717),tensor(1.1126)
277,277,tensor(1.4120),tensor(1.1706),tensor(1.1115)
278,278,tensor(1.4095),tensor(1.1695),tensor(1.1105)
279,279,tensor(1.4070),tensor(1.1684),tensor(1.1094)
280,280,tensor(1.4045),tensor(1.1674),tensor(1.1083)
281,281,tensor(1.4020),tensor(1.1663),tensor(1.1072)
282,282,tensor(1.3995),tensor(1.1653),tensor(1.1062)
283,283,tensor(1.3970),tensor(1.1642),tensor(1.1051)
284,284,tensor(1.3945),tensor(1.1631),tensor(1.1040)
285,285,tensor(1.3921),tensor(1.1621),tensor(1.1029)
286,286,tensor(1.3896),tensor(1.1610),tensor(1.1019)
287,287,tensor(1.3871),tensor(1.1599),tensor(1.1008)
288,288,tensor(1.3847),tensor(1.1589),tensor(1.0997)
289,289,tensor(1.3822),tensor(1.1578),tensor(1.0987)
290,290,tensor(1.3798),tensor(1.1567),tensor(1.0976)
291,291,tensor(1.3773),tensor(1.1557),tensor(1.0965)
292,292,tensor(1.3749),tensor(1.1546),tensor(1.0955)
293,293,tensor(1.3724),tensor(1.1536),tensor(1.0944)
294,294,tensor(1.3700),tensor(1.1525),tensor(1.0933)
295,295,tensor(1.3675),tensor(1.1514),tensor(1.0923)
296,296,tensor(1.3651),tensor(1.1504),tensor(1.0912)
297,297,tensor(1.3627),tensor(1.1493),tensor(1.0901)
298,298,tensor(1.3602),tensor(1.1483),tensor(1.0891)
299,299,tensor(1.3578),tensor(1.1472),tensor(1.0880)
300,300,tensor(1.3554),tensor(1.1462),tensor(1.0869)
301,301,tensor(1.3530),tensor(1.1451),tensor(1.0859)
302,302,tensor(1.3506),tensor(1.1441),tensor(1.0848)
303,303,tensor(1.3482),tensor(1.1430),tensor(1.0837)
304,304,tensor(1.3458),tensor(1.1419),tensor(1.0827)
305,305,tensor(1.3434),tensor(1.1409),tensor(1.0816)
306,306,tensor(1.3410),tensor(1.1398),tensor(1.0806)
307,307,tensor(1.3386),tensor(1.1388),tensor(1.0795)
308,308,tensor(1.3362),tensor(1.1377),tensor(1.0784)
309,309,tensor(1.3338),tensor(1.1367),tensor(1.0774)
310,310,tensor(1.3314),tensor(1.1356),tensor(1.0763)
311,311,tensor(1.3290),tensor(1.1346),tensor(1.0753)
312,312,tensor(1.3266),tensor(1.1335),tensor(1.0742)
313,313,tensor(1.3243),tensor(1.1325),tensor(1.0731)
314,314,tensor(1.3219),tensor(1.1314),tensor(1.0721)
315,315,tensor(1.3195),tensor(1.1304),tensor(1.0710)
316,316,tensor(1.3171),tensor(1.1293),tensor(1.0700)
317,317,tensor(1.3148),tensor(1.1283),tensor(1.0689)
318,318,tensor(1.3124),tensor(1.1272),tensor(1.0679)
319,319,tensor(1.3101),tensor(1.1262),tensor(1.0668)
320,320,tensor(1.3077),tensor(1.1251),tensor(1.0658)
321,321,tensor(1.3054),tensor(1.1241),tensor(1.0647)
322,322,tensor(1.3030),tensor(1.1231),tensor(1.0636)
323,323,tensor(1.3007),tensor(1.1220),tensor(1.0626)
324,324,tensor(1.2983),tensor(1.1210),tensor(1.0615)
325,325,tensor(1.2960),tensor(1.1199),tensor(1.0605)
326,326,tensor(1.2937),tensor(1.1189),tensor(1.0594)
327,327,tensor(1.2913),tensor(1.1178),tensor(1.0584)
328,328,tensor(1.2890),tensor(1.1168),tensor(1.0573)
329,329,tensor(1.2867),tensor(1.1158),tensor(1.0563)
330,330,tensor(1.2844),tensor(1.1147),tensor(1.0552)
331,331,tensor(1.2821),tensor(1.1137),tensor(1.0542)
332,332,tensor(1.2798),tensor(1.1126),tensor(1.0531)
333,333,tensor(1.2775),tensor(1.1116),tensor(1.0521)
334,334,tensor(1.2751),tensor(1.1106),tensor(1.0511)
335,335,tensor(1.2728),tensor(1.1095),tensor(1.0500)
336,336,tensor(1.2705),tensor(1.1085),tensor(1.0490)
337,337,tensor(1.2683),tensor(1.1074),tensor(1.0479)
338,338,tensor(1.2660),tensor(1.1064),tensor(1.0469)
339,339,tensor(1.2637),tensor(1.1054),tensor(1.0458)
340,340,tensor(1.2614),tensor(1.1043),tensor(1.0448)
341,341,tensor(1.2591),tensor(1.1033),tensor(1.0437)
342,342,tensor(1.2568),tensor(1.1023),tensor(1.0427)
343,343,tensor(1.2546),tensor(1.1012),tensor(1.0417)
344,344,tensor(1.2523),tensor(1.1002),tensor(1.0406)
345,345,tensor(1.2500),tensor(1.0992),tensor(1.0396)
346,346,tensor(1.2478),tensor(1.0981),tensor(1.0385)
347,347,tensor(1.2455),tensor(1.0971),tensor(1.0375)
348,348,tensor(1.2432),tensor(1.0961),tensor(1.0364)
349,349,tensor(1.2410),tensor(1.0950),tensor(1.0354)
350,350,tensor(1.2387),tensor(1.0940),tensor(1.0344)
351,351,tensor(1.2365),tensor(1.0930),tensor(1.0333)
352,352,tensor(1.2342),tensor(1.0919),tensor(1.0323)
353,353,tensor(1.2320),tensor(1.0909),tensor(1.0313)
354,354,tensor(1.2298),tensor(1.0899),tensor(1.0302)
355,355,tensor(1.2275),tensor(1.0889),tensor(1.0292)
356,356,tensor(1.2253),tensor(1.0878),tensor(1.0281)
357,357,tensor(1.2231),tensor(1.0868),tensor(1.0271)
358,358,tensor(1.2208),tensor(1.0858),tensor(1.0261)
359,359,tensor(1.2186),tensor(1.0847),tensor(1.0250)
360,360,tensor(1.2164),tensor(1.0837),tensor(1.0240)
361,361,tensor(1.2142),tensor(1.0827),tensor(1.0230)
362,362,tensor(1.2120),tensor(1.0817),tensor(1.0219)
363,363,tensor(1.2098),tensor(1.0806),tensor(1.0209)
364,364,tensor(1.2076),tensor(1.0796),tensor(1.0199)
365,365,tensor(1.2053),tensor(1.0786),tensor(1.0189)
366,366,tensor(1.2031),tensor(1.0776),tensor(1.0178)
367,367,tensor(1.2010),tensor(1.0766),tensor(1.0168)
368,368,tensor(1.1988),tensor(1.0755),tensor(1.0158)
369,369,tensor(1.1966),tensor(1.0745),tensor(1.0147)
370,370,tensor(1.1944),tensor(1.0735),tensor(1.0137)
371,371,tensor(1.1922),tensor(1.0725),tensor(1.0127)
372,372,tensor(1.1900),tensor(1.0715),tensor(1.0116)
373,373,tensor(1.1878),tensor(1.0704),tensor(1.0106)
374,374,tensor(1.1857),tensor(1.0694),tensor(1.0096)
375,375,tensor(1.1835),tensor(1.0684),tensor(1.0086)
376,376,tensor(1.1813),tensor(1.0674),tensor(1.0075)
377,377,tensor(1.1792),tensor(1.0664),tensor(1.0065)
378,378,tensor(1.1770),tensor(1.0653),tensor(1.0055)
379,379,tensor(1.1749),tensor(1.0643),tensor(1.0045)
380,380,tensor(1.1727),tensor(1.0633),tensor(1.0034)
381,381,tensor(1.1705),tensor(1.0623),tensor(1.0024)
382,382,tensor(1.1684),tensor(1.0613),tensor(1.0014)
383,383,tensor(1.1663),tensor(1.0603),tensor(1.0004)
384,384,tensor(1.1641),tensor(1.0593),tensor(0.9994)
385,385,tensor(1.1620),tensor(1.0582),tensor(0.9983)
386,386,tensor(1.1598),tensor(1.0572),tensor(0.9973)
387,387,tensor(1.1577),tensor(1.0562),tensor(0.9963)
388,388,tensor(1.1556),tensor(1.0552),tensor(0.9953)
389,389,tensor(1.1535),tensor(1.0542),tensor(0.9943)
390,390,tensor(1.1513),tensor(1.0532),tensor(0.9932)
391,391,tensor(1.1492),tensor(1.0522),tensor(0.9922)
392,392,tensor(1.1471),tensor(1.0512),tensor(0.9912)
393,393,tensor(1.1450),tensor(1.0502),tensor(0.9902)
394,394,tensor(1.1429),tensor(1.0491),tensor(0.9892)
395,395,tensor(1.1408),tensor(1.0481),tensor(0.9881)
396,396,tensor(1.1387),tensor(1.0471),tensor(0.9871)
397,397,tensor(1.1366),tensor(1.0461),tensor(0.9861)
398,398,tensor(1.1345),tensor(1.0451),tensor(0.9851)
399,399,tensor(1.1324),tensor(1.0441),tensor(0.9841)
400,400,tensor(1.1303),tensor(1.0431),tensor(0.9831)
401,401,tensor(1.1282),tensor(1.0421),tensor(0.9821)
402,402,tensor(1.1261),tensor(1.0411),tensor(0.9810)
403,403,tensor(1.1240),tensor(1.0401),tensor(0.9800)
404,404,tensor(1.1220),tensor(1.0391),tensor(0.9790)
405,405,tensor(1.1199),tensor(1.0381),tensor(0.9780)
406,406,tensor(1.1178),tensor(1.0371),tensor(0.9770)
407,407,tensor(1.1157),tensor(1.0361),tensor(0.9760)
408,408,tensor(1.1137),tensor(1.0351),tensor(0.9750)
409,409,tensor(1.1116),tensor(1.0341),tensor(0.9740)
410,410,tensor(1.1095),tensor(1.0331),tensor(0.9730)
411,411,tensor(1.1075),tensor(1.0321),tensor(0.9720)
412,412,tensor(1.1054),tensor(1.0311),tensor(0.9710)
413,413,tensor(1.1034),tensor(1.0301),tensor(0.9699)
414,414,tensor(1.1013),tensor(1.0291),tensor(0.9689)
415,415,tensor(1.0993),tensor(1.0281),tensor(0.9679)
416,416,tensor(1.0973),tensor(1.0271),tensor(0.9669)
417,417,tensor(1.0952),tensor(1.0261),tensor(0.9659)
418,418,tensor(1.0932),tensor(1.0251),tensor(0.9649)
419,419,tensor(1.0911),tensor(1.0241),tensor(0.9639)
420,420,tensor(1.0891),tensor(1.0231),tensor(0.9629)
421,421,tensor(1.0871),tensor(1.0221),tensor(0.9619)
422,422,tensor(1.0851),tensor(1.0211),tensor(0.9609)
423,423,tensor(1.0831),tensor(1.0201),tensor(0.9599)
424,424,tensor(1.0810),tensor(1.0191),tensor(0.9589)
425,425,tensor(1.0790),tensor(1.0181),tensor(0.9579)
426,426,tensor(1.0770),tensor(1.0171),tensor(0.9569)
427,427,tensor(1.0750),tensor(1.0162),tensor(0.9559)
428,428,tensor(1.0730),tensor(1.0152),tensor(0.9549)
429,429,tensor(1.0710),tensor(1.0142),tensor(0.9539)
430,430,tensor(1.0690),tensor(1.0132),tensor(0.9529)
431,431,tensor(1.0670),tensor(1.0122),tensor(0.9519)
432,432,tensor(1.0650),tensor(1.0112),tensor(0.9509)
433,433,tensor(1.0630),tensor(1.0102),tensor(0.9499)
434,434,tensor(1.0610),tensor(1.0092),tensor(0.9489)
435,435,tensor(1.0591),tensor(1.0082),tensor(0.9479)
436,436,tensor(1.0571),tensor(1.0072),tensor(0.9469)
437,437,tensor(1.0551),tensor(1.0063),tensor(0.9459)
438,438,tensor(1.0531),tensor(1.0053),tensor(0.9449)
439,439,tensor(1.0512),tensor(1.0043),tensor(0.9439)
440,440,tensor(1.0492),tensor(1.0033),tensor(0.9429)
441,441,tensor(1.0472),tensor(1.0023),tensor(0.9419)
442,442,tensor(1.0453),tensor(1.0013),tensor(0.9410)
443,443,tensor(1.0433),tensor(1.0004),tensor(0.9400)
444,444,tensor(1.0413),tensor(0.9994),tensor(0.9390)
445,445,tensor(1.0394),tensor(0.9984),tensor(0.9380)
446,446,tensor(1.0374),tensor(0.9974),tensor(0.9370)
447,447,tensor(1.0355),tensor(0.9964),tensor(0.9360)
448,448,tensor(1.0335),tensor(0.9954),tensor(0.9350)
449,449,tensor(1.0316),tensor(0.9945),tensor(0.9340)
450,450,tensor(1.0297),tensor(0.9935),tensor(0.9330)
451,451,tensor(1.0277),tensor(0.9925),tensor(0.9320)
452,452,tensor(1.0258),tensor(0.9915),tensor(0.9311)
453,453,tensor(1.0239),tensor(0.9905),tensor(0.9301)
454,454,tensor(1.0219),tensor(0.9896),tensor(0.9291)
455,455,tensor(1.0200),tensor(0.9886),tensor(0.9281)
456,456,tensor(1.0181),tensor(0.9876),tensor(0.9271)
457,457,tensor(1.0162),tensor(0.9866),tensor(0.9261)
458,458,tensor(1.0143),tensor(0.9857),tensor(0.9251)
459,459,tensor(1.0124),tensor(0.9847),tensor(0.9242)
460,460,tensor(1.0104),tensor(0.9837),tensor(0.9232)
461,461,tensor(1.0085),tensor(0.9827),tensor(0.9222)
462,462,tensor(1.0066),tensor(0.9818),tensor(0.9212)
463,463,tensor(1.0047),tensor(0.9808),tensor(0.9202)
464,464,tensor(1.0028),tensor(0.9798),tensor(0.9192)
465,465,tensor(1.0010),tensor(0.9788),tensor(0.9183)
466,466,tensor(0.9991),tensor(0.9779),tensor(0.9173)
467,467,tensor(0.9972),tensor(0.9769),tensor(0.9163)
468,468,tensor(0.9953),tensor(0.9759),tensor(0.9153)
469,469,tensor(0.9934),tensor(0.9750),tensor(0.9143)
470,470,tensor(0.9915),tensor(0.9740),tensor(0.9134)
471,471,tensor(0.9896),tensor(0.9730),tensor(0.9124)
472,472,tensor(0.9878),tensor(0.9720),tensor(0.9114)
473,473,tensor(0.9859),tensor(0.9711),tensor(0.9104)
474,474,tensor(0.9840),tensor(0.9701),tensor(0.9095)
475,475,tensor(0.9822),tensor(0.9691),tensor(0.9085)
476,476,tensor(0.9803),tensor(0.9682),tensor(0.9075)
477,477,tensor(0.9785),tensor(0.9672),tensor(0.9065)
478,478,tensor(0.9766),tensor(0.9662),tensor(0.9056)
479,479,tensor(0.9747),tensor(0.9653),tensor(0.9046)
480,480,tensor(0.9729),tensor(0.9643),tensor(0.9036)
481,481,tensor(0.9710),tensor(0.9633),tensor(0.9026)
482,482,tensor(0.9692),tensor(0.9624),tensor(0.9017)
483,483,tensor(0.9674),tensor(0.9614),tensor(0.9007)
484,484,tensor(0.9655),tensor(0.9605),tensor(0.8997)
485,485,tensor(0.9637),tensor(0.9595),tensor(0.8988)
486,486,tensor(0.9619),tensor(0.9585),tensor(0.8978)
487,487,tensor(0.9600),tensor(0.9576),tensor(0.8968)
488,488,tensor(0.9582),tensor(0.9566),tensor(0.8958)
489,489,tensor(0.9564),tensor(0.9556),tensor(0.8949)
490,490,tensor(0.9545),tensor(0.9547),tensor(0.8939)
491,491,tensor(0.9527),tensor(0.9537),tensor(0.8929)
492,492,tensor(0.9509),tensor(0.9528),tensor(0.8920)
493,493,tensor(0.9491),tensor(0.9518),tensor(0.8910)
494,494,tensor(0.9473),tensor(0.9509),tensor(0.8900)
495,495,tensor(0.9455),tensor(0.9499),tensor(0.8891)
496,496,tensor(0.9437),tensor(0.9489),tensor(0.8881)
497,497,tensor(0.9419),tensor(0.9480),tensor(0.8871)
498,498,tensor(0.9401),tensor(0.9470),tensor(0.8862)
499,499,tensor(0.9383),tensor(0.9461),tensor(0.8852)
500,500,tensor(0.9365),tensor(0.9451),tensor(0.8842)
501,501,tensor(0.9347),tensor(0.9442),tensor(0.8833)
502,502,tensor(0.9329),tensor(0.9432),tensor(0.8823)
503,503,tensor(0.9311),tensor(0.9423),tensor(0.8814)
504,504,tensor(0.9293),tensor(0.9413),tensor(0.8804)
505,505,tensor(0.9276),tensor(0.9404),tensor(0.8794)
506,506,tensor(0.9258),tensor(0.9394),tensor(0.8785)
507,507,tensor(0.9240),tensor(0.9384),tensor(0.8775)
508,508,tensor(0.9222),tensor(0.9375),tensor(0.8766)
509,509,tensor(0.9205),tensor(0.9365),tensor(0.8756)
510,510,tensor(0.9187),tensor(0.9356),tensor(0.8746)
511,511,tensor(0.9170),tensor(0.9346),tensor(0.8737)
512,512,tensor(0.9152),tensor(0.9337),tensor(0.8727)
513,513,tensor(0.9134),tensor(0.9328),tensor(0.8718)
514,514,tensor(0.9117),tensor(0.9318),tensor(0.8708)
515,515,tensor(0.9099),tensor(0.9309),tensor(0.8699)
516,516,tensor(0.9082),tensor(0.9299),tensor(0.8689)
517,517,tensor(0.9064),tensor(0.9290),tensor(0.8679)
518,518,tensor(0.9047),tensor(0.9280),tensor(0.8670)
519,519,tensor(0.9030),tensor(0.9271),tensor(0.8660)
520,520,tensor(0.9012),tensor(0.9261),tensor(0.8651)
521,521,tensor(0.8995),tensor(0.9252),tensor(0.8641)
522,522,tensor(0.8978),tensor(0.9242),tensor(0.8632)
523,523,tensor(0.8960),tensor(0.9233),tensor(0.8622)
524,524,tensor(0.8943),tensor(0.9224),tensor(0.8613)
525,525,tensor(0.8926),tensor(0.9214),tensor(0.8603)
526,526,tensor(0.8909),tensor(0.9205),tensor(0.8594)
527,527,tensor(0.8891),tensor(0.9195),tensor(0.8584)
528,528,tensor(0.8874),tensor(0.9186),tensor(0.8575)
529,529,tensor(0.8857),tensor(0.9177),tensor(0.8565)
530,530,tensor(0.8840),tensor(0.9167),tensor(0.8556)
531,531,tensor(0.8823),tensor(0.9158),tensor(0.8546)
532,532,tensor(0.8806),tensor(0.9148),tensor(0.8537)
533,533,tensor(0.8789),tensor(0.9139),tensor(0.8527)
534,534,tensor(0.8772),tensor(0.9130),tensor(0.8518)
535,535,tensor(0.8755),tensor(0.9120),tensor(0.8509)
536,536,tensor(0.8738),tensor(0.9111),tensor(0.8499)
537,537,tensor(0.8721),tensor(0.9102),tensor(0.8490)
538,538,tensor(0.8704),tensor(0.9092),tensor(0.8480)
539,539,tensor(0.8687),tensor(0.9083),tensor(0.8471)
540,540,tensor(0.8671),tensor(0.9073),tensor(0.8461)
541,541,tensor(0.8654),tensor(0.9064),tensor(0.8452)
542,542,tensor(0.8637),tensor(0.9055),tensor(0.8442)
543,543,tensor(0.8620),tensor(0.9045),tensor(0.8433)
544,544,tensor(0.8603),tensor(0.9036),tensor(0.8424)
545,545,tensor(0.8587),tensor(0.9027),tensor(0.8414)
546,546,tensor(0.8570),tensor(0.9018),tensor(0.8405)
547,547,tensor(0.8553),tensor(0.9008),tensor(0.8395)
548,548,tensor(0.8537),tensor(0.8999),tensor(0.8386)
549,549,tensor(0.8520),tensor(0.8990),tensor(0.8377)
550,550,tensor(0.8504),tensor(0.8980),tensor(0.8367)
551,551,tensor(0.8487),tensor(0.8971),tensor(0.8358)
552,552,tensor(0.8471),tensor(0.8962),tensor(0.8349)
553,553,tensor(0.8454),tensor(0.8952),tensor(0.8339)
554,554,tensor(0.8438),tensor(0.8943),tensor(0.8330)
555,555,tensor(0.8421),tensor(0.8934),tensor(0.8320)
556,556,tensor(0.8405),tensor(0.8925),tensor(0.8311)
557,557,tensor(0.8389),tensor(0.8915),tensor(0.8302)
558,558,tensor(0.8372),tensor(0.8906),tensor(0.8292)
559,559,tensor(0.8356),tensor(0.8897),tensor(0.8283)
560,560,tensor(0.8340),tensor(0.8888),tensor(0.8274)
561,561,tensor(0.8323),tensor(0.8878),tensor(0.8264)
562,562,tensor(0.8307),tensor(0.8869),tensor(0.8255)
563,563,tensor(0.8291),tensor(0.8860),tensor(0.8246)
564,564,tensor(0.8275),tensor(0.8851),tensor(0.8237)
565,565,tensor(0.8259),tensor(0.8842),tensor(0.8227)
566,566,tensor(0.8243),tensor(0.8832),tensor(0.8218)
567,567,tensor(0.8226),tensor(0.8823),tensor(0.8209)
568,568,tensor(0.8210),tensor(0.8814),tensor(0.8199)
569,569,tensor(0.8194),tensor(0.8805),tensor(0.8190)
570,570,tensor(0.8178),tensor(0.8796),tensor(0.8181)
571,571,tensor(0.8162),tensor(0.8786),tensor(0.8172)
572,572,tensor(0.8146),tensor(0.8777),tensor(0.8162)
573,573,tensor(0.8130),tensor(0.8768),tensor(0.8153)
574,574,tensor(0.8114),tensor(0.8759),tensor(0.8144)
575,575,tensor(0.8099),tensor(0.8750),tensor(0.8134)
576,576,tensor(0.8083),tensor(0.8741),tensor(0.8125)
577,577,tensor(0.8067),tensor(0.8731),tensor(0.8116)
578,578,tensor(0.8051),tensor(0.8722),tensor(0.8107)
579,579,tensor(0.8035),tensor(0.8713),tensor(0.8098)
580,580,tensor(0.8019),tensor(0.8704),tensor(0.8088)
581,581,tensor(0.8004),tensor(0.8695),tensor(0.8079)
582,582,tensor(0.7988),tensor(0.8686),tensor(0.8070)
583,583,tensor(0.7972),tensor(0.8677),tensor(0.8061)
584,584,tensor(0.7957),tensor(0.8668),tensor(0.8051)
585,585,tensor(0.7941),tensor(0.8658),tensor(0.8042)
586,586,tensor(0.7925),tensor(0.8649),tensor(0.8033)
587,587,tensor(0.7910),tensor(0.8640),tensor(0.8024)
588,588,tensor(0.7894),tensor(0.8631),tensor(0.8015)
589,589,tensor(0.7879),tensor(0.8622),tensor(0.8006)
590,590,tensor(0.7863),tensor(0.8613),tensor(0.7996)
591,591,tensor(0.7848),tensor(0.8604),tensor(0.7987)
592,592,tensor(0.7832),tensor(0.8595),tensor(0.7978)
593,593,tensor(0.7817),tensor(0.8586),tensor(0.7969)
594,594,tensor(0.7802),tensor(0.8577),tensor(0.7960)
595,595,tensor(0.7786),tensor(0.8568),tensor(0.7951)
596,596,tensor(0.7771),tensor(0.8559),tensor(0.7941)
597,597,tensor(0.7755),tensor(0.8550),tensor(0.7932)
598,598,tensor(0.7740),tensor(0.8540),tensor(0.7923)
599,599,tensor(0.7725),tensor(0.8531),tensor(0.7914)
600,600,tensor(0.7710),tensor(0.8522),tensor(0.7905)
601,601,tensor(0.7694),tensor(0.8513),tensor(0.7896)
602,602,tensor(0.7679),tensor(0.8504),tensor(0.7887)
603,603,tensor(0.7664),tensor(0.8495),tensor(0.7878)
604,604,tensor(0.7649),tensor(0.8486),tensor(0.7868)
605,605,tensor(0.7634),tensor(0.8477),tensor(0.7859)
606,606,tensor(0.7619),tensor(0.8468),tensor(0.7850)
607,607,tensor(0.7604),tensor(0.8459),tensor(0.7841)
608,608,tensor(0.7589),tensor(0.8450),tensor(0.7832)
609,609,tensor(0.7574),tensor(0.8441),tensor(0.7823)
610,610,tensor(0.7559),tensor(0.8432),tensor(0.7814)
611,611,tensor(0.7544),tensor(0.8423),tensor(0.7805)
612,612,tensor(0.7529),tensor(0.8414),tensor(0.7796)
613,613,tensor(0.7514),tensor(0.8405),tensor(0.7787)
614,614,tensor(0.7499),tensor(0.8396),tensor(0.7778)
615,615,tensor(0.7484),tensor(0.8388),tensor(0.7769)
616,616,tensor(0.7469),tensor(0.8379),tensor(0.7760)
617,617,tensor(0.7454),tensor(0.8370),tensor(0.7751)
618,618,tensor(0.7440),tensor(0.8361),tensor(0.7742)
619,619,tensor(0.7425),tensor(0.8352),tensor(0.7733)
620,620,tensor(0.7410),tensor(0.8343),tensor(0.7724)
621,621,tensor(0.7395),tensor(0.8334),tensor(0.7715)
622,622,tensor(0.7381),tensor(0.8325),tensor(0.7706)
623,623,tensor(0.7366),tensor(0.8316),tensor(0.7697)
624,624,tensor(0.7351),tensor(0.8307),tensor(0.7688)
625,625,tensor(0.7337),tensor(0.8298),tensor(0.7679)
626,626,tensor(0.7322),tensor(0.8289),tensor(0.7670)
627,627,tensor(0.7308),tensor(0.8281),tensor(0.7661)
628,628,tensor(0.7293),tensor(0.8272),tensor(0.7652)
629,629,tensor(0.7278),tensor(0.8263),tensor(0.7643)
630,630,tensor(0.7264),tensor(0.8254),tensor(0.7634)
631,631,tensor(0.7249),tensor(0.8245),tensor(0.7625)
632,632,tensor(0.7235),tensor(0.8236),tensor(0.7616)
633,633,tensor(0.7221),tensor(0.8227),tensor(0.7607)
634,634,tensor(0.7206),tensor(0.8218),tensor(0.7598)
635,635,tensor(0.7192),tensor(0.8210),tensor(0.7589)
636,636,tensor(0.7177),tensor(0.8201),tensor(0.7580)
637,637,tensor(0.7163),tensor(0.8192),tensor(0.7571)
638,638,tensor(0.7149),tensor(0.8183),tensor(0.7562)
639,639,tensor(0.7135),tensor(0.8174),tensor(0.7553)
640,640,tensor(0.7120),tensor(0.8165),tensor(0.7544)
641,641,tensor(0.7106),tensor(0.8157),tensor(0.7535)
642,642,tensor(0.7092),tensor(0.8148),tensor(0.7527)
643,643,tensor(0.7078),tensor(0.8139),tensor(0.7518)
644,644,tensor(0.7064),tensor(0.8130),tensor(0.7509)
645,645,tensor(0.7049),tensor(0.8121),tensor(0.7500)
646,646,tensor(0.7035),tensor(0.8113),tensor(0.7491)
647,647,tensor(0.7021),tensor(0.8104),tensor(0.7482)
648,648,tensor(0.7007),tensor(0.8095),tensor(0.7473)
649,649,tensor(0.6993),tensor(0.8086),tensor(0.7464)
650,650,tensor(0.6979),tensor(0.8077),tensor(0.7456)
651,651,tensor(0.6965),tensor(0.8069),tensor(0.7447)
652,652,tensor(0.6951),tensor(0.8060),tensor(0.7438)
653,653,tensor(0.6937),tensor(0.8051),tensor(0.7429)
654,654,tensor(0.6923),tensor(0.8042),tensor(0.7420)
655,655,tensor(0.6909),tensor(0.8034),tensor(0.7411)
656,656,tensor(0.6896),tensor(0.8025),tensor(0.7403)
657,657,tensor(0.6882),tensor(0.8016),tensor(0.7394)
658,658,tensor(0.6868),tensor(0.8008),tensor(0.7385)
659,659,tensor(0.6854),tensor(0.7999),tensor(0.7376)
660,660,tensor(0.6840),tensor(0.7990),tensor(0.7367)
661,661,tensor(0.6827),tensor(0.7981),tensor(0.7359)
662,662,tensor(0.6813),tensor(0.7973),tensor(0.7350)
663,663,tensor(0.6799),tensor(0.7964),tensor(0.7341)
664,664,tensor(0.6786),tensor(0.7955),tensor(0.7332)
665,665,tensor(0.6772),tensor(0.7947),tensor(0.7323)
666,666,tensor(0.6758),tensor(0.7938),tensor(0.7315)
667,667,tensor(0.6745),tensor(0.7929),tensor(0.7306)
668,668,tensor(0.6731),tensor(0.7921),tensor(0.7297)
669,669,tensor(0.6717),tensor(0.7912),tensor(0.7288)
670,670,tensor(0.6704),tensor(0.7903),tensor(0.7280)
671,671,tensor(0.6690),tensor(0.7895),tensor(0.7271)
672,672,tensor(0.6677),tensor(0.7886),tensor(0.7262)
673,673,tensor(0.6663),tensor(0.7877),tensor(0.7253)
674,674,tensor(0.6650),tensor(0.7869),tensor(0.7245)
675,675,tensor(0.6637),tensor(0.7860),tensor(0.7236)
676,676,tensor(0.6623),tensor(0.7851),tensor(0.7227)
677,677,tensor(0.6610),tensor(0.7843),tensor(0.7218)
678,678,tensor(0.6597),tensor(0.7834),tensor(0.7210)
679,679,tensor(0.6583),tensor(0.7826),tensor(0.7201)
680,680,tensor(0.6570),tensor(0.7817),tensor(0.7192)
681,681,tensor(0.6557),tensor(0.7808),tensor(0.7184)
682,682,tensor(0.6543),tensor(0.7800),tensor(0.7175)
683,683,tensor(0.6530),tensor(0.7791),tensor(0.7166)
684,684,tensor(0.6517),tensor(0.7783),tensor(0.7158)
685,685,tensor(0.6504),tensor(0.7774),tensor(0.7149)
686,686,tensor(0.6491),tensor(0.7765),tensor(0.7140)
687,687,tensor(0.6477),tensor(0.7757),tensor(0.7132)
688,688,tensor(0.6464),tensor(0.7748),tensor(0.7123)
689,689,tensor(0.6451),tensor(0.7740),tensor(0.7114)
690,690,tensor(0.6438),tensor(0.7731),tensor(0.7106)
691,691,tensor(0.6425),tensor(0.7723),tensor(0.7097)
692,692,tensor(0.6412),tensor(0.7714),tensor(0.7088)
693,693,tensor(0.6399),tensor(0.7705),tensor(0.7080)
694,694,tensor(0.6386),tensor(0.7697),tensor(0.7071)
695,695,tensor(0.6373),tensor(0.7688),tensor(0.7063)
696,696,tensor(0.6360),tensor(0.7680),tensor(0.7054)
697,697,tensor(0.6347),tensor(0.7671),tensor(0.7045)
698,698,tensor(0.6334),tensor(0.7663),tensor(0.7037)
699,699,tensor(0.6322),tensor(0.7654),tensor(0.7028)
700,700,tensor(0.6309),tensor(0.7646),tensor(0.7020)
701,701,tensor(0.6296),tensor(0.7637),tensor(0.7011)
702,702,tensor(0.6283),tensor(0.7629),tensor(0.7002)
703,703,tensor(0.6270),tensor(0.7620),tensor(0.6994)
704,704,tensor(0.6258),tensor(0.7612),tensor(0.6985)
705,705,tensor(0.6245),tensor(0.7603),tensor(0.6977)
706,706,tensor(0.6232),tensor(0.7595),tensor(0.6968)
707,707,tensor(0.6219),tensor(0.7586),tensor(0.6960)
708,708,tensor(0.6207),tensor(0.7578),tensor(0.6951)
709,709,tensor(0.6194),tensor(0.7570),tensor(0.6942)
710,710,tensor(0.6182),tensor(0.7561),tensor(0.6934)
711,711,tensor(0.6169),tensor(0.7553),tensor(0.6925)
712,712,tensor(0.6156),tensor(0.7544),tensor(0.6917)
713,713,tensor(0.6144),tensor(0.7536),tensor(0.6908)
714,714,tensor(0.6131),tensor(0.7527),tensor(0.6900)
715,715,tensor(0.6119),tensor(0.7519),tensor(0.6891)
716,716,tensor(0.6106),tensor(0.7511),tensor(0.6883)
717,717,tensor(0.6094),tensor(0.7502),tensor(0.6874)
718,718,tensor(0.6081),tensor(0.7494),tensor(0.6866)
719,719,tensor(0.6069),tensor(0.7485),tensor(0.6857)
720,720,tensor(0.6057),tensor(0.7477),tensor(0.6849)
721,721,tensor(0.6044),tensor(0.7468),tensor(0.6840)
722,722,tensor(0.6032),tensor(0.7460),tensor(0.6832)
723,723,tensor(0.6020),tensor(0.7452),tensor(0.6823)
724,724,tensor(0.6007),tensor(0.7443),tensor(0.6815)
725,725,tensor(0.5995),tensor(0.7435),tensor(0.6807)
726,726,tensor(0.5983),tensor(0.7427),tensor(0.6798)
727,727,tensor(0.5971),tensor(0.7418),tensor(0.6790)
728,728,tensor(0.5958),tensor(0.7410),tensor(0.6781)
729,729,tensor(0.5946),tensor(0.7402),tensor(0.6773)
730,730,tensor(0.5934),tensor(0.7393),tensor(0.6764)
731,731,tensor(0.5922),tensor(0.7385),tensor(0.6756)
732,732,tensor(0.5910),tensor(0.7377),tensor(0.6748)
733,733,tensor(0.5898),tensor(0.7368),tensor(0.6739)
734,734,tensor(0.5885),tensor(0.7360),tensor(0.6731)
735,735,tensor(0.5873),tensor(0.7352),tensor(0.6722)
736,736,tensor(0.5861),tensor(0.7343),tensor(0.6714)
737,737,tensor(0.5849),tensor(0.7335),tensor(0.6706)
738,738,tensor(0.5837),tensor(0.7327),tensor(0.6697)
739,739,tensor(0.5825),tensor(0.7318),tensor(0.6689)
740,740,tensor(0.5813),tensor(0.7310),tensor(0.6680)
741,741,tensor(0.5801),tensor(0.7302),tensor(0.6672)
742,742,tensor(0.5790),tensor(0.7294),tensor(0.6664)
743,743,tensor(0.5778),tensor(0.7285),tensor(0.6655)
744,744,tensor(0.5766),tensor(0.7277),tensor(0.6647)
745,745,tensor(0.5754),tensor(0.7269),tensor(0.6639)
746,746,tensor(0.5742),tensor(0.7261),tensor(0.6630)
747,747,tensor(0.5730),tensor(0.7252),tensor(0.6622)
748,748,tensor(0.5719),tensor(0.7244),tensor(0.6614)
749,749,tensor(0.5707),tensor(0.7236),tensor(0.6605)
750,750,tensor(0.5695),tensor(0.7228),tensor(0.6597)
751,751,tensor(0.5683),tensor(0.7219),tensor(0.6589)
752,752,tensor(0.5672),tensor(0.7211),tensor(0.6580)
753,753,tensor(0.5660),tensor(0.7203),tensor(0.6572)
754,754,tensor(0.5648),tensor(0.7195),tensor(0.6564)
755,755,tensor(0.5637),tensor(0.7186),tensor(0.6556)
756,756,tensor(0.5625),tensor(0.7178),tensor(0.6547)
757,757,tensor(0.5613),tensor(0.7170),tensor(0.6539)
758,758,tensor(0.5602),tensor(0.7162),tensor(0.6531)
759,759,tensor(0.5590),tensor(0.7154),tensor(0.6522)
760,760,tensor(0.5579),tensor(0.7146),tensor(0.6514)
761,761,tensor(0.5567),tensor(0.7137),tensor(0.6506)
762,762,tensor(0.5556),tensor(0.7129),tensor(0.6498)
763,763,tensor(0.5544),tensor(0.7121),tensor(0.6489)
764,764,tensor(0.5533),tensor(0.7113),tensor(0.6481)
765,765,tensor(0.5522),tensor(0.7105),tensor(0.6473)
766,766,tensor(0.5510),tensor(0.7097),tensor(0.6465)
767,767,tensor(0.5499),tensor(0.7088),tensor(0.6457)
768,768,tensor(0.5487),tensor(0.7080),tensor(0.6448)
769,769,tensor(0.5476),tensor(0.7072),tensor(0.6440)
770,770,tensor(0.5465),tensor(0.7064),tensor(0.6432)
771,771,tensor(0.5453),tensor(0.7056),tensor(0.6424)
772,772,tensor(0.5442),tensor(0.7048),tensor(0.6416)
773,773,tensor(0.5431),tensor(0.7040),tensor(0.6407)
774,774,tensor(0.5420),tensor(0.7032),tensor(0.6399)
775,775,tensor(0.5408),tensor(0.7023),tensor(0.6391)
776,776,tensor(0.5397),tensor(0.7015),tensor(0.6383)
777,777,tensor(0.5386),tensor(0.7007),tensor(0.6375)
778,778,tensor(0.5375),tensor(0.6999),tensor(0.6366)
779,779,tensor(0.5364),tensor(0.6991),tensor(0.6358)
780,780,tensor(0.5353),tensor(0.6983),tensor(0.6350)
781,781,tensor(0.5342),tensor(0.6975),tensor(0.6342)
782,782,tensor(0.5331),tensor(0.6967),tensor(0.6334)
783,783,tensor(0.5320),tensor(0.6959),tensor(0.6326)
784,784,tensor(0.5309),tensor(0.6951),tensor(0.6318)
785,785,tensor(0.5298),tensor(0.6943),tensor(0.6310)
786,786,tensor(0.5287),tensor(0.6935),tensor(0.6301)
787,787,tensor(0.5276),tensor(0.6927),tensor(0.6293)
788,788,tensor(0.5265),tensor(0.6919),tensor(0.6285)
789,789,tensor(0.5254),tensor(0.6911),tensor(0.6277)
790,790,tensor(0.5243),tensor(0.6903),tensor(0.6269)
791,791,tensor(0.5232),tensor(0.6895),tensor(0.6261)
792,792,tensor(0.5221),tensor(0.6887),tensor(0.6253)
793,793,tensor(0.5210),tensor(0.6879),tensor(0.6245)
794,794,tensor(0.5199),tensor(0.6871),tensor(0.6237)
795,795,tensor(0.5189),tensor(0.6863),tensor(0.6229)
796,796,tensor(0.5178),tensor(0.6855),tensor(0.6221)
797,797,tensor(0.5167),tensor(0.6847),tensor(0.6213)
798,798,tensor(0.5156),tensor(0.6839),tensor(0.6204)
799,799,tensor(0.5146),tensor(0.6831),tensor(0.6196)
800,800,tensor(0.5135),tensor(0.6823),tensor(0.6188)
801,801,tensor(0.5124),tensor(0.6815),tensor(0.6180)
802,802,tensor(0.5114),tensor(0.6807),tensor(0.6172)
803,803,tensor(0.5103),tensor(0.6799),tensor(0.6164)
804,804,tensor(0.5092),tensor(0.6791),tensor(0.6156)
805,805,tensor(0.5082),tensor(0.6783),tensor(0.6148)
806,806,tensor(0.5071),tensor(0.6775),tensor(0.6140)
807,807,tensor(0.5061),tensor(0.6767),tensor(0.6132)
808,808,tensor(0.5050),tensor(0.6759),tensor(0.6124)
809,809,tensor(0.5039),tensor(0.6751),tensor(0.6116)
810,810,tensor(0.5029),tensor(0.6744),tensor(0.6108)
811,811,tensor(0.5019),tensor(0.6736),tensor(0.6100)
812,812,tensor(0.5008),tensor(0.6728),tensor(0.6092)
813,813,tensor(0.4998),tensor(0.6720),tensor(0.6084)
814,814,tensor(0.4987),tensor(0.6712),tensor(0.6076)
815,815,tensor(0.4977),tensor(0.6704),tensor(0.6069)
816,816,tensor(0.4966),tensor(0.6696),tensor(0.6061)
817,817,tensor(0.4956),tensor(0.6688),tensor(0.6053)
818,818,tensor(0.4946),tensor(0.6680),tensor(0.6045)
819,819,tensor(0.4935),tensor(0.6673),tensor(0.6037)
820,820,tensor(0.4925),tensor(0.6665),tensor(0.6029)
821,821,tensor(0.4915),tensor(0.6657),tensor(0.6021)
822,822,tensor(0.4905),tensor(0.6649),tensor(0.6013)
823,823,tensor(0.4894),tensor(0.6641),tensor(0.6005)
824,824,tensor(0.4884),tensor(0.6633),tensor(0.5997)
825,825,tensor(0.4874),tensor(0.6626),tensor(0.5989)
826,826,tensor(0.4864),tensor(0.6618),tensor(0.5981)
827,827,tensor(0.4853),tensor(0.6610),tensor(0.5974)
828,828,tensor(0.4843),tensor(0.6602),tensor(0.5966)
829,829,tensor(0.4833),tensor(0.6594),tensor(0.5958)
830,830,tensor(0.4823),tensor(0.6587),tensor(0.5950)
831,831,tensor(0.4813),tensor(0.6579),tensor(0.5942)
832,832,tensor(0.4803),tensor(0.6571),tensor(0.5934)
833,833,tensor(0.4793),tensor(0.6563),tensor(0.5926)
834,834,tensor(0.4783),tensor(0.6555),tensor(0.5919)
835,835,tensor(0.4773),tensor(0.6548),tensor(0.5911)
836,836,tensor(0.4763),tensor(0.6540),tensor(0.5903)
837,837,tensor(0.4753),tensor(0.6532),tensor(0.5895)
838,838,tensor(0.4743),tensor(0.6524),tensor(0.5887)
839,839,tensor(0.4733),tensor(0.6517),tensor(0.5879)
840,840,tensor(0.4723),tensor(0.6509),tensor(0.5872)
841,841,tensor(0.4713),tensor(0.6501),tensor(0.5864)
842,842,tensor(0.4703),tensor(0.6493),tensor(0.5856)
843,843,tensor(0.4693),tensor(0.6486),tensor(0.5848)
844,844,tensor(0.4684),tensor(0.6478),tensor(0.5840)
845,845,tensor(0.4674),tensor(0.6470),tensor(0.5833)
846,846,tensor(0.4664),tensor(0.6463),tensor(0.5825)
847,847,tensor(0.4654),tensor(0.6455),tensor(0.5817)
848,848,tensor(0.4644),tensor(0.6447),tensor(0.5809)
849,849,tensor(0.4635),tensor(0.6440),tensor(0.5802)
850,850,tensor(0.4625),tensor(0.6432),tensor(0.5794)
851,851,tensor(0.4615),tensor(0.6424),tensor(0.5786)
852,852,tensor(0.4606),tensor(0.6417),tensor(0.5778)
853,853,tensor(0.4596),tensor(0.6409),tensor(0.5771)
854,854,tensor(0.4586),tensor(0.6401),tensor(0.5763)
855,855,tensor(0.4577),tensor(0.6394),tensor(0.5755)
856,856,tensor(0.4567),tensor(0.6386),tensor(0.5747)
857,857,tensor(0.4557),tensor(0.6378),tensor(0.5740)
858,858,tensor(0.4548),tensor(0.6371),tensor(0.5732)
859,859,tensor(0.4538),tensor(0.6363),tensor(0.5724)
860,860,tensor(0.4529),tensor(0.6355),tensor(0.5717)
861,861,tensor(0.4519),tensor(0.6348),tensor(0.5709)
862,862,tensor(0.4510),tensor(0.6340),tensor(0.5701)
863,863,tensor(0.4500),tensor(0.6332),tensor(0.5694)
864,864,tensor(0.4491),tensor(0.6325),tensor(0.5686)
865,865,tensor(0.4481),tensor(0.6317),tensor(0.5678)
866,866,tensor(0.4472),tensor(0.6310),tensor(0.5671)
867,867,tensor(0.4462),tensor(0.6302),tensor(0.5663)
868,868,tensor(0.4453),tensor(0.6295),tensor(0.5655)
869,869,tensor(0.4444),tensor(0.6287),tensor(0.5648)
870,870,tensor(0.4434),tensor(0.6279),tensor(0.5640)
871,871,tensor(0.4425),tensor(0.6272),tensor(0.5632)
872,872,tensor(0.4416),tensor(0.6264),tensor(0.5625)
873,873,tensor(0.4406),tensor(0.6257),tensor(0.5617)
874,874,tensor(0.4397),tensor(0.6249),tensor(0.5610)
875,875,tensor(0.4388),tensor(0.6242),tensor(0.5602)
876,876,tensor(0.4379),tensor(0.6234),tensor(0.5594)
877,877,tensor(0.4369),tensor(0.6227),tensor(0.5587)
878,878,tensor(0.4360),tensor(0.6219),tensor(0.5579)
879,879,tensor(0.4351),tensor(0.6211),tensor(0.5572)
880,880,tensor(0.4342),tensor(0.6204),tensor(0.5564)
881,881,tensor(0.4333),tensor(0.6196),tensor(0.5556)
882,882,tensor(0.4323),tensor(0.6189),tensor(0.5549)
883,883,tensor(0.4314),tensor(0.6181),tensor(0.5541)
884,884,tensor(0.4305),tensor(0.6174),tensor(0.5534)
885,885,tensor(0.4296),tensor(0.6166),tensor(0.5526)
886,886,tensor(0.4287),tensor(0.6159),tensor(0.5519)
887,887,tensor(0.4278),tensor(0.6151),tensor(0.5511)
888,888,tensor(0.4269),tensor(0.6144),tensor(0.5504)
889,889,tensor(0.4260),tensor(0.6137),tensor(0.5496)
890,890,tensor(0.4251),tensor(0.6129),tensor(0.5488)
891,891,tensor(0.4242),tensor(0.6122),tensor(0.5481)
892,892,tensor(0.4233),tensor(0.6114),tensor(0.5473)
893,893,tensor(0.4224),tensor(0.6107),tensor(0.5466)
894,894,tensor(0.4215),tensor(0.6099),tensor(0.5458)
895,895,tensor(0.4206),tensor(0.6092),tensor(0.5451)
896,896,tensor(0.4197),tensor(0.6084),tensor(0.5443)
897,897,tensor(0.4189),tensor(0.6077),tensor(0.5436)
898,898,tensor(0.4180),tensor(0.6070),tensor(0.5429)
899,899,tensor(0.4171),tensor(0.6062),tensor(0.5421)
900,900,tensor(0.4162),tensor(0.6055),tensor(0.5414)
901,901,tensor(0.4153),tensor(0.6047),tensor(0.5406)
902,902,tensor(0.4144),tensor(0.6040),tensor(0.5399)
903,903,tensor(0.4136),tensor(0.6033),tensor(0.5391)
904,904,tensor(0.4127),tensor(0.6025),tensor(0.5384)
905,905,tensor(0.4118),tensor(0.6018),tensor(0.5376)
906,906,tensor(0.4110),tensor(0.6010),tensor(0.5369)
907,907,tensor(0.4101),tensor(0.6003),tensor(0.5362)
908,908,tensor(0.4092),tensor(0.5996),tensor(0.5354)
909,909,tensor(0.4084),tensor(0.5988),tensor(0.5347)
910,910,tensor(0.4075),tensor(0.5981),tensor(0.5339)
911,911,tensor(0.4066),tensor(0.5974),tensor(0.5332)
912,912,tensor(0.4058),tensor(0.5966),tensor(0.5325)
913,913,tensor(0.4049),tensor(0.5959),tensor(0.5317)
914,914,tensor(0.4040),tensor(0.5952),tensor(0.5310)
915,915,tensor(0.4032),tensor(0.5944),tensor(0.5302)
916,916,tensor(0.4023),tensor(0.5937),tensor(0.5295)
917,917,tensor(0.4015),tensor(0.5930),tensor(0.5288)
918,918,tensor(0.4006),tensor(0.5922),tensor(0.5280)
919,919,tensor(0.3998),tensor(0.5915),tensor(0.5273)
920,920,tensor(0.3989),tensor(0.5908),tensor(0.5266)
921,921,tensor(0.3981),tensor(0.5901),tensor(0.5258)
922,922,tensor(0.3973),tensor(0.5893),tensor(0.5251)
923,923,tensor(0.3964),tensor(0.5886),tensor(0.5244)
924,924,tensor(0.3956),tensor(0.5879),tensor(0.5236)
925,925,tensor(0.3947),tensor(0.5871),tensor(0.5229)
926,926,tensor(0.3939),tensor(0.5864),tensor(0.5222)
927,927,tensor(0.3931),tensor(0.5857),tensor(0.5214)
928,928,tensor(0.3922),tensor(0.5850),tensor(0.5207)
929,929,tensor(0.3914),tensor(0.5842),tensor(0.5200)
930,930,tensor(0.3906),tensor(0.5835),tensor(0.5192)
931,931,tensor(0.3897),tensor(0.5828),tensor(0.5185)
932,932,tensor(0.3889),tensor(0.5821),tensor(0.5178)
933,933,tensor(0.3881),tensor(0.5814),tensor(0.5171)
934,934,tensor(0.3873),tensor(0.5806),tensor(0.5163)
935,935,tensor(0.3864),tensor(0.5799),tensor(0.5156)
936,936,tensor(0.3856),tensor(0.5792),tensor(0.5149)
937,937,tensor(0.3848),tensor(0.5785),tensor(0.5142)
938,938,tensor(0.3840),tensor(0.5778),tensor(0.5134)
939,939,tensor(0.3832),tensor(0.5770),tensor(0.5127)
940,940,tensor(0.3824),tensor(0.5763),tensor(0.5120)
941,941,tensor(0.3815),tensor(0.5756),tensor(0.5113)
942,942,tensor(0.3807),tensor(0.5749),tensor(0.5105)
943,943,tensor(0.3799),tensor(0.5742),tensor(0.5098)
944,944,tensor(0.3791),tensor(0.5735),tensor(0.5091)
945,945,tensor(0.3783),tensor(0.5727),tensor(0.5084)
946,946,tensor(0.3775),tensor(0.5720),tensor(0.5077)
947,947,tensor(0.3767),tensor(0.5713),tensor(0.5069)
948,948,tensor(0.3759),tensor(0.5706),tensor(0.5062)
949,949,tensor(0.3751),tensor(0.5699),tensor(0.5055)
950,950,tensor(0.3743),tensor(0.5692),tensor(0.5048)
951,951,tensor(0.3735),tensor(0.5685),tensor(0.5041)
952,952,tensor(0.3727),tensor(0.5677),tensor(0.5034)
953,953,tensor(0.3719),tensor(0.5670),tensor(0.5026)
954,954,tensor(0.3711),tensor(0.5663),tensor(0.5019)
955,955,tensor(0.3704),tensor(0.5656),tensor(0.5012)
956,956,tensor(0.3696),tensor(0.5649),tensor(0.5005)
957,957,tensor(0.3688),tensor(0.5642),tensor(0.4998)
958,958,tensor(0.3680),tensor(0.5635),tensor(0.4991)
959,959,tensor(0.3672),tensor(0.5628),tensor(0.4984)
960,960,tensor(0.3664),tensor(0.5621),tensor(0.4977)
961,961,tensor(0.3657),tensor(0.5614),tensor(0.4969)
962,962,tensor(0.3649),tensor(0.5607),tensor(0.4962)
963,963,tensor(0.3641),tensor(0.5600),tensor(0.4955)
964,964,tensor(0.3633),tensor(0.5593),tensor(0.4948)
965,965,tensor(0.3626),tensor(0.5585),tensor(0.4941)
966,966,tensor(0.3618),tensor(0.5578),tensor(0.4934)
967,967,tensor(0.3610),tensor(0.5571),tensor(0.4927)
968,968,tensor(0.3603),tensor(0.5564),tensor(0.4920)
969,969,tensor(0.3595),tensor(0.5557),tensor(0.4913)
970,970,tensor(0.3587),tensor(0.5550),tensor(0.4906)
971,971,tensor(0.3580),tensor(0.5543),tensor(0.4899)
972,972,tensor(0.3572),tensor(0.5536),tensor(0.4892)
973,973,tensor(0.3564),tensor(0.5529),tensor(0.4885)
974,974,tensor(0.3557),tensor(0.5522),tensor(0.4878)
975,975,tensor(0.3549),tensor(0.5515),tensor(0.4871)
976,976,tensor(0.3542),tensor(0.5508),tensor(0.4864)
977,977,tensor(0.3534),tensor(0.5501),tensor(0.4857)
978,978,tensor(0.3527),tensor(0.5494),tensor(0.4850)
979,979,tensor(0.3519),tensor(0.5488),tensor(0.4843)
980,980,tensor(0.3512),tensor(0.5481),tensor(0.4836)
981,981,tensor(0.3504),tensor(0.5474),tensor(0.4829)
982,982,tensor(0.3497),tensor(0.5467),tensor(0.4822)
983,983,tensor(0.3489),tensor(0.5460),tensor(0.4815)
984,984,tensor(0.3482),tensor(0.5453),tensor(0.4808)
985,985,tensor(0.3474),tensor(0.5446),tensor(0.4801)
986,986,tensor(0.3467),tensor(0.5439),tensor(0.4794)
987,987,tensor(0.3460),tensor(0.5432),tensor(0.4787)
988,988,tensor(0.3452),tensor(0.5425),tensor(0.4780)
989,989,tensor(0.3445),tensor(0.5418),tensor(0.4773)
990,990,tensor(0.3438),tensor(0.5411),tensor(0.4766)
991,991,tensor(0.3430),tensor(0.5404),tensor(0.4759)
992,992,tensor(0.3423),tensor(0.5398),tensor(0.4752)
993,993,tensor(0.3416),tensor(0.5391),tensor(0.4745)
994,994,tensor(0.3408),tensor(0.5384),tensor(0.4738)
995,995,tensor(0.3401),tensor(0.5377),tensor(0.4731)
996,996,tensor(0.3394),tensor(0.5370),tensor(0.4724)
997,997,tensor(0.3387),tensor(0.5363),tensor(0.4718)
998,998,tensor(0.3380),tensor(0.5356),tensor(0.4711)
999,999,tensor(0.3372),tensor(0.5349),tensor(0.4704)
1000,1000,tensor(0.3365),tensor(0.5343),tensor(0.4697)
1001,1001,tensor(0.3358),tensor(0.5336),tensor(0.4690)
1002,1002,tensor(0.3351),tensor(0.5329),tensor(0.4683)
1003,1003,tensor(0.3344),tensor(0.5322),tensor(0.4676)
1004,1004,tensor(0.3337),tensor(0.5315),tensor(0.4669)
1005,1005,tensor(0.3329),tensor(0.5309),tensor(0.4663)
1006,1006,tensor(0.3322),tensor(0.5302),tensor(0.4656)
1007,1007,tensor(0.3315),tensor(0.5295),tensor(0.4649)
1008,1008,tensor(0.3308),tensor(0.5288),tensor(0.4642)
1009,1009,tensor(0.3301),tensor(0.5281),tensor(0.4635)
1010,1010,tensor(0.3294),tensor(0.5275),tensor(0.4628)
1011,1011,tensor(0.3287),tensor(0.5268),tensor(0.4622)
1012,1012,tensor(0.3280),tensor(0.5261),tensor(0.4615)
1013,1013,tensor(0.3273),tensor(0.5254),tensor(0.4608)
1014,1014,tensor(0.3266),tensor(0.5247),tensor(0.4601)
1015,1015,tensor(0.3259),tensor(0.5241),tensor(0.4594)
1016,1016,tensor(0.3252),tensor(0.5234),tensor(0.4588)
1017,1017,tensor(0.3245),tensor(0.5227),tensor(0.4581)
1018,1018,tensor(0.3239),tensor(0.5220),tensor(0.4574)
1019,1019,tensor(0.3232),tensor(0.5214),tensor(0.4567)
1020,1020,tensor(0.3225),tensor(0.5207),tensor(0.4561)
1021,1021,tensor(0.3218),tensor(0.5200),tensor(0.4554)
1022,1022,tensor(0.3211),tensor(0.5194),tensor(0.4547)
1023,1023,tensor(0.3204),tensor(0.5187),tensor(0.4540)
1024,1024,tensor(0.3197),tensor(0.5180),tensor(0.4534)
1025,1025,tensor(0.3191),tensor(0.5173),tensor(0.4527)
1026,1026,tensor(0.3184),tensor(0.5167),tensor(0.4520)
1027,1027,tensor(0.3177),tensor(0.5160),tensor(0.4513)
1028,1028,tensor(0.3170),tensor(0.5153),tensor(0.4507)
1029,1029,tensor(0.3163),tensor(0.5147),tensor(0.4500)
1030,1030,tensor(0.3157),tensor(0.5140),tensor(0.4493)
1031,1031,tensor(0.3150),tensor(0.5133),tensor(0.4487)
1032,1032,tensor(0.3143),tensor(0.5127),tensor(0.4480)
1033,1033,tensor(0.3137),tensor(0.5120),tensor(0.4473)
1034,1034,tensor(0.3130),tensor(0.5113),tensor(0.4467)
1035,1035,tensor(0.3123),tensor(0.5107),tensor(0.4460)
1036,1036,tensor(0.3117),tensor(0.5100),tensor(0.4453)
1037,1037,tensor(0.3110),tensor(0.5093),tensor(0.4447)
1038,1038,tensor(0.3103),tensor(0.5087),tensor(0.4440)
1039,1039,tensor(0.3097),tensor(0.5080),tensor(0.4433)
1040,1040,tensor(0.3090),tensor(0.5074),tensor(0.4427)
1041,1041,tensor(0.3084),tensor(0.5067),tensor(0.4420)
1042,1042,tensor(0.3077),tensor(0.5060),tensor(0.4413)
1043,1043,tensor(0.3071),tensor(0.5054),tensor(0.4407)
1044,1044,tensor(0.3064),tensor(0.5047),tensor(0.4400)
1045,1045,tensor(0.3057),tensor(0.5041),tensor(0.4394)
1046,1046,tensor(0.3051),tensor(0.5034),tensor(0.4387)
1047,1047,tensor(0.3044),tensor(0.5027),tensor(0.4380)
1048,1048,tensor(0.3038),tensor(0.5021),tensor(0.4374)
1049,1049,tensor(0.3032),tensor(0.5014),tensor(0.4367)
1050,1050,tensor(0.3025),tensor(0.5008),tensor(0.4361)
1051,1051,tensor(0.3019),tensor(0.5001),tensor(0.4354)
1052,1052,tensor(0.3012),tensor(0.4995),tensor(0.4347)
1053,1053,tensor(0.3006),tensor(0.4988),tensor(0.4341)
1054,1054,tensor(0.2999),tensor(0.4982),tensor(0.4334)
1055,1055,tensor(0.2993),tensor(0.4975),tensor(0.4328)
1056,1056,tensor(0.2987),tensor(0.4968),tensor(0.4321)
1057,1057,tensor(0.2980),tensor(0.4962),tensor(0.4315)
1058,1058,tensor(0.2974),tensor(0.4955),tensor(0.4308)
1059,1059,tensor(0.2968),tensor(0.4949),tensor(0.4302)
1060,1060,tensor(0.2961),tensor(0.4942),tensor(0.4295)
1061,1061,tensor(0.2955),tensor(0.4936),tensor(0.4289)
1062,1062,tensor(0.2949),tensor(0.4929),tensor(0.4282)
1063,1063,tensor(0.2943),tensor(0.4923),tensor(0.4276)
1064,1064,tensor(0.2936),tensor(0.4916),tensor(0.4269)
1065,1065,tensor(0.2930),tensor(0.4910),tensor(0.4263)
1066,1066,tensor(0.2924),tensor(0.4903),tensor(0.4256)
1067,1067,tensor(0.2918),tensor(0.4897),tensor(0.4250)
1068,1068,tensor(0.2911),tensor(0.4891),tensor(0.4243)
1069,1069,tensor(0.2905),tensor(0.4884),tensor(0.4237)
1070,1070,tensor(0.2899),tensor(0.4878),tensor(0.4230)
1071,1071,tensor(0.2893),tensor(0.4871),tensor(0.4224)
1072,1072,tensor(0.2887),tensor(0.4865),tensor(0.4217)
1073,1073,tensor(0.2881),tensor(0.4858),tensor(0.4211)
1074,1074,tensor(0.2875),tensor(0.4852),tensor(0.4204)
1075,1075,tensor(0.2868),tensor(0.4846),tensor(0.4198)
1076,1076,tensor(0.2862),tensor(0.4839),tensor(0.4192)
1077,1077,tensor(0.2856),tensor(0.4833),tensor(0.4185)
1078,1078,tensor(0.2850),tensor(0.4826),tensor(0.4179)
1079,1079,tensor(0.2844),tensor(0.4820),tensor(0.4172)
1080,1080,tensor(0.2838),tensor(0.4814),tensor(0.4166)
1081,1081,tensor(0.2832),tensor(0.4807),tensor(0.4159)
1082,1082,tensor(0.2826),tensor(0.4801),tensor(0.4153)
1083,1083,tensor(0.2820),tensor(0.4794),tensor(0.4147)
1084,1084,tensor(0.2814),tensor(0.4788),tensor(0.4140)
1085,1085,tensor(0.2808),tensor(0.4782),tensor(0.4134)
1086,1086,tensor(0.2802),tensor(0.4775),tensor(0.4128)
1087,1087,tensor(0.2796),tensor(0.4769),tensor(0.4121)
1088,1088,tensor(0.2790),tensor(0.4763),tensor(0.4115)
1089,1089,tensor(0.2784),tensor(0.4756),tensor(0.4108)
1090,1090,tensor(0.2779),tensor(0.4750),tensor(0.4102)
1091,1091,tensor(0.2773),tensor(0.4744),tensor(0.4096)
1092,1092,tensor(0.2767),tensor(0.4737),tensor(0.4089)
1093,1093,tensor(0.2761),tensor(0.4731),tensor(0.4083)
1094,1094,tensor(0.2755),tensor(0.4725),tensor(0.4077)
1095,1095,tensor(0.2749),tensor(0.4718),tensor(0.4071)
1096,1096,tensor(0.2743),tensor(0.4712),tensor(0.4064)
1097,1097,tensor(0.2738),tensor(0.4706),tensor(0.4058)
1098,1098,tensor(0.2732),tensor(0.4699),tensor(0.4052)
1099,1099,tensor(0.2726),tensor(0.4693),tensor(0.4045)
1100,1100,tensor(0.2720),tensor(0.4687),tensor(0.4039)
1101,1101,tensor(0.2714),tensor(0.4681),tensor(0.4033)
1102,1102,tensor(0.2709),tensor(0.4674),tensor(0.4026)
1103,1103,tensor(0.2703),tensor(0.4668),tensor(0.4020)
1104,1104,tensor(0.2697),tensor(0.4662),tensor(0.4014)
1105,1105,tensor(0.2692),tensor(0.4656),tensor(0.4008)
1106,1106,tensor(0.2686),tensor(0.4649),tensor(0.4001)
1107,1107,tensor(0.2680),tensor(0.4643),tensor(0.3995)
1108,1108,tensor(0.2674),tensor(0.4637),tensor(0.3989)
1109,1109,tensor(0.2669),tensor(0.4631),tensor(0.3983)
1110,1110,tensor(0.2663),tensor(0.4624),tensor(0.3976)
1111,1111,tensor(0.2658),tensor(0.4618),tensor(0.3970)
1112,1112,tensor(0.2652),tensor(0.4612),tensor(0.3964)
1113,1113,tensor(0.2646),tensor(0.4606),tensor(0.3958)
1114,1114,tensor(0.2641),tensor(0.4600),tensor(0.3952)
1115,1115,tensor(0.2635),tensor(0.4593),tensor(0.3945)
1116,1116,tensor(0.2630),tensor(0.4587),tensor(0.3939)
1117,1117,tensor(0.2624),tensor(0.4581),tensor(0.3933)
1118,1118,tensor(0.2619),tensor(0.4575),tensor(0.3927)
1119,1119,tensor(0.2613),tensor(0.4569),tensor(0.3921)
1120,1120,tensor(0.2607),tensor(0.4562),tensor(0.3915)
1121,1121,tensor(0.2602),tensor(0.4556),tensor(0.3908)
1122,1122,tensor(0.2596),tensor(0.4550),tensor(0.3902)
1123,1123,tensor(0.2591),tensor(0.4544),tensor(0.3896)
1124,1124,tensor(0.2586),tensor(0.4538),tensor(0.3890)
1125,1125,tensor(0.2580),tensor(0.4532),tensor(0.3884)
1126,1126,tensor(0.2575),tensor(0.4526),tensor(0.3878)
1127,1127,tensor(0.2569),tensor(0.4519),tensor(0.3872)
1128,1128,tensor(0.2564),tensor(0.4513),tensor(0.3865)
1129,1129,tensor(0.2558),tensor(0.4507),tensor(0.3859)
1130,1130,tensor(0.2553),tensor(0.4501),tensor(0.3853)
1131,1131,tensor(0.2548),tensor(0.4495),tensor(0.3847)
1132,1132,tensor(0.2542),tensor(0.4489),tensor(0.3841)
1133,1133,tensor(0.2537),tensor(0.4483),tensor(0.3835)
1134,1134,tensor(0.2532),tensor(0.4477),tensor(0.3829)
1135,1135,tensor(0.2526),tensor(0.4471),tensor(0.3823)
1136,1136,tensor(0.2521),tensor(0.4465),tensor(0.3817)
1137,1137,tensor(0.2516),tensor(0.4458),tensor(0.3811)
1138,1138,tensor(0.2510),tensor(0.4452),tensor(0.3804)
1139,1139,tensor(0.2505),tensor(0.4446),tensor(0.3798)
1140,1140,tensor(0.2500),tensor(0.4440),tensor(0.3792)
1141,1141,tensor(0.2494),tensor(0.4434),tensor(0.3786)
1142,1142,tensor(0.2489),tensor(0.4428),tensor(0.3780)
1143,1143,tensor(0.2484),tensor(0.4422),tensor(0.3774)
1144,1144,tensor(0.2479),tensor(0.4416),tensor(0.3768)
1145,1145,tensor(0.2474),tensor(0.4410),tensor(0.3762)
1146,1146,tensor(0.2468),tensor(0.4404),tensor(0.3756)
1147,1147,tensor(0.2463),tensor(0.4398),tensor(0.3750)
1148,1148,tensor(0.2458),tensor(0.4392),tensor(0.3744)
1149,1149,tensor(0.2453),tensor(0.4386),tensor(0.3738)
1150,1150,tensor(0.2448),tensor(0.4380),tensor(0.3732)
1151,1151,tensor(0.2443),tensor(0.4374),tensor(0.3726)
1152,1152,tensor(0.2437),tensor(0.4368),tensor(0.3720)
1153,1153,tensor(0.2432),tensor(0.4362),tensor(0.3714)
1154,1154,tensor(0.2427),tensor(0.4356),tensor(0.3708)
1155,1155,tensor(0.2422),tensor(0.4350),tensor(0.3702)
1156,1156,tensor(0.2417),tensor(0.4344),tensor(0.3696)
1157,1157,tensor(0.2412),tensor(0.4338),tensor(0.3690)
1158,1158,tensor(0.2407),tensor(0.4332),tensor(0.3684)
1159,1159,tensor(0.2402),tensor(0.4326),tensor(0.3678)
1160,1160,tensor(0.2397),tensor(0.4320),tensor(0.3673)
1161,1161,tensor(0.2392),tensor(0.4314),tensor(0.3667)
1162,1162,tensor(0.2387),tensor(0.4309),tensor(0.3661)
1163,1163,tensor(0.2382),tensor(0.4303),tensor(0.3655)
1164,1164,tensor(0.2377),tensor(0.4297),tensor(0.3649)
1165,1165,tensor(0.2372),tensor(0.4291),tensor(0.3643)
1166,1166,tensor(0.2367),tensor(0.4285),tensor(0.3637)
1167,1167,tensor(0.2362),tensor(0.4279),tensor(0.3631)
1168,1168,tensor(0.2357),tensor(0.4273),tensor(0.3625)
1169,1169,tensor(0.2352),tensor(0.4267),tensor(0.3619)
1170,1170,tensor(0.2347),tensor(0.4261),tensor(0.3614)
1171,1171,tensor(0.2342),tensor(0.4255),tensor(0.3608)
1172,1172,tensor(0.2337),tensor(0.4249),tensor(0.3602)
1173,1173,tensor(0.2332),tensor(0.4244),tensor(0.3596)
1174,1174,tensor(0.2328),tensor(0.4238),tensor(0.3590)
1175,1175,tensor(0.2323),tensor(0.4232),tensor(0.3584)
1176,1176,tensor(0.2318),tensor(0.4226),tensor(0.3578)
1177,1177,tensor(0.2313),tensor(0.4220),tensor(0.3573)
1178,1178,tensor(0.2308),tensor(0.4214),tensor(0.3567)
1179,1179,tensor(0.2303),tensor(0.4209),tensor(0.3561)
1180,1180,tensor(0.2299),tensor(0.4203),tensor(0.3555)
1181,1181,tensor(0.2294),tensor(0.4197),tensor(0.3549)
1182,1182,tensor(0.2289),tensor(0.4191),tensor(0.3543)
1183,1183,tensor(0.2284),tensor(0.4185),tensor(0.3538)
1184,1184,tensor(0.2280),tensor(0.4179),tensor(0.3532)
1185,1185,tensor(0.2275),tensor(0.4174),tensor(0.3526)
1186,1186,tensor(0.2270),tensor(0.4168),tensor(0.3520)
1187,1187,tensor(0.2265),tensor(0.4162),tensor(0.3515)
1188,1188,tensor(0.2261),tensor(0.4156),tensor(0.3509)
1189,1189,tensor(0.2256),tensor(0.4150),tensor(0.3503)
1190,1190,tensor(0.2251),tensor(0.4145),tensor(0.3497)
1191,1191,tensor(0.2247),tensor(0.4139),tensor(0.3491)
1192,1192,tensor(0.2242),tensor(0.4133),tensor(0.3486)
1193,1193,tensor(0.2237),tensor(0.4127),tensor(0.3480)
1194,1194,tensor(0.2233),tensor(0.4122),tensor(0.3474)
1195,1195,tensor(0.2228),tensor(0.4116),tensor(0.3468)
1196,1196,tensor(0.2223),tensor(0.4110),tensor(0.3463)
1197,1197,tensor(0.2219),tensor(0.4104),tensor(0.3457)
1198,1198,tensor(0.2214),tensor(0.4099),tensor(0.3451)
1199,1199,tensor(0.2210),tensor(0.4093),tensor(0.3446)
1200,1200,tensor(0.2205),tensor(0.4087),tensor(0.3440)
1201,1201,tensor(0.2200),tensor(0.4081),tensor(0.3434)
1202,1202,tensor(0.2196),tensor(0.4076),tensor(0.3429)
1203,1203,tensor(0.2191),tensor(0.4070),tensor(0.3423)
1204,1204,tensor(0.2187),tensor(0.4064),tensor(0.3417)
1205,1205,tensor(0.2182),tensor(0.4059),tensor(0.3411)
1206,1206,tensor(0.2178),tensor(0.4053),tensor(0.3406)
1207,1207,tensor(0.2173),tensor(0.4047),tensor(0.3400)
1208,1208,tensor(0.2169),tensor(0.4042),tensor(0.3395)
1209,1209,tensor(0.2164),tensor(0.4036),tensor(0.3389)
1210,1210,tensor(0.2160),tensor(0.4030),tensor(0.3383)
1211,1211,tensor(0.2155),tensor(0.4025),tensor(0.3378)
1212,1212,tensor(0.2151),tensor(0.4019),tensor(0.3372)
1213,1213,tensor(0.2146),tensor(0.4013),tensor(0.3366)
1214,1214,tensor(0.2142),tensor(0.4008),tensor(0.3361)
1215,1215,tensor(0.2138),tensor(0.4002),tensor(0.3355)
1216,1216,tensor(0.2133),tensor(0.3996),tensor(0.3349)
1217,1217,tensor(0.2129),tensor(0.3991),tensor(0.3344)
1218,1218,tensor(0.2124),tensor(0.3985),tensor(0.3338)
1219,1219,tensor(0.2120),tensor(0.3980),tensor(0.3333)
1220,1220,tensor(0.2116),tensor(0.3974),tensor(0.3327)
1221,1221,tensor(0.2111),tensor(0.3968),tensor(0.3321)
1222,1222,tensor(0.2107),tensor(0.3963),tensor(0.3316)
1223,1223,tensor(0.2103),tensor(0.3957),tensor(0.3310)
1224,1224,tensor(0.2098),tensor(0.3952),tensor(0.3305)
1225,1225,tensor(0.2094),tensor(0.3946),tensor(0.3299)
1226,1226,tensor(0.2090),tensor(0.3940),tensor(0.3294)
1227,1227,tensor(0.2085),tensor(0.3935),tensor(0.3288)
1228,1228,tensor(0.2081),tensor(0.3929),tensor(0.3283)
1229,1229,tensor(0.2077),tensor(0.3924),tensor(0.3277)
1230,1230,tensor(0.2073),tensor(0.3918),tensor(0.3272)
1231,1231,tensor(0.2068),tensor(0.3913),tensor(0.3266)
1232,1232,tensor(0.2064),tensor(0.3907),tensor(0.3260)
1233,1233,tensor(0.2060),tensor(0.3902),tensor(0.3255)
1234,1234,tensor(0.2056),tensor(0.3896),tensor(0.3249)
1235,1235,tensor(0.2051),tensor(0.3890),tensor(0.3244)
1236,1236,tensor(0.2047),tensor(0.3885),tensor(0.3238)
1237,1237,tensor(0.2043),tensor(0.3879),tensor(0.3233)
1238,1238,tensor(0.2039),tensor(0.3874),tensor(0.3227)
1239,1239,tensor(0.2035),tensor(0.3868),tensor(0.3222)
1240,1240,tensor(0.2030),tensor(0.3863),tensor(0.3217)
1241,1241,tensor(0.2026),tensor(0.3857),tensor(0.3211)
1242,1242,tensor(0.2022),tensor(0.3852),tensor(0.3206)
1243,1243,tensor(0.2018),tensor(0.3846),tensor(0.3200)
1244,1244,tensor(0.2014),tensor(0.3841),tensor(0.3195)
1245,1245,tensor(0.2010),tensor(0.3835),tensor(0.3189)
1246,1246,tensor(0.2006),tensor(0.3830),tensor(0.3184)
1247,1247,tensor(0.2002),tensor(0.3825),tensor(0.3178)
1248,1248,tensor(0.1998),tensor(0.3819),tensor(0.3173)
1249,1249,tensor(0.1994),tensor(0.3814),tensor(0.3168)
1250,1250,tensor(0.1989),tensor(0.3808),tensor(0.3162)
1251,1251,tensor(0.1985),tensor(0.3803),tensor(0.3157)
1252,1252,tensor(0.1981),tensor(0.3797),tensor(0.3151)
1253,1253,tensor(0.1977),tensor(0.3792),tensor(0.3146)
1254,1254,tensor(0.1973),tensor(0.3786),tensor(0.3140)
1255,1255,tensor(0.1969),tensor(0.3781),tensor(0.3135)
1256,1256,tensor(0.1965),tensor(0.3776),tensor(0.3130)
1257,1257,tensor(0.1961),tensor(0.3770),tensor(0.3124)
1258,1258,tensor(0.1957),tensor(0.3765),tensor(0.3119)
1259,1259,tensor(0.1953),tensor(0.3759),tensor(0.3114)
1260,1260,tensor(0.1949),tensor(0.3754),tensor(0.3108)
1261,1261,tensor(0.1945),tensor(0.3749),tensor(0.3103)
1262,1262,tensor(0.1942),tensor(0.3743),tensor(0.3098)
1263,1263,tensor(0.1938),tensor(0.3738),tensor(0.3092)
1264,1264,tensor(0.1934),tensor(0.3733),tensor(0.3087)
1265,1265,tensor(0.1930),tensor(0.3727),tensor(0.3082)
1266,1266,tensor(0.1926),tensor(0.3722),tensor(0.3076)
1267,1267,tensor(0.1922),tensor(0.3716),tensor(0.3071)
1268,1268,tensor(0.1918),tensor(0.3711),tensor(0.3066)
1269,1269,tensor(0.1914),tensor(0.3706),tensor(0.3060)
1270,1270,tensor(0.1910),tensor(0.3700),tensor(0.3055)
1271,1271,tensor(0.1906),tensor(0.3695),tensor(0.3050)
1272,1272,tensor(0.1903),tensor(0.3690),tensor(0.3044)
1273,1273,tensor(0.1899),tensor(0.3684),tensor(0.3039)
1274,1274,tensor(0.1895),tensor(0.3679),tensor(0.3034)
1275,1275,tensor(0.1891),tensor(0.3674),tensor(0.3029)
1276,1276,tensor(0.1887),tensor(0.3669),tensor(0.3023)
1277,1277,tensor(0.1884),tensor(0.3663),tensor(0.3018)
1278,1278,tensor(0.1880),tensor(0.3658),tensor(0.3013)
1279,1279,tensor(0.1876),tensor(0.3653),tensor(0.3007)
1280,1280,tensor(0.1872),tensor(0.3647),tensor(0.3002)
1281,1281,tensor(0.1868),tensor(0.3642),tensor(0.2997)
1282,1282,tensor(0.1865),tensor(0.3637),tensor(0.2992)
1283,1283,tensor(0.1861),tensor(0.3632),tensor(0.2987)
1284,1284,tensor(0.1857),tensor(0.3626),tensor(0.2981)
1285,1285,tensor(0.1854),tensor(0.3621),tensor(0.2976)
1286,1286,tensor(0.1850),tensor(0.3616),tensor(0.2971)
1287,1287,tensor(0.1846),tensor(0.3611),tensor(0.2966)
1288,1288,tensor(0.1842),tensor(0.3605),tensor(0.2960)
1289,1289,tensor(0.1839),tensor(0.3600),tensor(0.2955)
1290,1290,tensor(0.1835),tensor(0.3595),tensor(0.2950)
1291,1291,tensor(0.1831),tensor(0.3590),tensor(0.2945)
1292,1292,tensor(0.1828),tensor(0.3584),tensor(0.2940)
1293,1293,tensor(0.1824),tensor(0.3579),tensor(0.2935)
1294,1294,tensor(0.1820),tensor(0.3574),tensor(0.2929)
1295,1295,tensor(0.1817),tensor(0.3569),tensor(0.2924)
1296,1296,tensor(0.1813),tensor(0.3564),tensor(0.2919)
1297,1297,tensor(0.1810),tensor(0.3558),tensor(0.2914)
1298,1298,tensor(0.1806),tensor(0.3553),tensor(0.2909)
1299,1299,tensor(0.1802),tensor(0.3548),tensor(0.2904)
1300,1300,tensor(0.1799),tensor(0.3543),tensor(0.2898)
1301,1301,tensor(0.1795),tensor(0.3538),tensor(0.2893)
1302,1302,tensor(0.1792),tensor(0.3533),tensor(0.2888)
1303,1303,tensor(0.1788),tensor(0.3527),tensor(0.2883)
1304,1304,tensor(0.1785),tensor(0.3522),tensor(0.2878)
1305,1305,tensor(0.1781),tensor(0.3517),tensor(0.2873)
1306,1306,tensor(0.1778),tensor(0.3512),tensor(0.2868)
1307,1307,tensor(0.1774),tensor(0.3507),tensor(0.2863)
1308,1308,tensor(0.1770),tensor(0.3502),tensor(0.2858)
1309,1309,tensor(0.1767),tensor(0.3497),tensor(0.2853)
1310,1310,tensor(0.1763),tensor(0.3491),tensor(0.2847)
1311,1311,tensor(0.1760),tensor(0.3486),tensor(0.2842)
1312,1312,tensor(0.1757),tensor(0.3481),tensor(0.2837)
1313,1313,tensor(0.1753),tensor(0.3476),tensor(0.2832)
1314,1314,tensor(0.1750),tensor(0.3471),tensor(0.2827)
1315,1315,tensor(0.1746),tensor(0.3466),tensor(0.2822)
1316,1316,tensor(0.1743),tensor(0.3461),tensor(0.2817)
1317,1317,tensor(0.1739),tensor(0.3456),tensor(0.2812)
1318,1318,tensor(0.1736),tensor(0.3451),tensor(0.2807)
1319,1319,tensor(0.1732),tensor(0.3446),tensor(0.2802)
1320,1320,tensor(0.1729),tensor(0.3440),tensor(0.2797)
1321,1321,tensor(0.1726),tensor(0.3435),tensor(0.2792)
1322,1322,tensor(0.1722),tensor(0.3430),tensor(0.2787)
1323,1323,tensor(0.1719),tensor(0.3425),tensor(0.2782)
1324,1324,tensor(0.1715),tensor(0.3420),tensor(0.2777)
1325,1325,tensor(0.1712),tensor(0.3415),tensor(0.2772)
1326,1326,tensor(0.1709),tensor(0.3410),tensor(0.2767)
1327,1327,tensor(0.1705),tensor(0.3405),tensor(0.2762)
1328,1328,tensor(0.1702),tensor(0.3400),tensor(0.2757)
1329,1329,tensor(0.1699),tensor(0.3395),tensor(0.2752)
1330,1330,tensor(0.1695),tensor(0.3390),tensor(0.2747)
1331,1331,tensor(0.1692),tensor(0.3385),tensor(0.2742)
1332,1332,tensor(0.1689),tensor(0.3380),tensor(0.2737)
1333,1333,tensor(0.1686),tensor(0.3375),tensor(0.2732)
1334,1334,tensor(0.1682),tensor(0.3370),tensor(0.2727)
1335,1335,tensor(0.1679),tensor(0.3365),tensor(0.2722)
1336,1336,tensor(0.1676),tensor(0.3360),tensor(0.2717)
1337,1337,tensor(0.1672),tensor(0.3355),tensor(0.2712)
1338,1338,tensor(0.1669),tensor(0.3350),tensor(0.2708)
1339,1339,tensor(0.1666),tensor(0.3345),tensor(0.2703)
1340,1340,tensor(0.1663),tensor(0.3340),tensor(0.2698)
1341,1341,tensor(0.1659),tensor(0.3335),tensor(0.2693)
1342,1342,tensor(0.1656),tensor(0.3330),tensor(0.2688)
1343,1343,tensor(0.1653),tensor(0.3325),tensor(0.2683)
1344,1344,tensor(0.1650),tensor(0.3320),tensor(0.2678)
1345,1345,tensor(0.1647),tensor(0.3316),tensor(0.2673)
1346,1346,tensor(0.1643),tensor(0.3311),tensor(0.2668)
1347,1347,tensor(0.1640),tensor(0.3306),tensor(0.2663)
1348,1348,tensor(0.1637),tensor(0.3301),tensor(0.2659)
1349,1349,tensor(0.1634),tensor(0.3296),tensor(0.2654)
1350,1350,tensor(0.1631),tensor(0.3291),tensor(0.2649)
1351,1351,tensor(0.1628),tensor(0.3286),tensor(0.2644)
1352,1352,tensor(0.1625),tensor(0.3281),tensor(0.2639)
1353,1353,tensor(0.1621),tensor(0.3276),tensor(0.2634)
1354,1354,tensor(0.1618),tensor(0.3271),tensor(0.2629)
1355,1355,tensor(0.1615),tensor(0.3267),tensor(0.2625)
1356,1356,tensor(0.1612),tensor(0.3262),tensor(0.2620)
1357,1357,tensor(0.1609),tensor(0.3257),tensor(0.2615)
1358,1358,tensor(0.1606),tensor(0.3252),tensor(0.2610)
1359,1359,tensor(0.1603),tensor(0.3247),tensor(0.2605)
1360,1360,tensor(0.1600),tensor(0.3242),tensor(0.2601)
1361,1361,tensor(0.1597),tensor(0.3237),tensor(0.2596)
1362,1362,tensor(0.1594),tensor(0.3232),tensor(0.2591)
1363,1363,tensor(0.1591),tensor(0.3228),tensor(0.2586)
1364,1364,tensor(0.1588),tensor(0.3223),tensor(0.2581)
1365,1365,tensor(0.1585),tensor(0.3218),tensor(0.2577)
1366,1366,tensor(0.1581),tensor(0.3213),tensor(0.2572)
1367,1367,tensor(0.1578),tensor(0.3208),tensor(0.2567)
1368,1368,tensor(0.1575),tensor(0.3204),tensor(0.2562)
1369,1369,tensor(0.1572),tensor(0.3199),tensor(0.2558)
1370,1370,tensor(0.1569),tensor(0.3194),tensor(0.2553)
1371,1371,tensor(0.1566),tensor(0.3189),tensor(0.2548)
1372,1372,tensor(0.1564),tensor(0.3184),tensor(0.2543)
1373,1373,tensor(0.1561),tensor(0.3180),tensor(0.2539)
1374,1374,tensor(0.1558),tensor(0.3175),tensor(0.2534)
1375,1375,tensor(0.1555),tensor(0.3170),tensor(0.2529)
1376,1376,tensor(0.1552),tensor(0.3165),tensor(0.2524)
1377,1377,tensor(0.1549),tensor(0.3160),tensor(0.2520)
1378,1378,tensor(0.1546),tensor(0.3156),tensor(0.2515)
1379,1379,tensor(0.1543),tensor(0.3151),tensor(0.2510)
1380,1380,tensor(0.1540),tensor(0.3146),tensor(0.2506)
1381,1381,tensor(0.1537),tensor(0.3141),tensor(0.2501)
1382,1382,tensor(0.1534),tensor(0.3137),tensor(0.2496)
1383,1383,tensor(0.1531),tensor(0.3132),tensor(0.2492)
1384,1384,tensor(0.1528),tensor(0.3127),tensor(0.2487)
1385,1385,tensor(0.1526),tensor(0.3123),tensor(0.2482)
1386,1386,tensor(0.1523),tensor(0.3118),tensor(0.2478)
1387,1387,tensor(0.1520),tensor(0.3113),tensor(0.2473)
1388,1388,tensor(0.1517),tensor(0.3108),tensor(0.2468)
1389,1389,tensor(0.1514),tensor(0.3104),tensor(0.2464)
1390,1390,tensor(0.1511),tensor(0.3099),tensor(0.2459)
1391,1391,tensor(0.1508),tensor(0.3094),tensor(0.2454)
1392,1392,tensor(0.1506),tensor(0.3090),tensor(0.2450)
1393,1393,tensor(0.1503),tensor(0.3085),tensor(0.2445)
1394,1394,tensor(0.1500),tensor(0.3080),tensor(0.2440)
1395,1395,tensor(0.1497),tensor(0.3076),tensor(0.2436)
1396,1396,tensor(0.1494),tensor(0.3071),tensor(0.2431)
1397,1397,tensor(0.1492),tensor(0.3066),tensor(0.2427)
1398,1398,tensor(0.1489),tensor(0.3062),tensor(0.2422)
1399,1399,tensor(0.1486),tensor(0.3057),tensor(0.2417)
1400,1400,tensor(0.1483),tensor(0.3052),tensor(0.2413)
1401,1401,tensor(0.1481),tensor(0.3048),tensor(0.2408)
1402,1402,tensor(0.1478),tensor(0.3043),tensor(0.2404)
1403,1403,tensor(0.1475),tensor(0.3038),tensor(0.2399)
1404,1404,tensor(0.1472),tensor(0.3034),tensor(0.2395)
1405,1405,tensor(0.1470),tensor(0.3029),tensor(0.2390)
1406,1406,tensor(0.1467),tensor(0.3025),tensor(0.2385)
1407,1407,tensor(0.1464),tensor(0.3020),tensor(0.2381)
1408,1408,tensor(0.1461),tensor(0.3015),tensor(0.2376)
1409,1409,tensor(0.1459),tensor(0.3011),tensor(0.2372)
1410,1410,tensor(0.1456),tensor(0.3006),tensor(0.2367)
1411,1411,tensor(0.1453),tensor(0.3002),tensor(0.2363)
1412,1412,tensor(0.1451),tensor(0.2997),tensor(0.2358)
1413,1413,tensor(0.1448),tensor(0.2992),tensor(0.2354)
1414,1414,tensor(0.1445),tensor(0.2988),tensor(0.2349)
1415,1415,tensor(0.1443),tensor(0.2983),tensor(0.2345)
1416,1416,tensor(0.1440),tensor(0.2979),tensor(0.2340)
1417,1417,tensor(0.1437),tensor(0.2974),tensor(0.2336)
1418,1418,tensor(0.1435),tensor(0.2970),tensor(0.2331)
1419,1419,tensor(0.1432),tensor(0.2965),tensor(0.2327)
1420,1420,tensor(0.1430),tensor(0.2961),tensor(0.2322)
1421,1421,tensor(0.1427),tensor(0.2956),tensor(0.2318)
1422,1422,tensor(0.1424),tensor(0.2951),tensor(0.2313)
1423,1423,tensor(0.1422),tensor(0.2947),tensor(0.2309)
1424,1424,tensor(0.1419),tensor(0.2942),tensor(0.2304)
1425,1425,tensor(0.1417),tensor(0.2938),tensor(0.2300)
1426,1426,tensor(0.1414),tensor(0.2933),tensor(0.2295)
1427,1427,tensor(0.1411),tensor(0.2929),tensor(0.2291)
1428,1428,tensor(0.1409),tensor(0.2924),tensor(0.2287)
1429,1429,tensor(0.1406),tensor(0.2920),tensor(0.2282)
1430,1430,tensor(0.1404),tensor(0.2915),tensor(0.2278)
1431,1431,tensor(0.1401),tensor(0.2911),tensor(0.2273)
1432,1432,tensor(0.1399),tensor(0.2906),tensor(0.2269)
1433,1433,tensor(0.1396),tensor(0.2902),tensor(0.2264)
1434,1434,tensor(0.1394),tensor(0.2897),tensor(0.2260)
1435,1435,tensor(0.1391),tensor(0.2893),tensor(0.2256)
1436,1436,tensor(0.1389),tensor(0.2889),tensor(0.2251)
1437,1437,tensor(0.1386),tensor(0.2884),tensor(0.2247)
1438,1438,tensor(0.1384),tensor(0.2880),tensor(0.2242)
1439,1439,tensor(0.1381),tensor(0.2875),tensor(0.2238)
1440,1440,tensor(0.1379),tensor(0.2871),tensor(0.2234)
1441,1441,tensor(0.1376),tensor(0.2866),tensor(0.2229)
1442,1442,tensor(0.1374),tensor(0.2862),tensor(0.2225)
1443,1443,tensor(0.1371),tensor(0.2857),tensor(0.2221)
1444,1444,tensor(0.1369),tensor(0.2853),tensor(0.2216)
1445,1445,tensor(0.1366),tensor(0.2849),tensor(0.2212)
1446,1446,tensor(0.1364),tensor(0.2844),tensor(0.2208)
1447,1447,tensor(0.1362),tensor(0.2840),tensor(0.2203)
1448,1448,tensor(0.1359),tensor(0.2835),tensor(0.2199)
1449,1449,tensor(0.1357),tensor(0.2831),tensor(0.2195)
1450,1450,tensor(0.1354),tensor(0.2827),tensor(0.2190)
1451,1451,tensor(0.1352),tensor(0.2822),tensor(0.2186)
1452,1452,tensor(0.1350),tensor(0.2818),tensor(0.2182)
1453,1453,tensor(0.1347),tensor(0.2814),tensor(0.2177)
1454,1454,tensor(0.1345),tensor(0.2809),tensor(0.2173)
1455,1455,tensor(0.1342),tensor(0.2805),tensor(0.2169)
1456,1456,tensor(0.1340),tensor(0.2800),tensor(0.2164)
1457,1457,tensor(0.1338),tensor(0.2796),tensor(0.2160)
1458,1458,tensor(0.1335),tensor(0.2792),tensor(0.2156)
1459,1459,tensor(0.1333),tensor(0.2787),tensor(0.2152)
1460,1460,tensor(0.1331),tensor(0.2783),tensor(0.2147)
1461,1461,tensor(0.1328),tensor(0.2779),tensor(0.2143)
1462,1462,tensor(0.1326),tensor(0.2774),tensor(0.2139)
1463,1463,tensor(0.1324),tensor(0.2770),tensor(0.2135)
1464,1464,tensor(0.1321),tensor(0.2766),tensor(0.2130)
1465,1465,tensor(0.1319),tensor(0.2761),tensor(0.2126)
1466,1466,tensor(0.1317),tensor(0.2757),tensor(0.2122)
1467,1467,tensor(0.1314),tensor(0.2753),tensor(0.2118)
1468,1468,tensor(0.1312),tensor(0.2749),tensor(0.2113)
1469,1469,tensor(0.1310),tensor(0.2744),tensor(0.2109)
1470,1470,tensor(0.1307),tensor(0.2740),tensor(0.2105)
1471,1471,tensor(0.1305),tensor(0.2736),tensor(0.2101)
1472,1472,tensor(0.1303),tensor(0.2731),tensor(0.2096)
1473,1473,tensor(0.1301),tensor(0.2727),tensor(0.2092)
1474,1474,tensor(0.1298),tensor(0.2723),tensor(0.2088)
1475,1475,tensor(0.1296),tensor(0.2719),tensor(0.2084)
1476,1476,tensor(0.1294),tensor(0.2714),tensor(0.2080)
1477,1477,tensor(0.1292),tensor(0.2710),tensor(0.2075)
1478,1478,tensor(0.1289),tensor(0.2706),tensor(0.2071)
1479,1479,tensor(0.1287),tensor(0.2702),tensor(0.2067)
1480,1480,tensor(0.1285),tensor(0.2697),tensor(0.2063)
1481,1481,tensor(0.1283),tensor(0.2693),tensor(0.2059)
1482,1482,tensor(0.1281),tensor(0.2689),tensor(0.2055)
1483,1483,tensor(0.1278),tensor(0.2685),tensor(0.2050)
1484,1484,tensor(0.1276),tensor(0.2681),tensor(0.2046)
1485,1485,tensor(0.1274),tensor(0.2676),tensor(0.2042)
1486,1486,tensor(0.1272),tensor(0.2672),tensor(0.2038)
1487,1487,tensor(0.1270),tensor(0.2668),tensor(0.2034)
1488,1488,tensor(0.1267),tensor(0.2664),tensor(0.2030)
1489,1489,tensor(0.1265),tensor(0.2660),tensor(0.2026)
1490,1490,tensor(0.1263),tensor(0.2655),tensor(0.2022)
1491,1491,tensor(0.1261),tensor(0.2651),tensor(0.2017)
1492,1492,tensor(0.1259),tensor(0.2647),tensor(0.2013)
1493,1493,tensor(0.1257),tensor(0.2643),tensor(0.2009)
1494,1494,tensor(0.1255),tensor(0.2639),tensor(0.2005)
1495,1495,tensor(0.1252),tensor(0.2634),tensor(0.2001)
1496,1496,tensor(0.1250),tensor(0.2630),tensor(0.1997)
1497,1497,tensor(0.1248),tensor(0.2626),tensor(0.1993)
1498,1498,tensor(0.1246),tensor(0.2622),tensor(0.1989)
1499,1499,tensor(0.1244),tensor(0.2618),tensor(0.1985)
1500,1500,tensor(0.1242),tensor(0.2614),tensor(0.1981)
1501,1501,tensor(0.1240),tensor(0.2610),tensor(0.1977)
1502,1502,tensor(0.1238),tensor(0.2605),tensor(0.1973)
1503,1503,tensor(0.1236),tensor(0.2601),tensor(0.1969)
1504,1504,tensor(0.1234),tensor(0.2597),tensor(0.1964)
1505,1505,tensor(0.1232),tensor(0.2593),tensor(0.1960)
1506,1506,tensor(0.1229),tensor(0.2589),tensor(0.1956)
1507,1507,tensor(0.1227),tensor(0.2585),tensor(0.1952)
1508,1508,tensor(0.1225),tensor(0.2581),tensor(0.1948)
1509,1509,tensor(0.1223),tensor(0.2577),tensor(0.1944)
1510,1510,tensor(0.1221),tensor(0.2573),tensor(0.1940)
1511,1511,tensor(0.1219),tensor(0.2569),tensor(0.1936)
1512,1512,tensor(0.1217),tensor(0.2564),tensor(0.1932)
1513,1513,tensor(0.1215),tensor(0.2560),tensor(0.1928)
1514,1514,tensor(0.1213),tensor(0.2556),tensor(0.1924)
1515,1515,tensor(0.1211),tensor(0.2552),tensor(0.1920)
1516,1516,tensor(0.1209),tensor(0.2548),tensor(0.1916)
1517,1517,tensor(0.1207),tensor(0.2544),tensor(0.1912)
1518,1518,tensor(0.1205),tensor(0.2540),tensor(0.1908)
1519,1519,tensor(0.1203),tensor(0.2536),tensor(0.1904)
1520,1520,tensor(0.1201),tensor(0.2532),tensor(0.1900)
1521,1521,tensor(0.1199),tensor(0.2528),tensor(0.1896)
1522,1522,tensor(0.1197),tensor(0.2524),tensor(0.1892)
1523,1523,tensor(0.1195),tensor(0.2520),tensor(0.1889)
1524,1524,tensor(0.1193),tensor(0.2516),tensor(0.1885)
1525,1525,tensor(0.1191),tensor(0.2512),tensor(0.1881)
1526,1526,tensor(0.1189),tensor(0.2508),tensor(0.1877)
1527,1527,tensor(0.1188),tensor(0.2504),tensor(0.1873)
1528,1528,tensor(0.1186),tensor(0.2500),tensor(0.1869)
1529,1529,tensor(0.1184),tensor(0.2496),tensor(0.1865)
1530,1530,tensor(0.1182),tensor(0.2492),tensor(0.1861)
1531,1531,tensor(0.1180),tensor(0.2488),tensor(0.1857)
1532,1532,tensor(0.1178),tensor(0.2484),tensor(0.1853)
1533,1533,tensor(0.1176),tensor(0.2480),tensor(0.1849)
1534,1534,tensor(0.1174),tensor(0.2476),tensor(0.1845)
1535,1535,tensor(0.1172),tensor(0.2472),tensor(0.1842)
1536,1536,tensor(0.1170),tensor(0.2468),tensor(0.1838)
1537,1537,tensor(0.1168),tensor(0.2464),tensor(0.1834)
1538,1538,tensor(0.1167),tensor(0.2460),tensor(0.1830)
1539,1539,tensor(0.1165),tensor(0.2456),tensor(0.1826)
1540,1540,tensor(0.1163),tensor(0.2452),tensor(0.1822)
1541,1541,tensor(0.1161),tensor(0.2448),tensor(0.1818)
1542,1542,tensor(0.1159),tensor(0.2444),tensor(0.1814)
1543,1543,tensor(0.1157),tensor(0.2441),tensor(0.1811)
1544,1544,tensor(0.1155),tensor(0.2437),tensor(0.1807)
1545,1545,tensor(0.1154),tensor(0.2433),tensor(0.1803)
1546,1546,tensor(0.1152),tensor(0.2429),tensor(0.1799)
1547,1547,tensor(0.1150),tensor(0.2425),tensor(0.1795)
1548,1548,tensor(0.1148),tensor(0.2421),tensor(0.1791)
1549,1549,tensor(0.1146),tensor(0.2417),tensor(0.1788)
1550,1550,tensor(0.1144),tensor(0.2413),tensor(0.1784)
1551,1551,tensor(0.1143),tensor(0.2409),tensor(0.1780)
1552,1552,tensor(0.1141),tensor(0.2405),tensor(0.1776)
1553,1553,tensor(0.1139),tensor(0.2402),tensor(0.1772)
1554,1554,tensor(0.1137),tensor(0.2398),tensor(0.1769)
1555,1555,tensor(0.1135),tensor(0.2394),tensor(0.1765)
1556,1556,tensor(0.1134),tensor(0.2390),tensor(0.1761)
1557,1557,tensor(0.1132),tensor(0.2386),tensor(0.1757)
1558,1558,tensor(0.1130),tensor(0.2382),tensor(0.1753)
1559,1559,tensor(0.1128),tensor(0.2378),tensor(0.1750)
1560,1560,tensor(0.1127),tensor(0.2375),tensor(0.1746)
1561,1561,tensor(0.1125),tensor(0.2371),tensor(0.1742)
1562,1562,tensor(0.1123),tensor(0.2367),tensor(0.1738)
1563,1563,tensor(0.1121),tensor(0.2363),tensor(0.1735)
1564,1564,tensor(0.1120),tensor(0.2359),tensor(0.1731)
1565,1565,tensor(0.1118),tensor(0.2355),tensor(0.1727)
1566,1566,tensor(0.1116),tensor(0.2352),tensor(0.1723)
1567,1567,tensor(0.1114),tensor(0.2348),tensor(0.1720)
1568,1568,tensor(0.1113),tensor(0.2344),tensor(0.1716)
1569,1569,tensor(0.1111),tensor(0.2340),tensor(0.1712)
1570,1570,tensor(0.1109),tensor(0.2336),tensor(0.1708)
1571,1571,tensor(0.1108),tensor(0.2333),tensor(0.1705)
1572,1572,tensor(0.1106),tensor(0.2329),tensor(0.1701)
1573,1573,tensor(0.1104),tensor(0.2325),tensor(0.1697)
1574,1574,tensor(0.1102),tensor(0.2321),tensor(0.1694)
1575,1575,tensor(0.1101),tensor(0.2318),tensor(0.1690)
1576,1576,tensor(0.1099),tensor(0.2314),tensor(0.1686)
1577,1577,tensor(0.1097),tensor(0.2310),tensor(0.1683)
1578,1578,tensor(0.1096),tensor(0.2306),tensor(0.1679)
1579,1579,tensor(0.1094),tensor(0.2302),tensor(0.1675)
1580,1580,tensor(0.1092),tensor(0.2299),tensor(0.1671)
1581,1581,tensor(0.1091),tensor(0.2295),tensor(0.1668)
1582,1582,tensor(0.1089),tensor(0.2291),tensor(0.1664)
1583,1583,tensor(0.1087),tensor(0.2288),tensor(0.1660)
1584,1584,tensor(0.1086),tensor(0.2284),tensor(0.1657)
1585,1585,tensor(0.1084),tensor(0.2280),tensor(0.1653)
1586,1586,tensor(0.1083),tensor(0.2276),tensor(0.1650)
1587,1587,tensor(0.1081),tensor(0.2273),tensor(0.1646)
1588,1588,tensor(0.1079),tensor(0.2269),tensor(0.1642)
1589,1589,tensor(0.1078),tensor(0.2265),tensor(0.1639)
1590,1590,tensor(0.1076),tensor(0.2262),tensor(0.1635)
1591,1591,tensor(0.1074),tensor(0.2258),tensor(0.1631)
1592,1592,tensor(0.1073),tensor(0.2254),tensor(0.1628)
1593,1593,tensor(0.1071),tensor(0.2250),tensor(0.1624)
1594,1594,tensor(0.1070),tensor(0.2247),tensor(0.1621)
1595,1595,tensor(0.1068),tensor(0.2243),tensor(0.1617)
1596,1596,tensor(0.1066),tensor(0.2239),tensor(0.1613)
1597,1597,tensor(0.1065),tensor(0.2236),tensor(0.1610)
1598,1598,tensor(0.1063),tensor(0.2232),tensor(0.1606)
1599,1599,tensor(0.1062),tensor(0.2228),tensor(0.1603)
1600,1600,tensor(0.1060),tensor(0.2225),tensor(0.1599)
1601,1601,tensor(0.1059),tensor(0.2221),tensor(0.1595)
1602,1602,tensor(0.1057),tensor(0.2217),tensor(0.1592)
1603,1603,tensor(0.1056),tensor(0.2214),tensor(0.1588)
1604,1604,tensor(0.1054),tensor(0.2210),tensor(0.1585)
1605,1605,tensor(0.1052),tensor(0.2207),tensor(0.1581)
1606,1606,tensor(0.1051),tensor(0.2203),tensor(0.1578)
1607,1607,tensor(0.1049),tensor(0.2199),tensor(0.1574)
1608,1608,tensor(0.1048),tensor(0.2196),tensor(0.1571)
1609,1609,tensor(0.1046),tensor(0.2192),tensor(0.1567)
1610,1610,tensor(0.1045),tensor(0.2189),tensor(0.1564)
1611,1611,tensor(0.1043),tensor(0.2185),tensor(0.1560)
1612,1612,tensor(0.1042),tensor(0.2181),tensor(0.1557)
1613,1613,tensor(0.1040),tensor(0.2178),tensor(0.1553)
1614,1614,tensor(0.1039),tensor(0.2174),tensor(0.1549)
1615,1615,tensor(0.1037),tensor(0.2171),tensor(0.1546)
1616,1616,tensor(0.1036),tensor(0.2167),tensor(0.1542)
1617,1617,tensor(0.1034),tensor(0.2163),tensor(0.1539)
1618,1618,tensor(0.1033),tensor(0.2160),tensor(0.1536)
1619,1619,tensor(0.1031),tensor(0.2156),tensor(0.1532)
1620,1620,tensor(0.1030),tensor(0.2153),tensor(0.1529)
1621,1621,tensor(0.1028),tensor(0.2149),tensor(0.1525)
1622,1622,tensor(0.1027),tensor(0.2146),tensor(0.1522)
1623,1623,tensor(0.1025),tensor(0.2142),tensor(0.1518)
1624,1624,tensor(0.1024),tensor(0.2139),tensor(0.1515)
1625,1625,tensor(0.1023),tensor(0.2135),tensor(0.1511)
1626,1626,tensor(0.1021),tensor(0.2131),tensor(0.1508)
1627,1627,tensor(0.1020),tensor(0.2128),tensor(0.1504)
1628,1628,tensor(0.1018),tensor(0.2124),tensor(0.1501)
1629,1629,tensor(0.1017),tensor(0.2121),tensor(0.1497)
1630,1630,tensor(0.1015),tensor(0.2117),tensor(0.1494)
1631,1631,tensor(0.1014),tensor(0.2114),tensor(0.1491)
1632,1632,tensor(0.1013),tensor(0.2110),tensor(0.1487)
1633,1633,tensor(0.1011),tensor(0.2107),tensor(0.1484)
1634,1634,tensor(0.1010),tensor(0.2103),tensor(0.1480)
1635,1635,tensor(0.1008),tensor(0.2100),tensor(0.1477)
1636,1636,tensor(0.1007),tensor(0.2096),tensor(0.1473)
1637,1637,tensor(0.1005),tensor(0.2093),tensor(0.1470)
1638,1638,tensor(0.1004),tensor(0.2089),tensor(0.1467)
1639,1639,tensor(0.1003),tensor(0.2086),tensor(0.1463)
1640,1640,tensor(0.1001),tensor(0.2083),tensor(0.1460)
1641,1641,tensor(0.1000),tensor(0.2079),tensor(0.1457)
1642,1642,tensor(0.0999),tensor(0.2076),tensor(0.1453)
1643,1643,tensor(0.0997),tensor(0.2072),tensor(0.1450)
1644,1644,tensor(0.0996),tensor(0.2069),tensor(0.1446)
1645,1645,tensor(0.0994),tensor(0.2065),tensor(0.1443)
1646,1646,tensor(0.0993),tensor(0.2062),tensor(0.1440)
1647,1647,tensor(0.0992),tensor(0.2058),tensor(0.1436)
1648,1648,tensor(0.0990),tensor(0.2055),tensor(0.1433)
1649,1649,tensor(0.0989),tensor(0.2052),tensor(0.1430)
1650,1650,tensor(0.0988),tensor(0.2048),tensor(0.1427)
1651,1651,tensor(0.0986),tensor(0.2045),tensor(0.1426)
1652,1652,tensor(0.0985),tensor(0.2041),tensor(0.1425)
1653,1653,tensor(0.0984),tensor(0.2038),tensor(0.1424)
1654,1654,tensor(0.0982),tensor(0.2034),tensor(0.1423)
1655,1655,tensor(0.0981),tensor(0.2031),tensor(0.1422)
1656,1656,tensor(0.0980),tensor(0.2028),tensor(0.1420)
1657,1657,tensor(0.0978),tensor(0.2024),tensor(0.1419)
1658,1658,tensor(0.0977),tensor(0.2021),tensor(0.1418)
1659,1659,tensor(0.0976),tensor(0.2018),tensor(0.1417)
1660,1660,tensor(0.0975),tensor(0.2014),tensor(0.1416)
1661,1661,tensor(0.0973),tensor(0.2011),tensor(0.1415)
1662,1662,tensor(0.0972),tensor(0.2007),tensor(0.1414)
1663,1663,tensor(0.0971),tensor(0.2004),tensor(0.1413)
1664,1664,tensor(0.0969),tensor(0.2001),tensor(0.1412)
1665,1665,tensor(0.0968),tensor(0.1997),tensor(0.1411)
1666,1666,tensor(0.0967),tensor(0.1994),tensor(0.1409)
1667,1667,tensor(0.0966),tensor(0.1991),tensor(0.1408)
1668,1668,tensor(0.0964),tensor(0.1987),tensor(0.1407)
1669,1669,tensor(0.0963),tensor(0.1984),tensor(0.1406)
1670,1670,tensor(0.0962),tensor(0.1981),tensor(0.1405)
1671,1671,tensor(0.0960),tensor(0.1977),tensor(0.1404)
1672,1672,tensor(0.0959),tensor(0.1974),tensor(0.1403)
1673,1673,tensor(0.0958),tensor(0.1971),tensor(0.1402)
1674,1674,tensor(0.0957),tensor(0.1967),tensor(0.1401)
1675,1675,tensor(0.0955),tensor(0.1964),tensor(0.1400)
1676,1676,tensor(0.0954),tensor(0.1961),tensor(0.1399)
1677,1677,tensor(0.0953),tensor(0.1957),tensor(0.1397)
1678,1678,tensor(0.0952),tensor(0.1954),tensor(0.1396)
1679,1679,tensor(0.0951),tensor(0.1951),tensor(0.1395)
1680,1680,tensor(0.0949),tensor(0.1948),tensor(0.1394)
1681,1681,tensor(0.0948),tensor(0.1944),tensor(0.1393)
1682,1682,tensor(0.0947),tensor(0.1941),tensor(0.1392)
1683,1683,tensor(0.0946),tensor(0.1938),tensor(0.1391)
1684,1684,tensor(0.0944),tensor(0.1934),tensor(0.1390)
1685,1685,tensor(0.0943),tensor(0.1931),tensor(0.1389)
1686,1686,tensor(0.0942),tensor(0.1928),tensor(0.1388)
1687,1687,tensor(0.0941),tensor(0.1925),tensor(0.1387)
1688,1688,tensor(0.0940),tensor(0.1921),tensor(0.1386)
1689,1689,tensor(0.0938),tensor(0.1918),tensor(0.1385)
1690,1690,tensor(0.0937),tensor(0.1915),tensor(0.1384)
1691,1691,tensor(0.0936),tensor(0.1912),tensor(0.1383)
1692,1692,tensor(0.0935),tensor(0.1909),tensor(0.1381)
1693,1693,tensor(0.0934),tensor(0.1905),tensor(0.1380)
1694,1694,tensor(0.0933),tensor(0.1902),tensor(0.1379)
1695,1695,tensor(0.0931),tensor(0.1899),tensor(0.1378)
1696,1696,tensor(0.0930),tensor(0.1896),tensor(0.1377)
1697,1697,tensor(0.0929),tensor(0.1892),tensor(0.1376)
1698,1698,tensor(0.0928),tensor(0.1889),tensor(0.1375)
1699,1699,tensor(0.0927),tensor(0.1886),tensor(0.1374)
1700,1700,tensor(0.0926),tensor(0.1883),tensor(0.1373)
1701,1701,tensor(0.0925),tensor(0.1880),tensor(0.1372)
1702,1702,tensor(0.0923),tensor(0.1876),tensor(0.1371)
1703,1703,tensor(0.0922),tensor(0.1873),tensor(0.1370)
1704,1704,tensor(0.0921),tensor(0.1870),tensor(0.1369)
1705,1705,tensor(0.0920),tensor(0.1867),tensor(0.1368)
1706,1706,tensor(0.0919),tensor(0.1864),tensor(0.1367)
1707,1707,tensor(0.0918),tensor(0.1861),tensor(0.1366)
1708,1708,tensor(0.0917),tensor(0.1857),tensor(0.1365)
1709,1709,tensor(0.0915),tensor(0.1854),tensor(0.1364)
1710,1710,tensor(0.0914),tensor(0.1851),tensor(0.1363)
1711,1711,tensor(0.0913),tensor(0.1848),tensor(0.1362)
1712,1712,tensor(0.0912),tensor(0.1845),tensor(0.1361)
1713,1713,tensor(0.0911),tensor(0.1842),tensor(0.1360)
1714,1714,tensor(0.0910),tensor(0.1839),tensor(0.1359)
1715,1715,tensor(0.0909),tensor(0.1835),tensor(0.1357)
1716,1716,tensor(0.0908),tensor(0.1832),tensor(0.1356)
1717,1717,tensor(0.0907),tensor(0.1829),tensor(0.1355)
1718,1718,tensor(0.0906),tensor(0.1826),tensor(0.1354)
1719,1719,tensor(0.0905),tensor(0.1823),tensor(0.1353)
1720,1720,tensor(0.0903),tensor(0.1820),tensor(0.1352)
1721,1721,tensor(0.0902),tensor(0.1817),tensor(0.1351)
1722,1722,tensor(0.0901),tensor(0.1814),tensor(0.1350)
1723,1723,tensor(0.0900),tensor(0.1811),tensor(0.1349)
1724,1724,tensor(0.0899),tensor(0.1807),tensor(0.1348)
1725,1725,tensor(0.0898),tensor(0.1804),tensor(0.1347)
1726,1726,tensor(0.0897),tensor(0.1801),tensor(0.1346)
1727,1727,tensor(0.0896),tensor(0.1798),tensor(0.1345)
1728,1728,tensor(0.0895),tensor(0.1795),tensor(0.1344)
1729,1729,tensor(0.0894),tensor(0.1792),tensor(0.1343)
1730,1730,tensor(0.0893),tensor(0.1789),tensor(0.1342)
1731,1731,tensor(0.0892),tensor(0.1786),tensor(0.1341)
1732,1732,tensor(0.0891),tensor(0.1783),tensor(0.1340)
1733,1733,tensor(0.0890),tensor(0.1780),tensor(0.1339)
1734,1734,tensor(0.0889),tensor(0.1777),tensor(0.1338)
1735,1735,tensor(0.0888),tensor(0.1774),tensor(0.1337)
1736,1736,tensor(0.0887),tensor(0.1771),tensor(0.1336)
1737,1737,tensor(0.0886),tensor(0.1768),tensor(0.1335)
1738,1738,tensor(0.0885),tensor(0.1765),tensor(0.1334)
1739,1739,tensor(0.0884),tensor(0.1762),tensor(0.1333)
1740,1740,tensor(0.0883),tensor(0.1759),tensor(0.1332)
1741,1741,tensor(0.0882),tensor(0.1756),tensor(0.1331)
1742,1742,tensor(0.0881),tensor(0.1753),tensor(0.1330)
1743,1743,tensor(0.0880),tensor(0.1750),tensor(0.1329)
1744,1744,tensor(0.0879),tensor(0.1747),tensor(0.1328)
1745,1745,tensor(0.0878),tensor(0.1744),tensor(0.1327)
1746,1746,tensor(0.0877),tensor(0.1741),tensor(0.1326)
1747,1747,tensor(0.0876),tensor(0.1738),tensor(0.1325)
1748,1748,tensor(0.0875),tensor(0.1735),tensor(0.1324)
1749,1749,tensor(0.0874),tensor(0.1732),tensor(0.1323)
1750,1750,tensor(0.0873),tensor(0.1729),tensor(0.1323)
1751,1751,tensor(0.0872),tensor(0.1726),tensor(0.1322)
1752,1752,tensor(0.0871),tensor(0.1723),tensor(0.1321)
1753,1753,tensor(0.0870),tensor(0.1720),tensor(0.1320)
1754,1754,tensor(0.0869),tensor(0.1717),tensor(0.1319)
1755,1755,tensor(0.0868),tensor(0.1714),tensor(0.1318)
1756,1756,tensor(0.0867),tensor(0.1711),tensor(0.1317)
1757,1757,tensor(0.0866),tensor(0.1708),tensor(0.1316)
1758,1758,tensor(0.0865),tensor(0.1705),tensor(0.1315)
1759,1759,tensor(0.0864),tensor(0.1702),tensor(0.1314)
1760,1760,tensor(0.0863),tensor(0.1699),tensor(0.1313)
1761,1761,tensor(0.0862),tensor(0.1696),tensor(0.1312)
1762,1762,tensor(0.0861),tensor(0.1693),tensor(0.1311)
1763,1763,tensor(0.0860),tensor(0.1690),tensor(0.1310)
1764,1764,tensor(0.0859),tensor(0.1687),tensor(0.1309)
1765,1765,tensor(0.0858),tensor(0.1684),tensor(0.1308)
1766,1766,tensor(0.0858),tensor(0.1681),tensor(0.1307)
1767,1767,tensor(0.0857),tensor(0.1679),tensor(0.1306)
1768,1768,tensor(0.0856),tensor(0.1676),tensor(0.1305)
1769,1769,tensor(0.0855),tensor(0.1673),tensor(0.1304)
1770,1770,tensor(0.0854),tensor(0.1670),tensor(0.1303)
1771,1771,tensor(0.0853),tensor(0.1667),tensor(0.1302)
1772,1772,tensor(0.0852),tensor(0.1664),tensor(0.1301)
1773,1773,tensor(0.0851),tensor(0.1661),tensor(0.1300)
1774,1774,tensor(0.0850),tensor(0.1658),tensor(0.1300)
1775,1775,tensor(0.0849),tensor(0.1655),tensor(0.1299)
1776,1776,tensor(0.0848),tensor(0.1653),tensor(0.1298)
1777,1777,tensor(0.0848),tensor(0.1650),tensor(0.1297)
1778,1778,tensor(0.0847),tensor(0.1647),tensor(0.1296)
1779,1779,tensor(0.0846),tensor(0.1644),tensor(0.1295)
1780,1780,tensor(0.0845),tensor(0.1641),tensor(0.1294)
1781,1781,tensor(0.0844),tensor(0.1638),tensor(0.1293)
1782,1782,tensor(0.0843),tensor(0.1635),tensor(0.1292)
1783,1783,tensor(0.0842),tensor(0.1633),tensor(0.1291)
1784,1784,tensor(0.0841),tensor(0.1630),tensor(0.1290)
1785,1785,tensor(0.0841),tensor(0.1627),tensor(0.1289)
1786,1786,tensor(0.0840),tensor(0.1624),tensor(0.1288)
1787,1787,tensor(0.0839),tensor(0.1621),tensor(0.1287)
1788,1788,tensor(0.0838),tensor(0.1618),tensor(0.1286)
1789,1789,tensor(0.0837),tensor(0.1616),tensor(0.1286)
1790,1790,tensor(0.0836),tensor(0.1613),tensor(0.1285)
1791,1791,tensor(0.0835),tensor(0.1610),tensor(0.1284)
1792,1792,tensor(0.0835),tensor(0.1607),tensor(0.1283)
1793,1793,tensor(0.0834),tensor(0.1604),tensor(0.1282)
1794,1794,tensor(0.0833),tensor(0.1602),tensor(0.1281)
1795,1795,tensor(0.0832),tensor(0.1599),tensor(0.1280)
1796,1796,tensor(0.0831),tensor(0.1596),tensor(0.1279)
1797,1797,tensor(0.0830),tensor(0.1593),tensor(0.1278)
1798,1798,tensor(0.0829),tensor(0.1591),tensor(0.1277)
1799,1799,tensor(0.0829),tensor(0.1588),tensor(0.1276)
1800,1800,tensor(0.0828),tensor(0.1585),tensor(0.1275)
1801,1801,tensor(0.0827),tensor(0.1582),tensor(0.1275)
1802,1802,tensor(0.0826),tensor(0.1579),tensor(0.1274)
1803,1803,tensor(0.0825),tensor(0.1577),tensor(0.1273)
1804,1804,tensor(0.0825),tensor(0.1574),tensor(0.1272)
1805,1805,tensor(0.0824),tensor(0.1571),tensor(0.1271)
1806,1806,tensor(0.0823),tensor(0.1568),tensor(0.1270)
1807,1807,tensor(0.0822),tensor(0.1566),tensor(0.1269)
1808,1808,tensor(0.0821),tensor(0.1563),tensor(0.1268)
1809,1809,tensor(0.0820),tensor(0.1560),tensor(0.1267)
1810,1810,tensor(0.0820),tensor(0.1557),tensor(0.1266)
1811,1811,tensor(0.0819),tensor(0.1555),tensor(0.1266)
1812,1812,tensor(0.0818),tensor(0.1552),tensor(0.1265)
1813,1813,tensor(0.0817),tensor(0.1549),tensor(0.1264)
1814,1814,tensor(0.0817),tensor(0.1547),tensor(0.1263)
1815,1815,tensor(0.0816),tensor(0.1544),tensor(0.1262)
1816,1816,tensor(0.0815),tensor(0.1541),tensor(0.1261)
1817,1817,tensor(0.0814),tensor(0.1538),tensor(0.1260)
1818,1818,tensor(0.0813),tensor(0.1536),tensor(0.1259)
1819,1819,tensor(0.0813),tensor(0.1533),tensor(0.1259)
1820,1820,tensor(0.0812),tensor(0.1530),tensor(0.1258)
1821,1821,tensor(0.0811),tensor(0.1528),tensor(0.1257)
1822,1822,tensor(0.0810),tensor(0.1525),tensor(0.1256)
1823,1823,tensor(0.0810),tensor(0.1522),tensor(0.1255)
1824,1824,tensor(0.0809),tensor(0.1520),tensor(0.1254)
1825,1825,tensor(0.0808),tensor(0.1517),tensor(0.1253)
1826,1826,tensor(0.0807),tensor(0.1514),tensor(0.1252)
1827,1827,tensor(0.0807),tensor(0.1512),tensor(0.1252)
1828,1828,tensor(0.0806),tensor(0.1509),tensor(0.1251)
1829,1829,tensor(0.0805),tensor(0.1506),tensor(0.1250)
1830,1830,tensor(0.0804),tensor(0.1504),tensor(0.1249)
1831,1831,tensor(0.0804),tensor(0.1501),tensor(0.1248)
1832,1832,tensor(0.0803),tensor(0.1498),tensor(0.1247)
1833,1833,tensor(0.0802),tensor(0.1496),tensor(0.1246)
1834,1834,tensor(0.0801),tensor(0.1493),tensor(0.1245)
1835,1835,tensor(0.0801),tensor(0.1491),tensor(0.1245)
1836,1836,tensor(0.0800),tensor(0.1488),tensor(0.1244)
1837,1837,tensor(0.0799),tensor(0.1485),tensor(0.1243)
1838,1838,tensor(0.0798),tensor(0.1483),tensor(0.1242)
1839,1839,tensor(0.0798),tensor(0.1480),tensor(0.1241)
1840,1840,tensor(0.0797),tensor(0.1477),tensor(0.1240)
1841,1841,tensor(0.0796),tensor(0.1475),tensor(0.1239)
1842,1842,tensor(0.0796),tensor(0.1472),tensor(0.1239)
1843,1843,tensor(0.0795),tensor(0.1470),tensor(0.1238)
1844,1844,tensor(0.0794),tensor(0.1467),tensor(0.1237)
1845,1845,tensor(0.0793),tensor(0.1464),tensor(0.1236)
1846,1846,tensor(0.0793),tensor(0.1462),tensor(0.1235)
1847,1847,tensor(0.0792),tensor(0.1459),tensor(0.1234)
1848,1848,tensor(0.0791),tensor(0.1457),tensor(0.1234)
1849,1849,tensor(0.0791),tensor(0.1454),tensor(0.1233)
1850,1850,tensor(0.0790),tensor(0.1452),tensor(0.1232)
1851,1851,tensor(0.0789),tensor(0.1449),tensor(0.1231)
1852,1852,tensor(0.0788),tensor(0.1446),tensor(0.1230)
1853,1853,tensor(0.0788),tensor(0.1444),tensor(0.1229)
1854,1854,tensor(0.0787),tensor(0.1441),tensor(0.1228)
1855,1855,tensor(0.0786),tensor(0.1439),tensor(0.1228)
1856,1856,tensor(0.0786),tensor(0.1436),tensor(0.1227)
1857,1857,tensor(0.0785),tensor(0.1434),tensor(0.1226)
1858,1858,tensor(0.0784),tensor(0.1431),tensor(0.1225)
1859,1859,tensor(0.0784),tensor(0.1429),tensor(0.1224)
1860,1860,tensor(0.0783),tensor(0.1426),tensor(0.1224)
1861,1861,tensor(0.0782),tensor(0.1424),tensor(0.1223)
1862,1862,tensor(0.0782),tensor(0.1421),tensor(0.1222)
1863,1863,tensor(0.0781),tensor(0.1419),tensor(0.1221)
1864,1864,tensor(0.0780),tensor(0.1416),tensor(0.1220)
1865,1865,tensor(0.0780),tensor(0.1414),tensor(0.1219)
1866,1866,tensor(0.0779),tensor(0.1411),tensor(0.1219)
1867,1867,tensor(0.0778),tensor(0.1409),tensor(0.1218)
1868,1868,tensor(0.0778),tensor(0.1406),tensor(0.1217)
1869,1869,tensor(0.0777),tensor(0.1404),tensor(0.1216)
1870,1870,tensor(0.0776),tensor(0.1401),tensor(0.1215)
1871,1871,tensor(0.0776),tensor(0.1399),tensor(0.1214)
1872,1872,tensor(0.0775),tensor(0.1396),tensor(0.1214)
1873,1873,tensor(0.0774),tensor(0.1394),tensor(0.1213)
1874,1874,tensor(0.0774),tensor(0.1391),tensor(0.1212)
1875,1875,tensor(0.0773),tensor(0.1389),tensor(0.1211)
1876,1876,tensor(0.0773),tensor(0.1386),tensor(0.1210)
1877,1877,tensor(0.0772),tensor(0.1384),tensor(0.1210)
1878,1878,tensor(0.0771),tensor(0.1381),tensor(0.1209)
1879,1879,tensor(0.0771),tensor(0.1379),tensor(0.1208)
1880,1880,tensor(0.0770),tensor(0.1376),tensor(0.1207)
1881,1881,tensor(0.0769),tensor(0.1374),tensor(0.1206)
1882,1882,tensor(0.0769),tensor(0.1371),tensor(0.1206)
1883,1883,tensor(0.0768),tensor(0.1369),tensor(0.1205)
1884,1884,tensor(0.0768),tensor(0.1367),tensor(0.1204)
1885,1885,tensor(0.0767),tensor(0.1364),tensor(0.1203)
1886,1886,tensor(0.0766),tensor(0.1362),tensor(0.1202)
1887,1887,tensor(0.0766),tensor(0.1359),tensor(0.1202)
1888,1888,tensor(0.0765),tensor(0.1357),tensor(0.1201)
1889,1889,tensor(0.0764),tensor(0.1354),tensor(0.1200)
1890,1890,tensor(0.0764),tensor(0.1352),tensor(0.1199)
1891,1891,tensor(0.0763),tensor(0.1350),tensor(0.1198)
1892,1892,tensor(0.0763),tensor(0.1347),tensor(0.1198)
1893,1893,tensor(0.0762),tensor(0.1345),tensor(0.1197)
1894,1894,tensor(0.0761),tensor(0.1342),tensor(0.1196)
1895,1895,tensor(0.0761),tensor(0.1340),tensor(0.1195)
1896,1896,tensor(0.0760),tensor(0.1338),tensor(0.1195)
1897,1897,tensor(0.0760),tensor(0.1335),tensor(0.1194)
1898,1898,tensor(0.0759),tensor(0.1333),tensor(0.1193)
1899,1899,tensor(0.0759),tensor(0.1330),tensor(0.1192)
1900,1900,tensor(0.0758),tensor(0.1328),tensor(0.1191)
1901,1901,tensor(0.0757),tensor(0.1326),tensor(0.1191)
1902,1902,tensor(0.0757),tensor(0.1323),tensor(0.1190)
1903,1903,tensor(0.0756),tensor(0.1321),tensor(0.1189)
1904,1904,tensor(0.0756),tensor(0.1319),tensor(0.1188)
1905,1905,tensor(0.0755),tensor(0.1316),tensor(0.1188)
1906,1906,tensor(0.0754),tensor(0.1314),tensor(0.1187)
1907,1907,tensor(0.0754),tensor(0.1312),tensor(0.1186)
1908,1908,tensor(0.0753),tensor(0.1309),tensor(0.1185)
1909,1909,tensor(0.0753),tensor(0.1307),tensor(0.1184)
1910,1910,tensor(0.0752),tensor(0.1305),tensor(0.1184)
1911,1911,tensor(0.0752),tensor(0.1302),tensor(0.1183)
1912,1912,tensor(0.0751),tensor(0.1300),tensor(0.1182)
1913,1913,tensor(0.0751),tensor(0.1298),tensor(0.1181)
1914,1914,tensor(0.0750),tensor(0.1295),tensor(0.1181)
1915,1915,tensor(0.0749),tensor(0.1293),tensor(0.1180)
1916,1916,tensor(0.0749),tensor(0.1291),tensor(0.1179)
1917,1917,tensor(0.0748),tensor(0.1288),tensor(0.1178)
1918,1918,tensor(0.0748),tensor(0.1286),tensor(0.1178)
1919,1919,tensor(0.0747),tensor(0.1284),tensor(0.1177)
1920,1920,tensor(0.0747),tensor(0.1281),tensor(0.1176)
1921,1921,tensor(0.0746),tensor(0.1279),tensor(0.1175)
1922,1922,tensor(0.0746),tensor(0.1277),tensor(0.1175)
1923,1923,tensor(0.0745),tensor(0.1274),tensor(0.1174)
1924,1924,tensor(0.0745),tensor(0.1272),tensor(0.1173)
1925,1925,tensor(0.0744),tensor(0.1270),tensor(0.1172)
1926,1926,tensor(0.0743),tensor(0.1268),tensor(0.1172)
1927,1927,tensor(0.0743),tensor(0.1265),tensor(0.1171)
1928,1928,tensor(0.0742),tensor(0.1263),tensor(0.1170)
1929,1929,tensor(0.0742),tensor(0.1261),tensor(0.1169)
1930,1930,tensor(0.0741),tensor(0.1258),tensor(0.1169)
1931,1931,tensor(0.0741),tensor(0.1256),tensor(0.1168)
1932,1932,tensor(0.0740),tensor(0.1254),tensor(0.1167)
1933,1933,tensor(0.0740),tensor(0.1252),tensor(0.1166)
1934,1934,tensor(0.0739),tensor(0.1249),tensor(0.1166)
1935,1935,tensor(0.0739),tensor(0.1247),tensor(0.1165)
1936,1936,tensor(0.0738),tensor(0.1245),tensor(0.1164)
1937,1937,tensor(0.0738),tensor(0.1243),tensor(0.1164)
1938,1938,tensor(0.0737),tensor(0.1240),tensor(0.1163)
1939,1939,tensor(0.0737),tensor(0.1238),tensor(0.1162)
1940,1940,tensor(0.0736),tensor(0.1236),tensor(0.1161)
1941,1941,tensor(0.0736),tensor(0.1234),tensor(0.1161)
1942,1942,tensor(0.0735),tensor(0.1232),tensor(0.1160)
1943,1943,tensor(0.0735),tensor(0.1229),tensor(0.1159)
1944,1944,tensor(0.0734),tensor(0.1227),tensor(0.1158)
1945,1945,tensor(0.0734),tensor(0.1225),tensor(0.1158)
1946,1946,tensor(0.0733),tensor(0.1223),tensor(0.1157)
1947,1947,tensor(0.0733),tensor(0.1221),tensor(0.1156)
1948,1948,tensor(0.0732),tensor(0.1218),tensor(0.1156)
1949,1949,tensor(0.0732),tensor(0.1216),tensor(0.1155)
1950,1950,tensor(0.0731),tensor(0.1214),tensor(0.1154)
1951,1951,tensor(0.0731),tensor(0.1212),tensor(0.1153)
1952,1952,tensor(0.0730),tensor(0.1210),tensor(0.1153)
1953,1953,tensor(0.0730),tensor(0.1207),tensor(0.1152)
1954,1954,tensor(0.0729),tensor(0.1205),tensor(0.1151)
1955,1955,tensor(0.0729),tensor(0.1203),tensor(0.1151)
1956,1956,tensor(0.0728),tensor(0.1201),tensor(0.1150)
1957,1957,tensor(0.0728),tensor(0.1199),tensor(0.1149)
1958,1958,tensor(0.0727),tensor(0.1197),tensor(0.1148)
1959,1959,tensor(0.0727),tensor(0.1194),tensor(0.1148)
1960,1960,tensor(0.0726),tensor(0.1192),tensor(0.1147)
1961,1961,tensor(0.0726),tensor(0.1190),tensor(0.1146)
1962,1962,tensor(0.0725),tensor(0.1188),tensor(0.1146)
1963,1963,tensor(0.0725),tensor(0.1186),tensor(0.1145)
1964,1964,tensor(0.0725),tensor(0.1184),tensor(0.1144)
1965,1965,tensor(0.0724),tensor(0.1181),tensor(0.1143)
1966,1966,tensor(0.0724),tensor(0.1179),tensor(0.1143)
1967,1967,tensor(0.0723),tensor(0.1177),tensor(0.1142)
1968,1968,tensor(0.0723),tensor(0.1175),tensor(0.1141)
1969,1969,tensor(0.0722),tensor(0.1173),tensor(0.1141)
1970,1970,tensor(0.0722),tensor(0.1171),tensor(0.1140)
1971,1971,tensor(0.0721),tensor(0.1169),tensor(0.1139)
1972,1972,tensor(0.0721),tensor(0.1167),tensor(0.1139)
1973,1973,tensor(0.0720),tensor(0.1164),tensor(0.1138)
1974,1974,tensor(0.0720),tensor(0.1162),tensor(0.1137)
1975,1975,tensor(0.0720),tensor(0.1160),tensor(0.1137)
1976,1976,tensor(0.0719),tensor(0.1158),tensor(0.1136)
1977,1977,tensor(0.0719),tensor(0.1156),tensor(0.1135)
1978,1978,tensor(0.0718),tensor(0.1154),tensor(0.1135)
1979,1979,tensor(0.0718),tensor(0.1152),tensor(0.1134)
1980,1980,tensor(0.0717),tensor(0.1150),tensor(0.1133)
1981,1981,tensor(0.0717),tensor(0.1148),tensor(0.1132)
1982,1982,tensor(0.0716),tensor(0.1146),tensor(0.1132)
1983,1983,tensor(0.0716),tensor(0.1144),tensor(0.1131)
1984,1984,tensor(0.0716),tensor(0.1141),tensor(0.1130)
1985,1985,tensor(0.0715),tensor(0.1139),tensor(0.1130)
1986,1986,tensor(0.0715),tensor(0.1137),tensor(0.1129)
1987,1987,tensor(0.0714),tensor(0.1135),tensor(0.1128)
1988,1988,tensor(0.0714),tensor(0.1133),tensor(0.1128)
1989,1989,tensor(0.0713),tensor(0.1131),tensor(0.1127)
1990,1990,tensor(0.0713),tensor(0.1129),tensor(0.1126)
1991,1991,tensor(0.0713),tensor(0.1127),tensor(0.1126)
1992,1992,tensor(0.0712),tensor(0.1125),tensor(0.1125)
1993,1993,tensor(0.0712),tensor(0.1123),tensor(0.1124)
1994,1994,tensor(0.0711),tensor(0.1121),tensor(0.1124)
1995,1995,tensor(0.0711),tensor(0.1119),tensor(0.1123)
1996,1996,tensor(0.0711),tensor(0.1117),tensor(0.1122)
1997,1997,tensor(0.0710),tensor(0.1115),tensor(0.1122)
1998,1998,tensor(0.0710),tensor(0.1113),tensor(0.1121)
1999,1999,tensor(0.0709),tensor(0.1111),tensor(0.1120)
2000,2000,tensor(0.0709),tensor(0.1109),tensor(0.1120)
2001,2001,tensor(0.0709),tensor(0.1107),tensor(0.1119)
2002,2002,tensor(0.0708),tensor(0.1105),tensor(0.1118)
2003,2003,tensor(0.0708),tensor(0.1103),tensor(0.1118)
2004,2004,tensor(0.0707),tensor(0.1101),tensor(0.1117)
2005,2005,tensor(0.0707),tensor(0.1099),tensor(0.1116)
2006,2006,tensor(0.0707),tensor(0.1097),tensor(0.1116)
2007,2007,tensor(0.0706),tensor(0.1095),tensor(0.1115)
2008,2008,tensor(0.0706),tensor(0.1093),tensor(0.1114)
2009,2009,tensor(0.0705),tensor(0.1091),tensor(0.1114)
2010,2010,tensor(0.0705),tensor(0.1089),tensor(0.1113)
2011,2011,tensor(0.0705),tensor(0.1087),tensor(0.1113)
2012,2012,tensor(0.0704),tensor(0.1085),tensor(0.1112)
2013,2013,tensor(0.0704),tensor(0.1083),tensor(0.1111)
2014,2014,tensor(0.0703),tensor(0.1081),tensor(0.1111)
2015,2015,tensor(0.0703),tensor(0.1079),tensor(0.1110)
2016,2016,tensor(0.0703),tensor(0.1077),tensor(0.1109)
2017,2017,tensor(0.0702),tensor(0.1075),tensor(0.1109)
2018,2018,tensor(0.0702),tensor(0.1073),tensor(0.1108)
2019,2019,tensor(0.0701),tensor(0.1071),tensor(0.1107)
2020,2020,tensor(0.0701),tensor(0.1069),tensor(0.1107)
2021,2021,tensor(0.0701),tensor(0.1067),tensor(0.1106)
2022,2022,tensor(0.0700),tensor(0.1065),tensor(0.1106)
2023,2023,tensor(0.0700),tensor(0.1063),tensor(0.1105)
2024,2024,tensor(0.0700),tensor(0.1061),tensor(0.1104)
2025,2025,tensor(0.0699),tensor(0.1059),tensor(0.1104)
2026,2026,tensor(0.0699),tensor(0.1058),tensor(0.1103)
2027,2027,tensor(0.0698),tensor(0.1056),tensor(0.1102)
2028,2028,tensor(0.0698),tensor(0.1054),tensor(0.1102)
2029,2029,tensor(0.0698),tensor(0.1052),tensor(0.1101)
2030,2030,tensor(0.0697),tensor(0.1050),tensor(0.1100)
2031,2031,tensor(0.0697),tensor(0.1048),tensor(0.1100)
2032,2032,tensor(0.0697),tensor(0.1046),tensor(0.1099)
2033,2033,tensor(0.0696),tensor(0.1044),tensor(0.1099)
2034,2034,tensor(0.0696),tensor(0.1042),tensor(0.1098)
2035,2035,tensor(0.0696),tensor(0.1040),tensor(0.1097)
2036,2036,tensor(0.0695),tensor(0.1038),tensor(0.1097)
2037,2037,tensor(0.0695),tensor(0.1037),tensor(0.1096)
2038,2038,tensor(0.0695),tensor(0.1035),tensor(0.1095)
2039,2039,tensor(0.0694),tensor(0.1033),tensor(0.1095)
2040,2040,tensor(0.0694),tensor(0.1031),tensor(0.1094)
2041,2041,tensor(0.0693),tensor(0.1029),tensor(0.1094)
2042,2042,tensor(0.0693),tensor(0.1027),tensor(0.1093)
2043,2043,tensor(0.0693),tensor(0.1025),tensor(0.1092)
2044,2044,tensor(0.0692),tensor(0.1023),tensor(0.1092)
2045,2045,tensor(0.0692),tensor(0.1021),tensor(0.1091)
2046,2046,tensor(0.0692),tensor(0.1020),tensor(0.1091)
2047,2047,tensor(0.0691),tensor(0.1018),tensor(0.1090)
2048,2048,tensor(0.0691),tensor(0.1016),tensor(0.1089)
2049,2049,tensor(0.0691),tensor(0.1014),tensor(0.1089)
2050,2050,tensor(0.0690),tensor(0.1012),tensor(0.1088)
2051,2051,tensor(0.0690),tensor(0.1010),tensor(0.1088)
2052,2052,tensor(0.0690),tensor(0.1009),tensor(0.1087)
2053,2053,tensor(0.0689),tensor(0.1007),tensor(0.1086)
2054,2054,tensor(0.0689),tensor(0.1005),tensor(0.1086)
2055,2055,tensor(0.0689),tensor(0.1003),tensor(0.1085)
2056,2056,tensor(0.0688),tensor(0.1001),tensor(0.1085)
2057,2057,tensor(0.0688),tensor(0.0999),tensor(0.1084)
2058,2058,tensor(0.0688),tensor(0.0998),tensor(0.1083)
2059,2059,tensor(0.0687),tensor(0.0996),tensor(0.1083)
2060,2060,tensor(0.0687),tensor(0.0994),tensor(0.1082)
2061,2061,tensor(0.0687),tensor(0.0992),tensor(0.1082)
2062,2062,tensor(0.0686),tensor(0.0990),tensor(0.1081)
2063,2063,tensor(0.0686),tensor(0.0988),tensor(0.1080)
2064,2064,tensor(0.0686),tensor(0.0987),tensor(0.1080)
2065,2065,tensor(0.0686),tensor(0.0985),tensor(0.1079)
2066,2066,tensor(0.0685),tensor(0.0983),tensor(0.1079)
2067,2067,tensor(0.0685),tensor(0.0981),tensor(0.1078)
2068,2068,tensor(0.0685),tensor(0.0979),tensor(0.1077)
2069,2069,tensor(0.0684),tensor(0.0978),tensor(0.1077)
2070,2070,tensor(0.0684),tensor(0.0976),tensor(0.1076)
2071,2071,tensor(0.0684),tensor(0.0974),tensor(0.1076)
2072,2072,tensor(0.0683),tensor(0.0972),tensor(0.1075)
2073,2073,tensor(0.0683),tensor(0.0971),tensor(0.1075)
2074,2074,tensor(0.0683),tensor(0.0969),tensor(0.1074)
2075,2075,tensor(0.0682),tensor(0.0967),tensor(0.1073)
2076,2076,tensor(0.0682),tensor(0.0965),tensor(0.1073)
2077,2077,tensor(0.0682),tensor(0.0963),tensor(0.1072)
2078,2078,tensor(0.0681),tensor(0.0962),tensor(0.1072)
2079,2079,tensor(0.0681),tensor(0.0960),tensor(0.1071)
2080,2080,tensor(0.0681),tensor(0.0958),tensor(0.1070)
2081,2081,tensor(0.0681),tensor(0.0956),tensor(0.1070)
2082,2082,tensor(0.0680),tensor(0.0955),tensor(0.1069)
2083,2083,tensor(0.0680),tensor(0.0953),tensor(0.1069)
2084,2084,tensor(0.0680),tensor(0.0951),tensor(0.1068)
2085,2085,tensor(0.0679),tensor(0.0949),tensor(0.1068)
2086,2086,tensor(0.0679),tensor(0.0948),tensor(0.1067)
2087,2087,tensor(0.0679),tensor(0.0946),tensor(0.1066)
2088,2088,tensor(0.0679),tensor(0.0944),tensor(0.1066)
2089,2089,tensor(0.0678),tensor(0.0943),tensor(0.1065)
2090,2090,tensor(0.0678),tensor(0.0941),tensor(0.1065)
2091,2091,tensor(0.0678),tensor(0.0939),tensor(0.1064)
2092,2092,tensor(0.0677),tensor(0.0937),tensor(0.1064)
2093,2093,tensor(0.0677),tensor(0.0936),tensor(0.1063)
2094,2094,tensor(0.0677),tensor(0.0934),tensor(0.1063)
2095,2095,tensor(0.0677),tensor(0.0932),tensor(0.1062)
2096,2096,tensor(0.0676),tensor(0.0931),tensor(0.1061)
2097,2097,tensor(0.0676),tensor(0.0929),tensor(0.1061)
2098,2098,tensor(0.0676),tensor(0.0927),tensor(0.1060)
2099,2099,tensor(0.0675),tensor(0.0925),tensor(0.1060)
2100,2100,tensor(0.0675),tensor(0.0924),tensor(0.1059)
2101,2101,tensor(0.0675),tensor(0.0922),tensor(0.1059)
2102,2102,tensor(0.0675),tensor(0.0920),tensor(0.1058)
2103,2103,tensor(0.0674),tensor(0.0919),tensor(0.1058)
2104,2104,tensor(0.0674),tensor(0.0917),tensor(0.1057)
2105,2105,tensor(0.0674),tensor(0.0915),tensor(0.1056)
2106,2106,tensor(0.0673),tensor(0.0914),tensor(0.1056)
2107,2107,tensor(0.0673),tensor(0.0912),tensor(0.1055)
2108,2108,tensor(0.0673),tensor(0.0910),tensor(0.1055)
2109,2109,tensor(0.0673),tensor(0.0909),tensor(0.1054)
2110,2110,tensor(0.0672),tensor(0.0907),tensor(0.1054)
2111,2111,tensor(0.0672),tensor(0.0905),tensor(0.1053)
2112,2112,tensor(0.0672),tensor(0.0904),tensor(0.1053)
2113,2113,tensor(0.0672),tensor(0.0902),tensor(0.1052)
2114,2114,tensor(0.0671),tensor(0.0900),tensor(0.1052)
2115,2115,tensor(0.0671),tensor(0.0899),tensor(0.1051)
2116,2116,tensor(0.0671),tensor(0.0897),tensor(0.1050)
2117,2117,tensor(0.0671),tensor(0.0895),tensor(0.1050)
2118,2118,tensor(0.0670),tensor(0.0894),tensor(0.1049)
2119,2119,tensor(0.0670),tensor(0.0892),tensor(0.1049)
2120,2120,tensor(0.0670),tensor(0.0890),tensor(0.1048)
2121,2121,tensor(0.0670),tensor(0.0889),tensor(0.1048)
2122,2122,tensor(0.0669),tensor(0.0887),tensor(0.1047)
2123,2123,tensor(0.0669),tensor(0.0886),tensor(0.1047)
2124,2124,tensor(0.0669),tensor(0.0884),tensor(0.1046)
2125,2125,tensor(0.0668),tensor(0.0882),tensor(0.1046)
2126,2126,tensor(0.0668),tensor(0.0881),tensor(0.1045)
2127,2127,tensor(0.0668),tensor(0.0879),tensor(0.1045)
2128,2128,tensor(0.0668),tensor(0.0878),tensor(0.1044)
2129,2129,tensor(0.0667),tensor(0.0876),tensor(0.1044)
2130,2130,tensor(0.0667),tensor(0.0874),tensor(0.1043)
2131,2131,tensor(0.0667),tensor(0.0873),tensor(0.1043)
2132,2132,tensor(0.0667),tensor(0.0871),tensor(0.1042)
2133,2133,tensor(0.0667),tensor(0.0870),tensor(0.1042)
2134,2134,tensor(0.0666),tensor(0.0868),tensor(0.1041)
2135,2135,tensor(0.0666),tensor(0.0866),tensor(0.1040)
2136,2136,tensor(0.0666),tensor(0.0865),tensor(0.1040)
2137,2137,tensor(0.0666),tensor(0.0863),tensor(0.1039)
2138,2138,tensor(0.0665),tensor(0.0862),tensor(0.1039)
2139,2139,tensor(0.0665),tensor(0.0860),tensor(0.1038)
2140,2140,tensor(0.0665),tensor(0.0858),tensor(0.1038)
2141,2141,tensor(0.0665),tensor(0.0857),tensor(0.1037)
2142,2142,tensor(0.0664),tensor(0.0855),tensor(0.1037)
2143,2143,tensor(0.0664),tensor(0.0854),tensor(0.1036)
2144,2144,tensor(0.0664),tensor(0.0852),tensor(0.1036)
2145,2145,tensor(0.0664),tensor(0.0851),tensor(0.1035)
2146,2146,tensor(0.0663),tensor(0.0849),tensor(0.1035)
2147,2147,tensor(0.0663),tensor(0.0848),tensor(0.1034)
2148,2148,tensor(0.0663),tensor(0.0846),tensor(0.1034)
2149,2149,tensor(0.0663),tensor(0.0844),tensor(0.1033)
2150,2150,tensor(0.0662),tensor(0.0843),tensor(0.1033)
2151,2151,tensor(0.0662),tensor(0.0841),tensor(0.1032)
2152,2152,tensor(0.0662),tensor(0.0840),tensor(0.1032)
2153,2153,tensor(0.0662),tensor(0.0838),tensor(0.1031)
2154,2154,tensor(0.0662),tensor(0.0837),tensor(0.1031)
2155,2155,tensor(0.0661),tensor(0.0835),tensor(0.1030)
2156,2156,tensor(0.0661),tensor(0.0834),tensor(0.1030)
2157,2157,tensor(0.0661),tensor(0.0832),tensor(0.1029)
2158,2158,tensor(0.0661),tensor(0.0831),tensor(0.1029)
2159,2159,tensor(0.0660),tensor(0.0829),tensor(0.1028)
2160,2160,tensor(0.0660),tensor(0.0828),tensor(0.1028)
2161,2161,tensor(0.0660),tensor(0.0826),tensor(0.1027)
2162,2162,tensor(0.0660),tensor(0.0825),tensor(0.1027)
2163,2163,tensor(0.0660),tensor(0.0823),tensor(0.1026)
2164,2164,tensor(0.0659),tensor(0.0822),tensor(0.1026)
2165,2165,tensor(0.0659),tensor(0.0820),tensor(0.1025)
2166,2166,tensor(0.0659),tensor(0.0819),tensor(0.1025)
2167,2167,tensor(0.0659),tensor(0.0817),tensor(0.1024)
2168,2168,tensor(0.0659),tensor(0.0816),tensor(0.1024)
2169,2169,tensor(0.0658),tensor(0.0814),tensor(0.1023)
2170,2170,tensor(0.0658),tensor(0.0813),tensor(0.1023)
2171,2171,tensor(0.0658),tensor(0.0811),tensor(0.1022)
2172,2172,tensor(0.0658),tensor(0.0810),tensor(0.1022)
2173,2173,tensor(0.0657),tensor(0.0808),tensor(0.1021)
2174,2174,tensor(0.0657),tensor(0.0807),tensor(0.1021)
2175,2175,tensor(0.0657),tensor(0.0805),tensor(0.1020)
2176,2176,tensor(0.0657),tensor(0.0804),tensor(0.1020)
2177,2177,tensor(0.0657),tensor(0.0802),tensor(0.1020)
2178,2178,tensor(0.0656),tensor(0.0801),tensor(0.1019)
2179,2179,tensor(0.0656),tensor(0.0799),tensor(0.1019)
2180,2180,tensor(0.0656),tensor(0.0798),tensor(0.1018)
2181,2181,tensor(0.0656),tensor(0.0796),tensor(0.1018)
2182,2182,tensor(0.0656),tensor(0.0795),tensor(0.1017)
2183,2183,tensor(0.0655),tensor(0.0794),tensor(0.1017)
2184,2184,tensor(0.0655),tensor(0.0792),tensor(0.1016)
2185,2185,tensor(0.0655),tensor(0.0791),tensor(0.1016)
2186,2186,tensor(0.0655),tensor(0.0789),tensor(0.1015)
2187,2187,tensor(0.0655),tensor(0.0788),tensor(0.1015)
2188,2188,tensor(0.0654),tensor(0.0786),tensor(0.1014)
2189,2189,tensor(0.0654),tensor(0.0785),tensor(0.1014)
2190,2190,tensor(0.0654),tensor(0.0783),tensor(0.1013)
2191,2191,tensor(0.0654),tensor(0.0782),tensor(0.1013)
2192,2192,tensor(0.0654),tensor(0.0781),tensor(0.1012)
2193,2193,tensor(0.0653),tensor(0.0779),tensor(0.1012)
2194,2194,tensor(0.0653),tensor(0.0778),tensor(0.1012)
2195,2195,tensor(0.0653),tensor(0.0776),tensor(0.1011)
2196,2196,tensor(0.0653),tensor(0.0775),tensor(0.1011)
2197,2197,tensor(0.0653),tensor(0.0774),tensor(0.1010)
2198,2198,tensor(0.0652),tensor(0.0772),tensor(0.1010)
2199,2199,tensor(0.0652),tensor(0.0771),tensor(0.1009)
2200,2200,tensor(0.0652),tensor(0.0769),tensor(0.1009)
2201,2201,tensor(0.0652),tensor(0.0768),tensor(0.1008)
2202,2202,tensor(0.0652),tensor(0.0767),tensor(0.1008)
2203,2203,tensor(0.0652),tensor(0.0765),tensor(0.1007)
2204,2204,tensor(0.0651),tensor(0.0764),tensor(0.1007)
2205,2205,tensor(0.0651),tensor(0.0763),tensor(0.1006)
2206,2206,tensor(0.0651),tensor(0.0762),tensor(0.1006)
2207,2207,tensor(0.0651),tensor(0.0761),tensor(0.1006)
2208,2208,tensor(0.0651),tensor(0.0760),tensor(0.1005)
2209,2209,tensor(0.0650),tensor(0.0759),tensor(0.1005)
2210,2210,tensor(0.0650),tensor(0.0759),tensor(0.1004)
2211,2211,tensor(0.0650),tensor(0.0758),tensor(0.1004)
2212,2212,tensor(0.0650),tensor(0.0757),tensor(0.1003)
2213,2213,tensor(0.0650),tensor(0.0756),tensor(0.1003)
2214,2214,tensor(0.0650),tensor(0.0755),tensor(0.1002)
2215,2215,tensor(0.0649),tensor(0.0754),tensor(0.1002)
2216,2216,tensor(0.0649),tensor(0.0753),tensor(0.1002)
2217,2217,tensor(0.0649),tensor(0.0752),tensor(0.1001)
2218,2218,tensor(0.0649),tensor(0.0751),tensor(0.1001)
2219,2219,tensor(0.0649),tensor(0.0750),tensor(0.1000)
2220,2220,tensor(0.0649),tensor(0.0749),tensor(0.1000)
2221,2221,tensor(0.0648),tensor(0.0749),tensor(0.0999)
2222,2222,tensor(0.0648),tensor(0.0748),tensor(0.0999)
2223,2223,tensor(0.0648),tensor(0.0747),tensor(0.0998)
2224,2224,tensor(0.0648),tensor(0.0746),tensor(0.0998)
2225,2225,tensor(0.0648),tensor(0.0745),tensor(0.0998)
2226,2226,tensor(0.0647),tensor(0.0744),tensor(0.0997)
2227,2227,tensor(0.0647),tensor(0.0743),tensor(0.0997)
2228,2228,tensor(0.0647),tensor(0.0742),tensor(0.0996)
2229,2229,tensor(0.0647),tensor(0.0741),tensor(0.0996)
2230,2230,tensor(0.0647),tensor(0.0740),tensor(0.0995)
2231,2231,tensor(0.0647),tensor(0.0740),tensor(0.0995)
2232,2232,tensor(0.0646),tensor(0.0739),tensor(0.0995)
2233,2233,tensor(0.0646),tensor(0.0738),tensor(0.0994)
2234,2234,tensor(0.0646),tensor(0.0737),tensor(0.0994)
2235,2235,tensor(0.0646),tensor(0.0736),tensor(0.0993)
2236,2236,tensor(0.0646),tensor(0.0735),tensor(0.0993)
2237,2237,tensor(0.0646),tensor(0.0734),tensor(0.0992)
2238,2238,tensor(0.0646),tensor(0.0733),tensor(0.0992)
2239,2239,tensor(0.0645),tensor(0.0733),tensor(0.0992)
2240,2240,tensor(0.0645),tensor(0.0732),tensor(0.0991)
2241,2241,tensor(0.0645),tensor(0.0731),tensor(0.0991)
2242,2242,tensor(0.0645),tensor(0.0730),tensor(0.0990)
2243,2243,tensor(0.0645),tensor(0.0729),tensor(0.0990)
2244,2244,tensor(0.0645),tensor(0.0728),tensor(0.0989)
2245,2245,tensor(0.0644),tensor(0.0727),tensor(0.0989)
2246,2246,tensor(0.0644),tensor(0.0727),tensor(0.0989)
2247,2247,tensor(0.0644),tensor(0.0726),tensor(0.0988)
2248,2248,tensor(0.0644),tensor(0.0725),tensor(0.0988)
2249,2249,tensor(0.0644),tensor(0.0724),tensor(0.0987)
2250,2250,tensor(0.0644),tensor(0.0723),tensor(0.0987)
2251,2251,tensor(0.0643),tensor(0.0722),tensor(0.0986)
2252,2252,tensor(0.0643),tensor(0.0721),tensor(0.0986)
2253,2253,tensor(0.0643),tensor(0.0721),tensor(0.0986)
2254,2254,tensor(0.0643),tensor(0.0720),tensor(0.0985)
2255,2255,tensor(0.0643),tensor(0.0719),tensor(0.0985)
2256,2256,tensor(0.0643),tensor(0.0718),tensor(0.0984)
2257,2257,tensor(0.0643),tensor(0.0717),tensor(0.0984)
2258,2258,tensor(0.0642),tensor(0.0716),tensor(0.0984)
2259,2259,tensor(0.0642),tensor(0.0715),tensor(0.0983)
2260,2260,tensor(0.0642),tensor(0.0715),tensor(0.0983)
2261,2261,tensor(0.0642),tensor(0.0714),tensor(0.0982)
2262,2262,tensor(0.0642),tensor(0.0713),tensor(0.0982)
2263,2263,tensor(0.0642),tensor(0.0712),tensor(0.0982)
2264,2264,tensor(0.0642),tensor(0.0711),tensor(0.0981)
2265,2265,tensor(0.0641),tensor(0.0710),tensor(0.0981)
2266,2266,tensor(0.0641),tensor(0.0710),tensor(0.0980)
2267,2267,tensor(0.0641),tensor(0.0709),tensor(0.0980)
2268,2268,tensor(0.0641),tensor(0.0708),tensor(0.0980)
2269,2269,tensor(0.0641),tensor(0.0707),tensor(0.0979)
2270,2270,tensor(0.0641),tensor(0.0706),tensor(0.0979)
2271,2271,tensor(0.0641),tensor(0.0706),tensor(0.0978)
2272,2272,tensor(0.0640),tensor(0.0705),tensor(0.0978)
2273,2273,tensor(0.0640),tensor(0.0704),tensor(0.0978)
2274,2274,tensor(0.0640),tensor(0.0703),tensor(0.0977)
2275,2275,tensor(0.0640),tensor(0.0702),tensor(0.0977)
2276,2276,tensor(0.0640),tensor(0.0701),tensor(0.0976)
2277,2277,tensor(0.0640),tensor(0.0701),tensor(0.0976)
2278,2278,tensor(0.0640),tensor(0.0700),tensor(0.0976)
2279,2279,tensor(0.0639),tensor(0.0699),tensor(0.0975)
2280,2280,tensor(0.0639),tensor(0.0698),tensor(0.0975)
2281,2281,tensor(0.0639),tensor(0.0697),tensor(0.0974)
2282,2282,tensor(0.0639),tensor(0.0697),tensor(0.0974)
2283,2283,tensor(0.0639),tensor(0.0696),tensor(0.0974)
2284,2284,tensor(0.0639),tensor(0.0695),tensor(0.0973)
2285,2285,tensor(0.0639),tensor(0.0694),tensor(0.0973)
2286,2286,tensor(0.0638),tensor(0.0693),tensor(0.0972)
2287,2287,tensor(0.0638),tensor(0.0693),tensor(0.0972)
2288,2288,tensor(0.0638),tensor(0.0692),tensor(0.0972)
2289,2289,tensor(0.0638),tensor(0.0691),tensor(0.0971)
2290,2290,tensor(0.0638),tensor(0.0690),tensor(0.0971)
2291,2291,tensor(0.0638),tensor(0.0690),tensor(0.0971)
2292,2292,tensor(0.0638),tensor(0.0689),tensor(0.0970)
2293,2293,tensor(0.0638),tensor(0.0688),tensor(0.0970)
2294,2294,tensor(0.0637),tensor(0.0687),tensor(0.0969)
2295,2295,tensor(0.0637),tensor(0.0686),tensor(0.0969)
2296,2296,tensor(0.0637),tensor(0.0686),tensor(0.0969)
2297,2297,tensor(0.0637),tensor(0.0685),tensor(0.0968)
2298,2298,tensor(0.0637),tensor(0.0684),tensor(0.0968)
2299,2299,tensor(0.0637),tensor(0.0683),tensor(0.0968)
2300,2300,tensor(0.0637),tensor(0.0683),tensor(0.0967)
2301,2301,tensor(0.0637),tensor(0.0682),tensor(0.0967)
2302,2302,tensor(0.0636),tensor(0.0681),tensor(0.0966)
2303,2303,tensor(0.0636),tensor(0.0680),tensor(0.0966)
2304,2304,tensor(0.0636),tensor(0.0679),tensor(0.0966)
2305,2305,tensor(0.0636),tensor(0.0679),tensor(0.0965)
2306,2306,tensor(0.0636),tensor(0.0678),tensor(0.0965)
2307,2307,tensor(0.0636),tensor(0.0677),tensor(0.0965)
2308,2308,tensor(0.0636),tensor(0.0676),tensor(0.0964)
2309,2309,tensor(0.0636),tensor(0.0676),tensor(0.0964)
2310,2310,tensor(0.0635),tensor(0.0675),tensor(0.0963)
2311,2311,tensor(0.0635),tensor(0.0674),tensor(0.0963)
2312,2312,tensor(0.0635),tensor(0.0673),tensor(0.0963)
2313,2313,tensor(0.0635),tensor(0.0673),tensor(0.0962)
2314,2314,tensor(0.0635),tensor(0.0672),tensor(0.0962)
2315,2315,tensor(0.0635),tensor(0.0671),tensor(0.0962)
2316,2316,tensor(0.0635),tensor(0.0670),tensor(0.0961)
2317,2317,tensor(0.0635),tensor(0.0670),tensor(0.0961)
2318,2318,tensor(0.0634),tensor(0.0669),tensor(0.0961)
2319,2319,tensor(0.0634),tensor(0.0668),tensor(0.0960)
2320,2320,tensor(0.0634),tensor(0.0667),tensor(0.0960)
2321,2321,tensor(0.0634),tensor(0.0667),tensor(0.0959)
2322,2322,tensor(0.0634),tensor(0.0666),tensor(0.0959)
2323,2323,tensor(0.0634),tensor(0.0665),tensor(0.0959)
2324,2324,tensor(0.0634),tensor(0.0665),tensor(0.0958)
2325,2325,tensor(0.0634),tensor(0.0664),tensor(0.0958)
2326,2326,tensor(0.0634),tensor(0.0663),tensor(0.0958)
2327,2327,tensor(0.0633),tensor(0.0662),tensor(0.0957)
2328,2328,tensor(0.0633),tensor(0.0662),tensor(0.0957)
2329,2329,tensor(0.0633),tensor(0.0661),tensor(0.0957)
2330,2330,tensor(0.0633),tensor(0.0660),tensor(0.0956)
2331,2331,tensor(0.0633),tensor(0.0659),tensor(0.0956)
2332,2332,tensor(0.0633),tensor(0.0659),tensor(0.0956)
2333,2333,tensor(0.0633),tensor(0.0658),tensor(0.0955)
2334,2334,tensor(0.0633),tensor(0.0657),tensor(0.0955)
2335,2335,tensor(0.0633),tensor(0.0657),tensor(0.0954)
2336,2336,tensor(0.0632),tensor(0.0656),tensor(0.0954)
2337,2337,tensor(0.0632),tensor(0.0655),tensor(0.0954)
2338,2338,tensor(0.0632),tensor(0.0654),tensor(0.0953)
2339,2339,tensor(0.0632),tensor(0.0654),tensor(0.0953)
2340,2340,tensor(0.0632),tensor(0.0653),tensor(0.0953)
2341,2341,tensor(0.0632),tensor(0.0652),tensor(0.0952)
2342,2342,tensor(0.0632),tensor(0.0652),tensor(0.0952)
2343,2343,tensor(0.0632),tensor(0.0651),tensor(0.0952)
2344,2344,tensor(0.0632),tensor(0.0650),tensor(0.0951)
2345,2345,tensor(0.0631),tensor(0.0649),tensor(0.0951)
2346,2346,tensor(0.0631),tensor(0.0649),tensor(0.0951)
2347,2347,tensor(0.0631),tensor(0.0648),tensor(0.0950)
2348,2348,tensor(0.0631),tensor(0.0647),tensor(0.0950)
2349,2349,tensor(0.0631),tensor(0.0647),tensor(0.0950)
2350,2350,tensor(0.0631),tensor(0.0646),tensor(0.0949)
2351,2351,tensor(0.0631),tensor(0.0645),tensor(0.0949)
2352,2352,tensor(0.0631),tensor(0.0645),tensor(0.0949)
2353,2353,tensor(0.0631),tensor(0.0644),tensor(0.0948)
2354,2354,tensor(0.0631),tensor(0.0643),tensor(0.0948)
2355,2355,tensor(0.0630),tensor(0.0643),tensor(0.0948)
2356,2356,tensor(0.0630),tensor(0.0642),tensor(0.0947)
2357,2357,tensor(0.0630),tensor(0.0641),tensor(0.0947)
2358,2358,tensor(0.0630),tensor(0.0641),tensor(0.0947)
2359,2359,tensor(0.0630),tensor(0.0640),tensor(0.0946)
2360,2360,tensor(0.0630),tensor(0.0639),tensor(0.0946)
2361,2361,tensor(0.0630),tensor(0.0638),tensor(0.0946)
2362,2362,tensor(0.0630),tensor(0.0638),tensor(0.0945)
2363,2363,tensor(0.0630),tensor(0.0637),tensor(0.0945)
2364,2364,tensor(0.0630),tensor(0.0636),tensor(0.0945)
2365,2365,tensor(0.0629),tensor(0.0636),tensor(0.0944)
2366,2366,tensor(0.0629),tensor(0.0635),tensor(0.0944)
2367,2367,tensor(0.0629),tensor(0.0634),tensor(0.0944)
2368,2368,tensor(0.0629),tensor(0.0634),tensor(0.0943)
2369,2369,tensor(0.0629),tensor(0.0633),tensor(0.0943)
2370,2370,tensor(0.0629),tensor(0.0632),tensor(0.0943)
2371,2371,tensor(0.0629),tensor(0.0632),tensor(0.0942)
2372,2372,tensor(0.0629),tensor(0.0631),tensor(0.0942)
2373,2373,tensor(0.0629),tensor(0.0630),tensor(0.0942)
2374,2374,tensor(0.0629),tensor(0.0630),tensor(0.0941)
2375,2375,tensor(0.0628),tensor(0.0629),tensor(0.0941)
2376,2376,tensor(0.0628),tensor(0.0628),tensor(0.0941)
2377,2377,tensor(0.0628),tensor(0.0628),tensor(0.0940)
2378,2378,tensor(0.0628),tensor(0.0627),tensor(0.0940)
2379,2379,tensor(0.0628),tensor(0.0627),tensor(0.0940)
2380,2380,tensor(0.0628),tensor(0.0626),tensor(0.0940)
2381,2381,tensor(0.0628),tensor(0.0625),tensor(0.0939)
2382,2382,tensor(0.0628),tensor(0.0625),tensor(0.0939)
2383,2383,tensor(0.0628),tensor(0.0624),tensor(0.0939)
2384,2384,tensor(0.0628),tensor(0.0623),tensor(0.0938)
2385,2385,tensor(0.0628),tensor(0.0623),tensor(0.0938)
2386,2386,tensor(0.0627),tensor(0.0622),tensor(0.0938)
2387,2387,tensor(0.0627),tensor(0.0621),tensor(0.0937)
2388,2388,tensor(0.0627),tensor(0.0621),tensor(0.0937)
2389,2389,tensor(0.0627),tensor(0.0620),tensor(0.0937)
2390,2390,tensor(0.0627),tensor(0.0619),tensor(0.0936)
2391,2391,tensor(0.0627),tensor(0.0619),tensor(0.0936)
2392,2392,tensor(0.0627),tensor(0.0618),tensor(0.0936)
2393,2393,tensor(0.0627),tensor(0.0618),tensor(0.0935)
2394,2394,tensor(0.0627),tensor(0.0617),tensor(0.0935)
2395,2395,tensor(0.0627),tensor(0.0616),tensor(0.0935)
2396,2396,tensor(0.0627),tensor(0.0616),tensor(0.0935)
2397,2397,tensor(0.0626),tensor(0.0615),tensor(0.0934)
2398,2398,tensor(0.0626),tensor(0.0614),tensor(0.0934)
2399,2399,tensor(0.0626),tensor(0.0614),tensor(0.0934)
2400,2400,tensor(0.0626),tensor(0.0613),tensor(0.0933)
2401,2401,tensor(0.0626),tensor(0.0613),tensor(0.0933)
2402,2402,tensor(0.0626),tensor(0.0612),tensor(0.0933)
2403,2403,tensor(0.0626),tensor(0.0611),tensor(0.0932)
2404,2404,tensor(0.0626),tensor(0.0611),tensor(0.0932)
2405,2405,tensor(0.0626),tensor(0.0610),tensor(0.0932)
2406,2406,tensor(0.0626),tensor(0.0609),tensor(0.0931)
2407,2407,tensor(0.0626),tensor(0.0609),tensor(0.0931)
2408,2408,tensor(0.0626),tensor(0.0608),tensor(0.0931)
2409,2409,tensor(0.0625),tensor(0.0608),tensor(0.0931)
2410,2410,tensor(0.0625),tensor(0.0607),tensor(0.0930)
2411,2411,tensor(0.0625),tensor(0.0606),tensor(0.0930)
2412,2412,tensor(0.0625),tensor(0.0606),tensor(0.0930)
2413,2413,tensor(0.0625),tensor(0.0605),tensor(0.0929)
2414,2414,tensor(0.0625),tensor(0.0605),tensor(0.0929)
2415,2415,tensor(0.0625),tensor(0.0604),tensor(0.0929)
2416,2416,tensor(0.0625),tensor(0.0603),tensor(0.0929)
2417,2417,tensor(0.0625),tensor(0.0603),tensor(0.0928)
2418,2418,tensor(0.0625),tensor(0.0602),tensor(0.0928)
2419,2419,tensor(0.0625),tensor(0.0602),tensor(0.0928)
2420,2420,tensor(0.0625),tensor(0.0601),tensor(0.0927)
2421,2421,tensor(0.0624),tensor(0.0600),tensor(0.0927)
2422,2422,tensor(0.0624),tensor(0.0600),tensor(0.0927)
2423,2423,tensor(0.0624),tensor(0.0599),tensor(0.0927)
2424,2424,tensor(0.0624),tensor(0.0599),tensor(0.0926)
2425,2425,tensor(0.0624),tensor(0.0598),tensor(0.0926)
2426,2426,tensor(0.0624),tensor(0.0597),tensor(0.0926)
2427,2427,tensor(0.0624),tensor(0.0597),tensor(0.0925)
2428,2428,tensor(0.0624),tensor(0.0596),tensor(0.0925)
2429,2429,tensor(0.0624),tensor(0.0596),tensor(0.0925)
2430,2430,tensor(0.0624),tensor(0.0595),tensor(0.0925)
2431,2431,tensor(0.0624),tensor(0.0595),tensor(0.0924)
2432,2432,tensor(0.0624),tensor(0.0594),tensor(0.0924)
2433,2433,tensor(0.0624),tensor(0.0593),tensor(0.0924)
2434,2434,tensor(0.0623),tensor(0.0593),tensor(0.0923)
2435,2435,tensor(0.0623),tensor(0.0592),tensor(0.0923)
2436,2436,tensor(0.0623),tensor(0.0592),tensor(0.0923)
2437,2437,tensor(0.0623),tensor(0.0591),tensor(0.0923)
2438,2438,tensor(0.0623),tensor(0.0591),tensor(0.0922)
2439,2439,tensor(0.0623),tensor(0.0590),tensor(0.0922)
2440,2440,tensor(0.0623),tensor(0.0589),tensor(0.0922)
2441,2441,tensor(0.0623),tensor(0.0589),tensor(0.0921)
2442,2442,tensor(0.0623),tensor(0.0588),tensor(0.0921)
2443,2443,tensor(0.0623),tensor(0.0588),tensor(0.0921)
2444,2444,tensor(0.0623),tensor(0.0587),tensor(0.0921)
2445,2445,tensor(0.0623),tensor(0.0587),tensor(0.0920)
2446,2446,tensor(0.0623),tensor(0.0586),tensor(0.0920)
2447,2447,tensor(0.0623),tensor(0.0585),tensor(0.0920)
2448,2448,tensor(0.0622),tensor(0.0585),tensor(0.0920)
2449,2449,tensor(0.0622),tensor(0.0584),tensor(0.0919)
2450,2450,tensor(0.0622),tensor(0.0584),tensor(0.0919)
2451,2451,tensor(0.0622),tensor(0.0583),tensor(0.0919)
2452,2452,tensor(0.0622),tensor(0.0583),tensor(0.0918)
2453,2453,tensor(0.0622),tensor(0.0582),tensor(0.0918)
2454,2454,tensor(0.0622),tensor(0.0582),tensor(0.0918)
2455,2455,tensor(0.0622),tensor(0.0581),tensor(0.0918)
2456,2456,tensor(0.0622),tensor(0.0580),tensor(0.0917)
2457,2457,tensor(0.0622),tensor(0.0580),tensor(0.0917)
2458,2458,tensor(0.0622),tensor(0.0579),tensor(0.0917)
2459,2459,tensor(0.0622),tensor(0.0579),tensor(0.0917)
2460,2460,tensor(0.0622),tensor(0.0578),tensor(0.0916)
2461,2461,tensor(0.0622),tensor(0.0578),tensor(0.0916)
2462,2462,tensor(0.0621),tensor(0.0577),tensor(0.0916)
2463,2463,tensor(0.0621),tensor(0.0577),tensor(0.0915)
2464,2464,tensor(0.0621),tensor(0.0576),tensor(0.0915)
2465,2465,tensor(0.0621),tensor(0.0576),tensor(0.0915)
2466,2466,tensor(0.0621),tensor(0.0575),tensor(0.0915)
2467,2467,tensor(0.0621),tensor(0.0574),tensor(0.0914)
2468,2468,tensor(0.0621),tensor(0.0574),tensor(0.0914)
2469,2469,tensor(0.0621),tensor(0.0573),tensor(0.0914)
2470,2470,tensor(0.0621),tensor(0.0573),tensor(0.0914)
2471,2471,tensor(0.0621),tensor(0.0572),tensor(0.0913)
2472,2472,tensor(0.0621),tensor(0.0572),tensor(0.0913)
2473,2473,tensor(0.0621),tensor(0.0571),tensor(0.0913)
2474,2474,tensor(0.0621),tensor(0.0571),tensor(0.0913)
2475,2475,tensor(0.0621),tensor(0.0570),tensor(0.0912)
2476,2476,tensor(0.0621),tensor(0.0570),tensor(0.0912)
2477,2477,tensor(0.0620),tensor(0.0569),tensor(0.0912)
2478,2478,tensor(0.0620),tensor(0.0569),tensor(0.0912)
2479,2479,tensor(0.0620),tensor(0.0568),tensor(0.0911)
2480,2480,tensor(0.0620),tensor(0.0568),tensor(0.0911)
2481,2481,tensor(0.0620),tensor(0.0567),tensor(0.0911)
2482,2482,tensor(0.0620),tensor(0.0567),tensor(0.0911)
2483,2483,tensor(0.0620),tensor(0.0566),tensor(0.0910)
2484,2484,tensor(0.0620),tensor(0.0566),tensor(0.0910)
2485,2485,tensor(0.0620),tensor(0.0565),tensor(0.0910)
2486,2486,tensor(0.0620),tensor(0.0565),tensor(0.0910)
2487,2487,tensor(0.0620),tensor(0.0564),tensor(0.0909)
2488,2488,tensor(0.0620),tensor(0.0564),tensor(0.0909)
2489,2489,tensor(0.0620),tensor(0.0563),tensor(0.0909)
2490,2490,tensor(0.0620),tensor(0.0563),tensor(0.0909)
2491,2491,tensor(0.0620),tensor(0.0562),tensor(0.0908)
2492,2492,tensor(0.0620),tensor(0.0561),tensor(0.0908)
2493,2493,tensor(0.0619),tensor(0.0561),tensor(0.0908)
2494,2494,tensor(0.0619),tensor(0.0560),tensor(0.0908)
2495,2495,tensor(0.0619),tensor(0.0560),tensor(0.0907)
2496,2496,tensor(0.0619),tensor(0.0559),tensor(0.0907)
2497,2497,tensor(0.0619),tensor(0.0559),tensor(0.0907)
2498,2498,tensor(0.0619),tensor(0.0558),tensor(0.0907)
2499,2499,tensor(0.0619),tensor(0.0558),tensor(0.0906)
2500,2500,tensor(0.0619),tensor(0.0557),tensor(0.0906)
2501,2501,tensor(0.0619),tensor(0.0557),tensor(0.0906)
2502,2502,tensor(0.0619),tensor(0.0557),tensor(0.0906)
2503,2503,tensor(0.0619),tensor(0.0556),tensor(0.0905)
2504,2504,tensor(0.0619),tensor(0.0556),tensor(0.0905)
2505,2505,tensor(0.0619),tensor(0.0555),tensor(0.0905)
2506,2506,tensor(0.0619),tensor(0.0555),tensor(0.0905)
2507,2507,tensor(0.0619),tensor(0.0554),tensor(0.0904)
2508,2508,tensor(0.0619),tensor(0.0554),tensor(0.0904)
2509,2509,tensor(0.0619),tensor(0.0553),tensor(0.0904)
2510,2510,tensor(0.0618),tensor(0.0553),tensor(0.0904)
2511,2511,tensor(0.0618),tensor(0.0552),tensor(0.0904)
2512,2512,tensor(0.0618),tensor(0.0552),tensor(0.0903)
2513,2513,tensor(0.0618),tensor(0.0551),tensor(0.0903)
2514,2514,tensor(0.0618),tensor(0.0551),tensor(0.0903)
2515,2515,tensor(0.0618),tensor(0.0550),tensor(0.0903)
2516,2516,tensor(0.0618),tensor(0.0550),tensor(0.0902)
2517,2517,tensor(0.0618),tensor(0.0549),tensor(0.0902)
2518,2518,tensor(0.0618),tensor(0.0549),tensor(0.0902)
2519,2519,tensor(0.0618),tensor(0.0548),tensor(0.0902)
2520,2520,tensor(0.0618),tensor(0.0548),tensor(0.0901)
2521,2521,tensor(0.0618),tensor(0.0547),tensor(0.0901)
2522,2522,tensor(0.0618),tensor(0.0547),tensor(0.0901)
2523,2523,tensor(0.0618),tensor(0.0546),tensor(0.0901)
2524,2524,tensor(0.0618),tensor(0.0546),tensor(0.0901)
2525,2525,tensor(0.0618),tensor(0.0545),tensor(0.0900)
2526,2526,tensor(0.0618),tensor(0.0545),tensor(0.0900)
2527,2527,tensor(0.0618),tensor(0.0545),tensor(0.0900)
2528,2528,tensor(0.0617),tensor(0.0544),tensor(0.0900)
2529,2529,tensor(0.0617),tensor(0.0544),tensor(0.0899)
2530,2530,tensor(0.0617),tensor(0.0543),tensor(0.0899)
2531,2531,tensor(0.0617),tensor(0.0543),tensor(0.0899)
2532,2532,tensor(0.0617),tensor(0.0542),tensor(0.0899)
2533,2533,tensor(0.0617),tensor(0.0542),tensor(0.0898)
2534,2534,tensor(0.0617),tensor(0.0541),tensor(0.0898)
2535,2535,tensor(0.0617),tensor(0.0541),tensor(0.0898)
2536,2536,tensor(0.0617),tensor(0.0540),tensor(0.0898)
2537,2537,tensor(0.0617),tensor(0.0540),tensor(0.0898)
2538,2538,tensor(0.0617),tensor(0.0540),tensor(0.0897)
2539,2539,tensor(0.0617),tensor(0.0539),tensor(0.0897)
2540,2540,tensor(0.0617),tensor(0.0539),tensor(0.0897)
2541,2541,tensor(0.0617),tensor(0.0538),tensor(0.0897)
2542,2542,tensor(0.0617),tensor(0.0538),tensor(0.0897)
2543,2543,tensor(0.0617),tensor(0.0537),tensor(0.0896)
2544,2544,tensor(0.0617),tensor(0.0537),tensor(0.0896)
2545,2545,tensor(0.0617),tensor(0.0536),tensor(0.0896)
2546,2546,tensor(0.0617),tensor(0.0536),tensor(0.0896)
2547,2547,tensor(0.0616),tensor(0.0535),tensor(0.0895)
2548,2548,tensor(0.0616),tensor(0.0535),tensor(0.0895)
2549,2549,tensor(0.0616),tensor(0.0535),tensor(0.0895)
2550,2550,tensor(0.0616),tensor(0.0534),tensor(0.0895)
2551,2551,tensor(0.0616),tensor(0.0534),tensor(0.0895)
2552,2552,tensor(0.0616),tensor(0.0533),tensor(0.0894)
2553,2553,tensor(0.0616),tensor(0.0533),tensor(0.0894)
2554,2554,tensor(0.0616),tensor(0.0532),tensor(0.0894)
2555,2555,tensor(0.0616),tensor(0.0532),tensor(0.0894)
2556,2556,tensor(0.0616),tensor(0.0532),tensor(0.0894)
2557,2557,tensor(0.0616),tensor(0.0531),tensor(0.0893)
2558,2558,tensor(0.0616),tensor(0.0531),tensor(0.0893)
2559,2559,tensor(0.0616),tensor(0.0530),tensor(0.0893)
2560,2560,tensor(0.0616),tensor(0.0530),tensor(0.0893)
2561,2561,tensor(0.0616),tensor(0.0529),tensor(0.0892)
2562,2562,tensor(0.0616),tensor(0.0529),tensor(0.0892)
2563,2563,tensor(0.0616),tensor(0.0529),tensor(0.0892)
2564,2564,tensor(0.0616),tensor(0.0528),tensor(0.0892)
2565,2565,tensor(0.0616),tensor(0.0528),tensor(0.0892)
2566,2566,tensor(0.0616),tensor(0.0527),tensor(0.0891)
2567,2567,tensor(0.0616),tensor(0.0527),tensor(0.0891)
2568,2568,tensor(0.0615),tensor(0.0526),tensor(0.0891)
2569,2569,tensor(0.0615),tensor(0.0526),tensor(0.0891)
2570,2570,tensor(0.0615),tensor(0.0526),tensor(0.0891)
2571,2571,tensor(0.0615),tensor(0.0525),tensor(0.0890)
2572,2572,tensor(0.0615),tensor(0.0525),tensor(0.0890)
2573,2573,tensor(0.0615),tensor(0.0524),tensor(0.0890)
2574,2574,tensor(0.0615),tensor(0.0524),tensor(0.0890)
2575,2575,tensor(0.0615),tensor(0.0524),tensor(0.0890)
2576,2576,tensor(0.0615),tensor(0.0523),tensor(0.0889)
2577,2577,tensor(0.0615),tensor(0.0523),tensor(0.0889)
2578,2578,tensor(0.0615),tensor(0.0522),tensor(0.0889)
2579,2579,tensor(0.0615),tensor(0.0522),tensor(0.0889)
2580,2580,tensor(0.0615),tensor(0.0521),tensor(0.0889)
2581,2581,tensor(0.0615),tensor(0.0521),tensor(0.0888)
2582,2582,tensor(0.0615),tensor(0.0521),tensor(0.0888)
2583,2583,tensor(0.0615),tensor(0.0520),tensor(0.0888)
2584,2584,tensor(0.0615),tensor(0.0520),tensor(0.0888)
2585,2585,tensor(0.0615),tensor(0.0519),tensor(0.0888)
2586,2586,tensor(0.0615),tensor(0.0519),tensor(0.0887)
2587,2587,tensor(0.0615),tensor(0.0519),tensor(0.0887)
2588,2588,tensor(0.0615),tensor(0.0518),tensor(0.0887)
2589,2589,tensor(0.0615),tensor(0.0518),tensor(0.0887)
2590,2590,tensor(0.0614),tensor(0.0517),tensor(0.0887)
2591,2591,tensor(0.0614),tensor(0.0517),tensor(0.0886)
2592,2592,tensor(0.0614),tensor(0.0517),tensor(0.0886)
2593,2593,tensor(0.0614),tensor(0.0516),tensor(0.0886)
2594,2594,tensor(0.0614),tensor(0.0516),tensor(0.0886)
2595,2595,tensor(0.0614),tensor(0.0515),tensor(0.0886)
2596,2596,tensor(0.0614),tensor(0.0515),tensor(0.0885)
2597,2597,tensor(0.0614),tensor(0.0515),tensor(0.0885)
2598,2598,tensor(0.0614),tensor(0.0514),tensor(0.0885)
2599,2599,tensor(0.0614),tensor(0.0514),tensor(0.0885)
2600,2600,tensor(0.0614),tensor(0.0513),tensor(0.0885)
2601,2601,tensor(0.0614),tensor(0.0513),tensor(0.0885)
2602,2602,tensor(0.0614),tensor(0.0513),tensor(0.0884)
2603,2603,tensor(0.0614),tensor(0.0512),tensor(0.0884)
2604,2604,tensor(0.0614),tensor(0.0512),tensor(0.0884)
2605,2605,tensor(0.0614),tensor(0.0512),tensor(0.0884)
2606,2606,tensor(0.0614),tensor(0.0511),tensor(0.0884)
2607,2607,tensor(0.0614),tensor(0.0511),tensor(0.0883)
2608,2608,tensor(0.0614),tensor(0.0510),tensor(0.0883)
2609,2609,tensor(0.0614),tensor(0.0510),tensor(0.0883)
2610,2610,tensor(0.0614),tensor(0.0510),tensor(0.0883)
2611,2611,tensor(0.0614),tensor(0.0509),tensor(0.0883)
2612,2612,tensor(0.0614),tensor(0.0509),tensor(0.0882)
2613,2613,tensor(0.0613),tensor(0.0509),tensor(0.0882)
2614,2614,tensor(0.0613),tensor(0.0508),tensor(0.0882)
2615,2615,tensor(0.0613),tensor(0.0508),tensor(0.0882)
2616,2616,tensor(0.0613),tensor(0.0507),tensor(0.0882)
2617,2617,tensor(0.0613),tensor(0.0507),tensor(0.0882)
2618,2618,tensor(0.0613),tensor(0.0507),tensor(0.0881)
2619,2619,tensor(0.0613),tensor(0.0506),tensor(0.0881)
2620,2620,tensor(0.0613),tensor(0.0506),tensor(0.0881)
2621,2621,tensor(0.0613),tensor(0.0506),tensor(0.0881)
2622,2622,tensor(0.0613),tensor(0.0505),tensor(0.0881)
2623,2623,tensor(0.0613),tensor(0.0505),tensor(0.0880)
2624,2624,tensor(0.0613),tensor(0.0504),tensor(0.0880)
2625,2625,tensor(0.0613),tensor(0.0504),tensor(0.0880)
2626,2626,tensor(0.0613),tensor(0.0504),tensor(0.0880)
2627,2627,tensor(0.0613),tensor(0.0503),tensor(0.0880)
2628,2628,tensor(0.0613),tensor(0.0503),tensor(0.0880)
2629,2629,tensor(0.0613),tensor(0.0503),tensor(0.0879)
2630,2630,tensor(0.0613),tensor(0.0502),tensor(0.0879)
2631,2631,tensor(0.0613),tensor(0.0502),tensor(0.0879)
2632,2632,tensor(0.0613),tensor(0.0502),tensor(0.0879)
2633,2633,tensor(0.0613),tensor(0.0501),tensor(0.0879)
2634,2634,tensor(0.0613),tensor(0.0501),tensor(0.0879)
2635,2635,tensor(0.0613),tensor(0.0500),tensor(0.0878)
2636,2636,tensor(0.0613),tensor(0.0500),tensor(0.0878)
2637,2637,tensor(0.0613),tensor(0.0500),tensor(0.0878)
2638,2638,tensor(0.0612),tensor(0.0499),tensor(0.0878)
2639,2639,tensor(0.0612),tensor(0.0499),tensor(0.0878)
2640,2640,tensor(0.0612),tensor(0.0499),tensor(0.0877)
2641,2641,tensor(0.0612),tensor(0.0498),tensor(0.0877)
2642,2642,tensor(0.0612),tensor(0.0498),tensor(0.0877)
2643,2643,tensor(0.0612),tensor(0.0498),tensor(0.0877)
2644,2644,tensor(0.0612),tensor(0.0497),tensor(0.0877)
2645,2645,tensor(0.0612),tensor(0.0497),tensor(0.0877)
2646,2646,tensor(0.0612),tensor(0.0497),tensor(0.0876)
2647,2647,tensor(0.0612),tensor(0.0496),tensor(0.0876)
2648,2648,tensor(0.0612),tensor(0.0496),tensor(0.0876)
2649,2649,tensor(0.0612),tensor(0.0496),tensor(0.0876)
2650,2650,tensor(0.0612),tensor(0.0495),tensor(0.0876)
2651,2651,tensor(0.0612),tensor(0.0495),tensor(0.0876)
2652,2652,tensor(0.0612),tensor(0.0495),tensor(0.0875)
2653,2653,tensor(0.0612),tensor(0.0494),tensor(0.0875)
2654,2654,tensor(0.0612),tensor(0.0494),tensor(0.0875)
2655,2655,tensor(0.0612),tensor(0.0494),tensor(0.0875)
2656,2656,tensor(0.0612),tensor(0.0493),tensor(0.0875)
2657,2657,tensor(0.0612),tensor(0.0493),tensor(0.0875)
2658,2658,tensor(0.0612),tensor(0.0493),tensor(0.0874)
2659,2659,tensor(0.0612),tensor(0.0492),tensor(0.0874)
2660,2660,tensor(0.0612),tensor(0.0492),tensor(0.0874)
2661,2661,tensor(0.0612),tensor(0.0492),tensor(0.0874)
2662,2662,tensor(0.0612),tensor(0.0491),tensor(0.0874)
2663,2663,tensor(0.0612),tensor(0.0491),tensor(0.0874)
2664,2664,tensor(0.0611),tensor(0.0491),tensor(0.0874)
2665,2665,tensor(0.0611),tensor(0.0490),tensor(0.0873)
2666,2666,tensor(0.0611),tensor(0.0490),tensor(0.0873)
2667,2667,tensor(0.0611),tensor(0.0490),tensor(0.0873)
2668,2668,tensor(0.0611),tensor(0.0489),tensor(0.0873)
2669,2669,tensor(0.0611),tensor(0.0489),tensor(0.0873)
2670,2670,tensor(0.0611),tensor(0.0489),tensor(0.0873)
2671,2671,tensor(0.0611),tensor(0.0488),tensor(0.0872)
2672,2672,tensor(0.0611),tensor(0.0488),tensor(0.0872)
2673,2673,tensor(0.0611),tensor(0.0488),tensor(0.0872)
2674,2674,tensor(0.0611),tensor(0.0487),tensor(0.0872)
2675,2675,tensor(0.0611),tensor(0.0487),tensor(0.0872)
2676,2676,tensor(0.0611),tensor(0.0487),tensor(0.0872)
2677,2677,tensor(0.0611),tensor(0.0486),tensor(0.0871)
2678,2678,tensor(0.0611),tensor(0.0486),tensor(0.0871)
2679,2679,tensor(0.0611),tensor(0.0486),tensor(0.0871)
2680,2680,tensor(0.0611),tensor(0.0485),tensor(0.0871)
2681,2681,tensor(0.0611),tensor(0.0485),tensor(0.0871)
2682,2682,tensor(0.0611),tensor(0.0485),tensor(0.0871)
2683,2683,tensor(0.0611),tensor(0.0484),tensor(0.0871)
2684,2684,tensor(0.0611),tensor(0.0484),tensor(0.0870)
2685,2685,tensor(0.0611),tensor(0.0484),tensor(0.0870)
2686,2686,tensor(0.0611),tensor(0.0484),tensor(0.0870)
2687,2687,tensor(0.0611),tensor(0.0483),tensor(0.0870)
2688,2688,tensor(0.0611),tensor(0.0483),tensor(0.0870)
2689,2689,tensor(0.0611),tensor(0.0483),tensor(0.0870)
2690,2690,tensor(0.0611),tensor(0.0482),tensor(0.0869)
2691,2691,tensor(0.0611),tensor(0.0482),tensor(0.0869)
2692,2692,tensor(0.0611),tensor(0.0482),tensor(0.0869)
2693,2693,tensor(0.0610),tensor(0.0481),tensor(0.0869)
2694,2694,tensor(0.0610),tensor(0.0481),tensor(0.0869)
2695,2695,tensor(0.0610),tensor(0.0481),tensor(0.0869)
2696,2696,tensor(0.0610),tensor(0.0480),tensor(0.0869)
2697,2697,tensor(0.0610),tensor(0.0480),tensor(0.0868)
2698,2698,tensor(0.0610),tensor(0.0480),tensor(0.0868)
2699,2699,tensor(0.0610),tensor(0.0480),tensor(0.0868)
2700,2700,tensor(0.0610),tensor(0.0479),tensor(0.0868)
2701,2701,tensor(0.0610),tensor(0.0479),tensor(0.0868)
2702,2702,tensor(0.0610),tensor(0.0479),tensor(0.0868)
2703,2703,tensor(0.0610),tensor(0.0478),tensor(0.0868)
2704,2704,tensor(0.0610),tensor(0.0478),tensor(0.0867)
2705,2705,tensor(0.0610),tensor(0.0478),tensor(0.0867)
2706,2706,tensor(0.0610),tensor(0.0477),tensor(0.0867)
2707,2707,tensor(0.0610),tensor(0.0477),tensor(0.0867)
2708,2708,tensor(0.0610),tensor(0.0477),tensor(0.0867)
2709,2709,tensor(0.0610),tensor(0.0477),tensor(0.0867)
2710,2710,tensor(0.0610),tensor(0.0476),tensor(0.0867)
2711,2711,tensor(0.0610),tensor(0.0476),tensor(0.0866)
2712,2712,tensor(0.0610),tensor(0.0476),tensor(0.0866)
2713,2713,tensor(0.0610),tensor(0.0475),tensor(0.0866)
2714,2714,tensor(0.0610),tensor(0.0475),tensor(0.0866)
2715,2715,tensor(0.0610),tensor(0.0475),tensor(0.0866)
2716,2716,tensor(0.0610),tensor(0.0475),tensor(0.0866)
2717,2717,tensor(0.0610),tensor(0.0474),tensor(0.0866)
2718,2718,tensor(0.0610),tensor(0.0474),tensor(0.0865)
2719,2719,tensor(0.0610),tensor(0.0474),tensor(0.0865)
2720,2720,tensor(0.0610),tensor(0.0473),tensor(0.0865)
2721,2721,tensor(0.0610),tensor(0.0473),tensor(0.0865)
2722,2722,tensor(0.0610),tensor(0.0473),tensor(0.0865)
2723,2723,tensor(0.0609),tensor(0.0473),tensor(0.0865)
2724,2724,tensor(0.0609),tensor(0.0472),tensor(0.0865)
2725,2725,tensor(0.0609),tensor(0.0472),tensor(0.0864)
2726,2726,tensor(0.0609),tensor(0.0472),tensor(0.0864)
2727,2727,tensor(0.0609),tensor(0.0471),tensor(0.0864)
2728,2728,tensor(0.0609),tensor(0.0471),tensor(0.0864)
2729,2729,tensor(0.0609),tensor(0.0471),tensor(0.0864)
2730,2730,tensor(0.0609),tensor(0.0471),tensor(0.0864)
2731,2731,tensor(0.0609),tensor(0.0470),tensor(0.0864)
2732,2732,tensor(0.0609),tensor(0.0470),tensor(0.0864)
2733,2733,tensor(0.0609),tensor(0.0470),tensor(0.0863)
2734,2734,tensor(0.0609),tensor(0.0469),tensor(0.0863)
2735,2735,tensor(0.0609),tensor(0.0469),tensor(0.0863)
2736,2736,tensor(0.0609),tensor(0.0469),tensor(0.0863)
2737,2737,tensor(0.0609),tensor(0.0469),tensor(0.0863)
2738,2738,tensor(0.0609),tensor(0.0468),tensor(0.0863)
2739,2739,tensor(0.0609),tensor(0.0468),tensor(0.0863)
2740,2740,tensor(0.0609),tensor(0.0468),tensor(0.0862)
2741,2741,tensor(0.0609),tensor(0.0468),tensor(0.0862)
2742,2742,tensor(0.0609),tensor(0.0467),tensor(0.0862)
2743,2743,tensor(0.0609),tensor(0.0467),tensor(0.0862)
2744,2744,tensor(0.0609),tensor(0.0467),tensor(0.0862)
2745,2745,tensor(0.0609),tensor(0.0467),tensor(0.0862)
2746,2746,tensor(0.0609),tensor(0.0466),tensor(0.0862)
2747,2747,tensor(0.0609),tensor(0.0466),tensor(0.0862)
2748,2748,tensor(0.0609),tensor(0.0466),tensor(0.0861)
2749,2749,tensor(0.0609),tensor(0.0465),tensor(0.0861)
2750,2750,tensor(0.0609),tensor(0.0465),tensor(0.0861)
2751,2751,tensor(0.0609),tensor(0.0465),tensor(0.0861)
2752,2752,tensor(0.0609),tensor(0.0465),tensor(0.0861)
2753,2753,tensor(0.0609),tensor(0.0464),tensor(0.0861)
2754,2754,tensor(0.0609),tensor(0.0464),tensor(0.0861)
2755,2755,tensor(0.0608),tensor(0.0464),tensor(0.0861)
2756,2756,tensor(0.0608),tensor(0.0464),tensor(0.0860)
2757,2757,tensor(0.0608),tensor(0.0463),tensor(0.0860)
2758,2758,tensor(0.0608),tensor(0.0463),tensor(0.0860)
2759,2759,tensor(0.0608),tensor(0.0463),tensor(0.0860)
2760,2760,tensor(0.0608),tensor(0.0463),tensor(0.0860)
2761,2761,tensor(0.0608),tensor(0.0462),tensor(0.0860)
2762,2762,tensor(0.0608),tensor(0.0462),tensor(0.0860)
2763,2763,tensor(0.0608),tensor(0.0462),tensor(0.0860)
2764,2764,tensor(0.0608),tensor(0.0462),tensor(0.0859)
2765,2765,tensor(0.0608),tensor(0.0461),tensor(0.0859)
2766,2766,tensor(0.0608),tensor(0.0461),tensor(0.0859)
2767,2767,tensor(0.0608),tensor(0.0461),tensor(0.0859)
2768,2768,tensor(0.0608),tensor(0.0461),tensor(0.0859)
2769,2769,tensor(0.0608),tensor(0.0460),tensor(0.0859)
2770,2770,tensor(0.0608),tensor(0.0460),tensor(0.0859)
2771,2771,tensor(0.0608),tensor(0.0460),tensor(0.0859)
2772,2772,tensor(0.0608),tensor(0.0460),tensor(0.0858)
2773,2773,tensor(0.0608),tensor(0.0459),tensor(0.0858)
2774,2774,tensor(0.0608),tensor(0.0459),tensor(0.0858)
2775,2775,tensor(0.0608),tensor(0.0459),tensor(0.0858)
2776,2776,tensor(0.0608),tensor(0.0459),tensor(0.0858)
2777,2777,tensor(0.0608),tensor(0.0458),tensor(0.0858)
2778,2778,tensor(0.0608),tensor(0.0458),tensor(0.0858)
2779,2779,tensor(0.0608),tensor(0.0458),tensor(0.0858)
2780,2780,tensor(0.0608),tensor(0.0458),tensor(0.0857)
2781,2781,tensor(0.0608),tensor(0.0457),tensor(0.0857)
2782,2782,tensor(0.0608),tensor(0.0457),tensor(0.0857)
2783,2783,tensor(0.0608),tensor(0.0457),tensor(0.0857)
2784,2784,tensor(0.0608),tensor(0.0457),tensor(0.0857)
2785,2785,tensor(0.0608),tensor(0.0456),tensor(0.0857)
2786,2786,tensor(0.0608),tensor(0.0456),tensor(0.0857)
2787,2787,tensor(0.0608),tensor(0.0456),tensor(0.0857)
2788,2788,tensor(0.0608),tensor(0.0456),tensor(0.0857)
2789,2789,tensor(0.0607),tensor(0.0456),tensor(0.0856)
2790,2790,tensor(0.0607),tensor(0.0455),tensor(0.0856)
2791,2791,tensor(0.0607),tensor(0.0455),tensor(0.0856)
2792,2792,tensor(0.0607),tensor(0.0455),tensor(0.0856)
2793,2793,tensor(0.0607),tensor(0.0455),tensor(0.0856)
2794,2794,tensor(0.0607),tensor(0.0454),tensor(0.0856)
2795,2795,tensor(0.0607),tensor(0.0454),tensor(0.0856)
2796,2796,tensor(0.0607),tensor(0.0454),tensor(0.0856)
2797,2797,tensor(0.0607),tensor(0.0454),tensor(0.0856)
2798,2798,tensor(0.0607),tensor(0.0453),tensor(0.0855)
2799,2799,tensor(0.0607),tensor(0.0453),tensor(0.0855)
2800,2800,tensor(0.0607),tensor(0.0453),tensor(0.0855)
2801,2801,tensor(0.0607),tensor(0.0453),tensor(0.0855)
2802,2802,tensor(0.0607),tensor(0.0453),tensor(0.0855)
2803,2803,tensor(0.0607),tensor(0.0452),tensor(0.0855)
2804,2804,tensor(0.0607),tensor(0.0452),tensor(0.0855)
2805,2805,tensor(0.0607),tensor(0.0452),tensor(0.0855)
2806,2806,tensor(0.0607),tensor(0.0452),tensor(0.0855)
2807,2807,tensor(0.0607),tensor(0.0451),tensor(0.0854)
2808,2808,tensor(0.0607),tensor(0.0451),tensor(0.0854)
2809,2809,tensor(0.0607),tensor(0.0451),tensor(0.0854)
2810,2810,tensor(0.0607),tensor(0.0451),tensor(0.0854)
2811,2811,tensor(0.0607),tensor(0.0451),tensor(0.0854)
2812,2812,tensor(0.0607),tensor(0.0450),tensor(0.0854)
2813,2813,tensor(0.0607),tensor(0.0450),tensor(0.0854)
2814,2814,tensor(0.0607),tensor(0.0450),tensor(0.0854)
2815,2815,tensor(0.0607),tensor(0.0450),tensor(0.0854)
2816,2816,tensor(0.0607),tensor(0.0449),tensor(0.0853)
2817,2817,tensor(0.0607),tensor(0.0449),tensor(0.0853)
2818,2818,tensor(0.0607),tensor(0.0449),tensor(0.0853)
2819,2819,tensor(0.0607),tensor(0.0449),tensor(0.0853)
2820,2820,tensor(0.0607),tensor(0.0449),tensor(0.0853)
2821,2821,tensor(0.0607),tensor(0.0448),tensor(0.0853)
2822,2822,tensor(0.0607),tensor(0.0448),tensor(0.0853)
2823,2823,tensor(0.0607),tensor(0.0448),tensor(0.0853)
2824,2824,tensor(0.0607),tensor(0.0448),tensor(0.0853)
2825,2825,tensor(0.0606),tensor(0.0447),tensor(0.0852)
2826,2826,tensor(0.0606),tensor(0.0447),tensor(0.0852)
2827,2827,tensor(0.0606),tensor(0.0447),tensor(0.0852)
2828,2828,tensor(0.0606),tensor(0.0447),tensor(0.0852)
2829,2829,tensor(0.0606),tensor(0.0447),tensor(0.0852)
2830,2830,tensor(0.0606),tensor(0.0446),tensor(0.0852)
2831,2831,tensor(0.0606),tensor(0.0446),tensor(0.0852)
2832,2832,tensor(0.0606),tensor(0.0446),tensor(0.0852)
2833,2833,tensor(0.0606),tensor(0.0446),tensor(0.0852)
2834,2834,tensor(0.0606),tensor(0.0446),tensor(0.0852)
2835,2835,tensor(0.0606),tensor(0.0445),tensor(0.0851)
2836,2836,tensor(0.0606),tensor(0.0445),tensor(0.0851)
2837,2837,tensor(0.0606),tensor(0.0445),tensor(0.0851)
2838,2838,tensor(0.0606),tensor(0.0445),tensor(0.0851)
2839,2839,tensor(0.0606),tensor(0.0445),tensor(0.0851)
2840,2840,tensor(0.0606),tensor(0.0444),tensor(0.0851)
2841,2841,tensor(0.0606),tensor(0.0444),tensor(0.0851)
2842,2842,tensor(0.0606),tensor(0.0444),tensor(0.0851)
2843,2843,tensor(0.0606),tensor(0.0444),tensor(0.0851)
2844,2844,tensor(0.0606),tensor(0.0444),tensor(0.0851)
2845,2845,tensor(0.0606),tensor(0.0443),tensor(0.0850)
2846,2846,tensor(0.0606),tensor(0.0443),tensor(0.0850)
2847,2847,tensor(0.0606),tensor(0.0443),tensor(0.0850)
2848,2848,tensor(0.0606),tensor(0.0443),tensor(0.0850)
2849,2849,tensor(0.0606),tensor(0.0443),tensor(0.0850)
2850,2850,tensor(0.0606),tensor(0.0442),tensor(0.0850)
2851,2851,tensor(0.0606),tensor(0.0442),tensor(0.0850)
2852,2852,tensor(0.0606),tensor(0.0442),tensor(0.0850)
2853,2853,tensor(0.0606),tensor(0.0442),tensor(0.0850)
2854,2854,tensor(0.0606),tensor(0.0442),tensor(0.0850)
2855,2855,tensor(0.0606),tensor(0.0441),tensor(0.0850)
2856,2856,tensor(0.0606),tensor(0.0441),tensor(0.0849)
2857,2857,tensor(0.0606),tensor(0.0441),tensor(0.0849)
2858,2858,tensor(0.0606),tensor(0.0441),tensor(0.0849)
2859,2859,tensor(0.0606),tensor(0.0441),tensor(0.0849)
2860,2860,tensor(0.0606),tensor(0.0440),tensor(0.0849)
2861,2861,tensor(0.0606),tensor(0.0440),tensor(0.0849)
2862,2862,tensor(0.0605),tensor(0.0440),tensor(0.0849)
2863,2863,tensor(0.0605),tensor(0.0440),tensor(0.0849)
2864,2864,tensor(0.0605),tensor(0.0440),tensor(0.0849)
2865,2865,tensor(0.0605),tensor(0.0439),tensor(0.0849)
2866,2866,tensor(0.0605),tensor(0.0439),tensor(0.0848)
2867,2867,tensor(0.0605),tensor(0.0439),tensor(0.0848)
2868,2868,tensor(0.0605),tensor(0.0439),tensor(0.0848)
2869,2869,tensor(0.0605),tensor(0.0439),tensor(0.0848)
2870,2870,tensor(0.0605),tensor(0.0439),tensor(0.0848)
2871,2871,tensor(0.0605),tensor(0.0438),tensor(0.0848)
2872,2872,tensor(0.0605),tensor(0.0438),tensor(0.0848)
2873,2873,tensor(0.0605),tensor(0.0438),tensor(0.0848)
2874,2874,tensor(0.0605),tensor(0.0438),tensor(0.0848)
2875,2875,tensor(0.0605),tensor(0.0438),tensor(0.0848)
2876,2876,tensor(0.0605),tensor(0.0437),tensor(0.0848)
2877,2877,tensor(0.0605),tensor(0.0437),tensor(0.0847)
2878,2878,tensor(0.0605),tensor(0.0437),tensor(0.0847)
2879,2879,tensor(0.0605),tensor(0.0437),tensor(0.0847)
2880,2880,tensor(0.0605),tensor(0.0437),tensor(0.0847)
2881,2881,tensor(0.0605),tensor(0.0436),tensor(0.0847)
2882,2882,tensor(0.0605),tensor(0.0436),tensor(0.0847)
2883,2883,tensor(0.0605),tensor(0.0436),tensor(0.0847)
2884,2884,tensor(0.0605),tensor(0.0436),tensor(0.0847)
2885,2885,tensor(0.0605),tensor(0.0436),tensor(0.0847)
2886,2886,tensor(0.0605),tensor(0.0436),tensor(0.0847)
2887,2887,tensor(0.0605),tensor(0.0435),tensor(0.0847)
2888,2888,tensor(0.0605),tensor(0.0435),tensor(0.0847)
2889,2889,tensor(0.0605),tensor(0.0435),tensor(0.0846)
2890,2890,tensor(0.0605),tensor(0.0435),tensor(0.0846)
2891,2891,tensor(0.0605),tensor(0.0435),tensor(0.0846)
2892,2892,tensor(0.0605),tensor(0.0435),tensor(0.0846)
2893,2893,tensor(0.0605),tensor(0.0434),tensor(0.0846)
2894,2894,tensor(0.0605),tensor(0.0434),tensor(0.0846)
2895,2895,tensor(0.0605),tensor(0.0434),tensor(0.0846)
2896,2896,tensor(0.0605),tensor(0.0434),tensor(0.0846)
2897,2897,tensor(0.0605),tensor(0.0434),tensor(0.0846)
2898,2898,tensor(0.0605),tensor(0.0434),tensor(0.0846)
2899,2899,tensor(0.0605),tensor(0.0433),tensor(0.0846)
2900,2900,tensor(0.0605),tensor(0.0433),tensor(0.0846)
2901,2901,tensor(0.0604),tensor(0.0433),tensor(0.0845)
2902,2902,tensor(0.0604),tensor(0.0433),tensor(0.0845)
2903,2903,tensor(0.0604),tensor(0.0433),tensor(0.0845)
2904,2904,tensor(0.0604),tensor(0.0432),tensor(0.0845)
2905,2905,tensor(0.0604),tensor(0.0432),tensor(0.0845)
2906,2906,tensor(0.0604),tensor(0.0432),tensor(0.0845)
2907,2907,tensor(0.0604),tensor(0.0432),tensor(0.0845)
2908,2908,tensor(0.0604),tensor(0.0432),tensor(0.0845)
2909,2909,tensor(0.0604),tensor(0.0432),tensor(0.0845)
2910,2910,tensor(0.0604),tensor(0.0431),tensor(0.0845)
2911,2911,tensor(0.0604),tensor(0.0431),tensor(0.0845)
2912,2912,tensor(0.0604),tensor(0.0431),tensor(0.0845)
2913,2913,tensor(0.0604),tensor(0.0431),tensor(0.0844)
2914,2914,tensor(0.0604),tensor(0.0431),tensor(0.0844)
2915,2915,tensor(0.0604),tensor(0.0431),tensor(0.0844)
2916,2916,tensor(0.0604),tensor(0.0431),tensor(0.0844)
2917,2917,tensor(0.0604),tensor(0.0430),tensor(0.0844)
2918,2918,tensor(0.0604),tensor(0.0430),tensor(0.0844)
2919,2919,tensor(0.0604),tensor(0.0430),tensor(0.0844)
2920,2920,tensor(0.0604),tensor(0.0430),tensor(0.0844)
2921,2921,tensor(0.0604),tensor(0.0430),tensor(0.0844)
2922,2922,tensor(0.0604),tensor(0.0430),tensor(0.0844)
2923,2923,tensor(0.0604),tensor(0.0429),tensor(0.0844)
2924,2924,tensor(0.0604),tensor(0.0429),tensor(0.0844)
2925,2925,tensor(0.0604),tensor(0.0429),tensor(0.0844)
2926,2926,tensor(0.0604),tensor(0.0429),tensor(0.0843)
2927,2927,tensor(0.0604),tensor(0.0429),tensor(0.0843)
2928,2928,tensor(0.0604),tensor(0.0429),tensor(0.0843)
2929,2929,tensor(0.0604),tensor(0.0428),tensor(0.0843)
2930,2930,tensor(0.0604),tensor(0.0428),tensor(0.0843)
2931,2931,tensor(0.0604),tensor(0.0428),tensor(0.0843)
2932,2932,tensor(0.0604),tensor(0.0428),tensor(0.0843)
2933,2933,tensor(0.0604),tensor(0.0428),tensor(0.0843)
2934,2934,tensor(0.0604),tensor(0.0428),tensor(0.0843)
2935,2935,tensor(0.0604),tensor(0.0427),tensor(0.0843)
2936,2936,tensor(0.0604),tensor(0.0427),tensor(0.0843)
2937,2937,tensor(0.0604),tensor(0.0427),tensor(0.0843)
2938,2938,tensor(0.0604),tensor(0.0427),tensor(0.0843)
2939,2939,tensor(0.0604),tensor(0.0427),tensor(0.0842)
2940,2940,tensor(0.0604),tensor(0.0427),tensor(0.0842)
2941,2941,tensor(0.0603),tensor(0.0427),tensor(0.0842)
2942,2942,tensor(0.0603),tensor(0.0426),tensor(0.0842)
2943,2943,tensor(0.0603),tensor(0.0426),tensor(0.0842)
2944,2944,tensor(0.0603),tensor(0.0426),tensor(0.0842)
2945,2945,tensor(0.0603),tensor(0.0426),tensor(0.0842)
2946,2946,tensor(0.0603),tensor(0.0426),tensor(0.0842)
2947,2947,tensor(0.0603),tensor(0.0426),tensor(0.0842)
2948,2948,tensor(0.0603),tensor(0.0426),tensor(0.0842)
2949,2949,tensor(0.0603),tensor(0.0425),tensor(0.0842)
2950,2950,tensor(0.0603),tensor(0.0425),tensor(0.0842)
2951,2951,tensor(0.0603),tensor(0.0425),tensor(0.0842)
2952,2952,tensor(0.0603),tensor(0.0425),tensor(0.0842)
2953,2953,tensor(0.0603),tensor(0.0425),tensor(0.0841)
2954,2954,tensor(0.0603),tensor(0.0425),tensor(0.0841)
2955,2955,tensor(0.0603),tensor(0.0425),tensor(0.0841)
2956,2956,tensor(0.0603),tensor(0.0424),tensor(0.0841)
2957,2957,tensor(0.0603),tensor(0.0424),tensor(0.0841)
2958,2958,tensor(0.0603),tensor(0.0424),tensor(0.0841)
2959,2959,tensor(0.0603),tensor(0.0424),tensor(0.0841)
2960,2960,tensor(0.0603),tensor(0.0424),tensor(0.0841)
2961,2961,tensor(0.0603),tensor(0.0424),tensor(0.0841)
2962,2962,tensor(0.0603),tensor(0.0424),tensor(0.0841)
2963,2963,tensor(0.0603),tensor(0.0423),tensor(0.0841)
2964,2964,tensor(0.0603),tensor(0.0423),tensor(0.0841)
2965,2965,tensor(0.0603),tensor(0.0423),tensor(0.0841)
2966,2966,tensor(0.0603),tensor(0.0423),tensor(0.0841)
2967,2967,tensor(0.0603),tensor(0.0423),tensor(0.0840)
2968,2968,tensor(0.0603),tensor(0.0423),tensor(0.0840)
2969,2969,tensor(0.0603),tensor(0.0423),tensor(0.0840)
2970,2970,tensor(0.0603),tensor(0.0422),tensor(0.0840)
2971,2971,tensor(0.0603),tensor(0.0422),tensor(0.0840)
2972,2972,tensor(0.0603),tensor(0.0422),tensor(0.0840)
2973,2973,tensor(0.0603),tensor(0.0422),tensor(0.0840)
2974,2974,tensor(0.0603),tensor(0.0422),tensor(0.0840)
2975,2975,tensor(0.0603),tensor(0.0422),tensor(0.0840)
2976,2976,tensor(0.0603),tensor(0.0422),tensor(0.0840)
2977,2977,tensor(0.0603),tensor(0.0421),tensor(0.0840)
2978,2978,tensor(0.0603),tensor(0.0421),tensor(0.0840)
2979,2979,tensor(0.0603),tensor(0.0421),tensor(0.0840)
2980,2980,tensor(0.0603),tensor(0.0421),tensor(0.0840)
2981,2981,tensor(0.0603),tensor(0.0421),tensor(0.0840)
2982,2982,tensor(0.0602),tensor(0.0421),tensor(0.0839)
2983,2983,tensor(0.0602),tensor(0.0421),tensor(0.0839)
2984,2984,tensor(0.0602),tensor(0.0421),tensor(0.0839)
2985,2985,tensor(0.0602),tensor(0.0420),tensor(0.0839)
2986,2986,tensor(0.0602),tensor(0.0420),tensor(0.0839)
2987,2987,tensor(0.0602),tensor(0.0420),tensor(0.0839)
2988,2988,tensor(0.0602),tensor(0.0420),tensor(0.0839)
2989,2989,tensor(0.0602),tensor(0.0420),tensor(0.0839)
2990,2990,tensor(0.0602),tensor(0.0420),tensor(0.0839)
2991,2991,tensor(0.0602),tensor(0.0420),tensor(0.0839)
2992,2992,tensor(0.0602),tensor(0.0419),tensor(0.0839)
2993,2993,tensor(0.0602),tensor(0.0419),tensor(0.0839)
2994,2994,tensor(0.0602),tensor(0.0419),tensor(0.0839)
2995,2995,tensor(0.0602),tensor(0.0419),tensor(0.0839)
2996,2996,tensor(0.0602),tensor(0.0419),tensor(0.0839)
2997,2997,tensor(0.0602),tensor(0.0419),tensor(0.0839)
2998,2998,tensor(0.0602),tensor(0.0419),tensor(0.0838)
2999,2999,tensor(0.0602),tensor(0.0419),tensor(0.0838)
3000,3000,tensor(0.0602),tensor(0.0418),tensor(0.0838)
3001,3001,tensor(0.0602),tensor(0.0418),tensor(0.0838)
3002,3002,tensor(0.0602),tensor(0.0418),tensor(0.0838)
3003,3003,tensor(0.0602),tensor(0.0418),tensor(0.0838)
3004,3004,tensor(0.0602),tensor(0.0418),tensor(0.0838)
3005,3005,tensor(0.0602),tensor(0.0418),tensor(0.0838)
3006,3006,tensor(0.0602),tensor(0.0418),tensor(0.0838)
3007,3007,tensor(0.0602),tensor(0.0418),tensor(0.0838)
3008,3008,tensor(0.0602),tensor(0.0417),tensor(0.0838)
3009,3009,tensor(0.0602),tensor(0.0417),tensor(0.0838)
3010,3010,tensor(0.0602),tensor(0.0417),tensor(0.0838)
3011,3011,tensor(0.0602),tensor(0.0417),tensor(0.0838)
3012,3012,tensor(0.0602),tensor(0.0417),tensor(0.0838)
3013,3013,tensor(0.0602),tensor(0.0417),tensor(0.0838)
3014,3014,tensor(0.0602),tensor(0.0417),tensor(0.0837)
3015,3015,tensor(0.0602),tensor(0.0417),tensor(0.0837)
3016,3016,tensor(0.0602),tensor(0.0416),tensor(0.0837)
3017,3017,tensor(0.0602),tensor(0.0416),tensor(0.0837)
3018,3018,tensor(0.0602),tensor(0.0416),tensor(0.0837)
3019,3019,tensor(0.0602),tensor(0.0416),tensor(0.0837)
3020,3020,tensor(0.0602),tensor(0.0416),tensor(0.0837)
3021,3021,tensor(0.0602),tensor(0.0416),tensor(0.0837)
3022,3022,tensor(0.0602),tensor(0.0416),tensor(0.0837)
3023,3023,tensor(0.0601),tensor(0.0416),tensor(0.0837)
3024,3024,tensor(0.0601),tensor(0.0416),tensor(0.0837)
3025,3025,tensor(0.0601),tensor(0.0415),tensor(0.0837)
3026,3026,tensor(0.0601),tensor(0.0415),tensor(0.0837)
3027,3027,tensor(0.0601),tensor(0.0415),tensor(0.0837)
3028,3028,tensor(0.0601),tensor(0.0415),tensor(0.0837)
3029,3029,tensor(0.0601),tensor(0.0415),tensor(0.0837)
3030,3030,tensor(0.0601),tensor(0.0415),tensor(0.0837)
3031,3031,tensor(0.0601),tensor(0.0415),tensor(0.0837)
3032,3032,tensor(0.0601),tensor(0.0415),tensor(0.0836)
3033,3033,tensor(0.0601),tensor(0.0415),tensor(0.0836)
3034,3034,tensor(0.0601),tensor(0.0414),tensor(0.0836)
3035,3035,tensor(0.0601),tensor(0.0414),tensor(0.0836)
3036,3036,tensor(0.0601),tensor(0.0414),tensor(0.0836)
3037,3037,tensor(0.0601),tensor(0.0414),tensor(0.0836)
3038,3038,tensor(0.0601),tensor(0.0414),tensor(0.0836)
3039,3039,tensor(0.0601),tensor(0.0414),tensor(0.0836)
3040,3040,tensor(0.0601),tensor(0.0414),tensor(0.0836)
3041,3041,tensor(0.0601),tensor(0.0414),tensor(0.0836)
3042,3042,tensor(0.0601),tensor(0.0414),tensor(0.0836)
3043,3043,tensor(0.0601),tensor(0.0413),tensor(0.0836)
3044,3044,tensor(0.0601),tensor(0.0413),tensor(0.0836)
3045,3045,tensor(0.0601),tensor(0.0413),tensor(0.0836)
3046,3046,tensor(0.0601),tensor(0.0413),tensor(0.0836)
3047,3047,tensor(0.0601),tensor(0.0413),tensor(0.0836)
3048,3048,tensor(0.0601),tensor(0.0413),tensor(0.0836)
3049,3049,tensor(0.0601),tensor(0.0413),tensor(0.0836)
3050,3050,tensor(0.0601),tensor(0.0413),tensor(0.0835)
3051,3051,tensor(0.0601),tensor(0.0413),tensor(0.0835)
3052,3052,tensor(0.0601),tensor(0.0412),tensor(0.0835)
3053,3053,tensor(0.0601),tensor(0.0412),tensor(0.0835)
3054,3054,tensor(0.0601),tensor(0.0412),tensor(0.0835)
3055,3055,tensor(0.0601),tensor(0.0412),tensor(0.0835)
3056,3056,tensor(0.0601),tensor(0.0412),tensor(0.0835)
3057,3057,tensor(0.0601),tensor(0.0412),tensor(0.0835)
3058,3058,tensor(0.0601),tensor(0.0412),tensor(0.0835)
3059,3059,tensor(0.0601),tensor(0.0412),tensor(0.0835)
3060,3060,tensor(0.0601),tensor(0.0412),tensor(0.0835)
3061,3061,tensor(0.0601),tensor(0.0411),tensor(0.0835)
3062,3062,tensor(0.0601),tensor(0.0411),tensor(0.0835)
3063,3063,tensor(0.0601),tensor(0.0411),tensor(0.0835)
3064,3064,tensor(0.0601),tensor(0.0411),tensor(0.0835)
3065,3065,tensor(0.0600),tensor(0.0411),tensor(0.0835)
3066,3066,tensor(0.0600),tensor(0.0411),tensor(0.0835)
3067,3067,tensor(0.0600),tensor(0.0411),tensor(0.0835)
3068,3068,tensor(0.0600),tensor(0.0411),tensor(0.0835)
3069,3069,tensor(0.0600),tensor(0.0411),tensor(0.0835)
3070,3070,tensor(0.0600),tensor(0.0411),tensor(0.0834)
3071,3071,tensor(0.0600),tensor(0.0410),tensor(0.0834)
3072,3072,tensor(0.0600),tensor(0.0410),tensor(0.0834)
3073,3073,tensor(0.0600),tensor(0.0410),tensor(0.0834)
3074,3074,tensor(0.0600),tensor(0.0410),tensor(0.0834)
3075,3075,tensor(0.0600),tensor(0.0410),tensor(0.0834)
3076,3076,tensor(0.0600),tensor(0.0410),tensor(0.0834)
3077,3077,tensor(0.0600),tensor(0.0410),tensor(0.0834)
3078,3078,tensor(0.0600),tensor(0.0410),tensor(0.0834)
3079,3079,tensor(0.0600),tensor(0.0410),tensor(0.0834)
3080,3080,tensor(0.0600),tensor(0.0410),tensor(0.0834)
3081,3081,tensor(0.0600),tensor(0.0409),tensor(0.0834)
3082,3082,tensor(0.0600),tensor(0.0409),tensor(0.0834)
3083,3083,tensor(0.0600),tensor(0.0409),tensor(0.0834)
3084,3084,tensor(0.0600),tensor(0.0409),tensor(0.0834)
3085,3085,tensor(0.0600),tensor(0.0409),tensor(0.0834)
3086,3086,tensor(0.0600),tensor(0.0409),tensor(0.0834)
3087,3087,tensor(0.0600),tensor(0.0409),tensor(0.0834)
3088,3088,tensor(0.0600),tensor(0.0409),tensor(0.0834)
3089,3089,tensor(0.0600),tensor(0.0409),tensor(0.0834)
3090,3090,tensor(0.0600),tensor(0.0409),tensor(0.0834)
3091,3091,tensor(0.0600),tensor(0.0409),tensor(0.0833)
3092,3092,tensor(0.0600),tensor(0.0408),tensor(0.0833)
3093,3093,tensor(0.0600),tensor(0.0408),tensor(0.0833)
3094,3094,tensor(0.0600),tensor(0.0408),tensor(0.0833)
3095,3095,tensor(0.0600),tensor(0.0408),tensor(0.0833)
3096,3096,tensor(0.0600),tensor(0.0408),tensor(0.0833)
3097,3097,tensor(0.0600),tensor(0.0408),tensor(0.0833)
3098,3098,tensor(0.0600),tensor(0.0408),tensor(0.0833)
3099,3099,tensor(0.0600),tensor(0.0408),tensor(0.0833)
3100,3100,tensor(0.0600),tensor(0.0408),tensor(0.0833)
3101,3101,tensor(0.0600),tensor(0.0408),tensor(0.0833)
3102,3102,tensor(0.0600),tensor(0.0407),tensor(0.0833)
3103,3103,tensor(0.0600),tensor(0.0407),tensor(0.0833)
3104,3104,tensor(0.0600),tensor(0.0407),tensor(0.0833)
3105,3105,tensor(0.0600),tensor(0.0407),tensor(0.0833)
3106,3106,tensor(0.0600),tensor(0.0407),tensor(0.0833)
3107,3107,tensor(0.0600),tensor(0.0407),tensor(0.0833)
3108,3108,tensor(0.0599),tensor(0.0407),tensor(0.0833)
3109,3109,tensor(0.0599),tensor(0.0407),tensor(0.0833)
3110,3110,tensor(0.0599),tensor(0.0407),tensor(0.0833)
3111,3111,tensor(0.0599),tensor(0.0407),tensor(0.0833)
3112,3112,tensor(0.0599),tensor(0.0407),tensor(0.0833)
3113,3113,tensor(0.0599),tensor(0.0407),tensor(0.0833)
3114,3114,tensor(0.0599),tensor(0.0406),tensor(0.0832)
3115,3115,tensor(0.0599),tensor(0.0406),tensor(0.0832)
3116,3116,tensor(0.0599),tensor(0.0406),tensor(0.0832)
3117,3117,tensor(0.0599),tensor(0.0406),tensor(0.0832)
3118,3118,tensor(0.0599),tensor(0.0406),tensor(0.0832)
3119,3119,tensor(0.0599),tensor(0.0406),tensor(0.0832)
3120,3120,tensor(0.0599),tensor(0.0406),tensor(0.0832)
3121,3121,tensor(0.0599),tensor(0.0406),tensor(0.0832)
3122,3122,tensor(0.0599),tensor(0.0406),tensor(0.0832)
3123,3123,tensor(0.0599),tensor(0.0406),tensor(0.0832)
3124,3124,tensor(0.0599),tensor(0.0406),tensor(0.0832)
3125,3125,tensor(0.0599),tensor(0.0405),tensor(0.0832)
3126,3126,tensor(0.0599),tensor(0.0405),tensor(0.0832)
3127,3127,tensor(0.0599),tensor(0.0405),tensor(0.0832)
3128,3128,tensor(0.0599),tensor(0.0405),tensor(0.0832)
3129,3129,tensor(0.0599),tensor(0.0405),tensor(0.0832)
3130,3130,tensor(0.0599),tensor(0.0405),tensor(0.0832)
3131,3131,tensor(0.0599),tensor(0.0405),tensor(0.0832)
3132,3132,tensor(0.0599),tensor(0.0405),tensor(0.0832)
3133,3133,tensor(0.0599),tensor(0.0405),tensor(0.0832)
3134,3134,tensor(0.0599),tensor(0.0405),tensor(0.0832)
3135,3135,tensor(0.0599),tensor(0.0405),tensor(0.0832)
3136,3136,tensor(0.0599),tensor(0.0405),tensor(0.0832)
3137,3137,tensor(0.0599),tensor(0.0404),tensor(0.0832)
3138,3138,tensor(0.0599),tensor(0.0404),tensor(0.0831)
3139,3139,tensor(0.0599),tensor(0.0404),tensor(0.0831)
3140,3140,tensor(0.0599),tensor(0.0404),tensor(0.0831)
3141,3141,tensor(0.0599),tensor(0.0404),tensor(0.0831)
3142,3142,tensor(0.0599),tensor(0.0404),tensor(0.0831)
3143,3143,tensor(0.0599),tensor(0.0404),tensor(0.0831)
3144,3144,tensor(0.0599),tensor(0.0404),tensor(0.0831)
3145,3145,tensor(0.0599),tensor(0.0404),tensor(0.0831)
3146,3146,tensor(0.0599),tensor(0.0404),tensor(0.0831)
3147,3147,tensor(0.0599),tensor(0.0404),tensor(0.0831)
3148,3148,tensor(0.0599),tensor(0.0404),tensor(0.0831)
3149,3149,tensor(0.0599),tensor(0.0404),tensor(0.0831)
3150,3150,tensor(0.0598),tensor(0.0403),tensor(0.0831)
3151,3151,tensor(0.0598),tensor(0.0403),tensor(0.0831)
3152,3152,tensor(0.0598),tensor(0.0403),tensor(0.0831)
3153,3153,tensor(0.0598),tensor(0.0403),tensor(0.0831)
3154,3154,tensor(0.0598),tensor(0.0403),tensor(0.0831)
3155,3155,tensor(0.0598),tensor(0.0403),tensor(0.0831)
3156,3156,tensor(0.0598),tensor(0.0403),tensor(0.0831)
3157,3157,tensor(0.0598),tensor(0.0403),tensor(0.0831)
3158,3158,tensor(0.0598),tensor(0.0403),tensor(0.0831)
3159,3159,tensor(0.0598),tensor(0.0403),tensor(0.0831)
3160,3160,tensor(0.0598),tensor(0.0403),tensor(0.0831)
3161,3161,tensor(0.0598),tensor(0.0403),tensor(0.0831)
3162,3162,tensor(0.0598),tensor(0.0403),tensor(0.0831)
3163,3163,tensor(0.0598),tensor(0.0402),tensor(0.0831)
3164,3164,tensor(0.0598),tensor(0.0402),tensor(0.0831)
3165,3165,tensor(0.0598),tensor(0.0402),tensor(0.0830)
3166,3166,tensor(0.0598),tensor(0.0402),tensor(0.0830)
3167,3167,tensor(0.0598),tensor(0.0402),tensor(0.0830)
3168,3168,tensor(0.0598),tensor(0.0402),tensor(0.0830)
3169,3169,tensor(0.0598),tensor(0.0402),tensor(0.0830)
3170,3170,tensor(0.0598),tensor(0.0402),tensor(0.0830)
3171,3171,tensor(0.0598),tensor(0.0402),tensor(0.0830)
3172,3172,tensor(0.0598),tensor(0.0402),tensor(0.0830)
3173,3173,tensor(0.0598),tensor(0.0402),tensor(0.0830)
3174,3174,tensor(0.0598),tensor(0.0402),tensor(0.0830)
3175,3175,tensor(0.0598),tensor(0.0402),tensor(0.0830)
3176,3176,tensor(0.0598),tensor(0.0402),tensor(0.0830)
3177,3177,tensor(0.0598),tensor(0.0401),tensor(0.0830)
3178,3178,tensor(0.0598),tensor(0.0401),tensor(0.0830)
3179,3179,tensor(0.0598),tensor(0.0401),tensor(0.0830)
3180,3180,tensor(0.0598),tensor(0.0401),tensor(0.0830)
3181,3181,tensor(0.0598),tensor(0.0401),tensor(0.0830)
3182,3182,tensor(0.0598),tensor(0.0401),tensor(0.0830)
3183,3183,tensor(0.0598),tensor(0.0401),tensor(0.0830)
3184,3184,tensor(0.0598),tensor(0.0401),tensor(0.0830)
3185,3185,tensor(0.0598),tensor(0.0401),tensor(0.0830)
3186,3186,tensor(0.0598),tensor(0.0401),tensor(0.0830)
3187,3187,tensor(0.0598),tensor(0.0401),tensor(0.0830)
3188,3188,tensor(0.0598),tensor(0.0401),tensor(0.0830)
3189,3189,tensor(0.0598),tensor(0.0401),tensor(0.0830)
3190,3190,tensor(0.0598),tensor(0.0401),tensor(0.0830)
3191,3191,tensor(0.0598),tensor(0.0400),tensor(0.0830)
3192,3192,tensor(0.0597),tensor(0.0400),tensor(0.0830)
3193,3193,tensor(0.0597),tensor(0.0400),tensor(0.0830)
3194,3194,tensor(0.0597),tensor(0.0400),tensor(0.0829)
3195,3195,tensor(0.0597),tensor(0.0400),tensor(0.0829)
3196,3196,tensor(0.0597),tensor(0.0400),tensor(0.0829)
3197,3197,tensor(0.0597),tensor(0.0400),tensor(0.0829)
3198,3198,tensor(0.0597),tensor(0.0400),tensor(0.0829)
3199,3199,tensor(0.0597),tensor(0.0400),tensor(0.0829)
3200,3200,tensor(0.0597),tensor(0.0400),tensor(0.0829)
3201,3201,tensor(0.0597),tensor(0.0400),tensor(0.0829)
3202,3202,tensor(0.0597),tensor(0.0400),tensor(0.0829)
3203,3203,tensor(0.0597),tensor(0.0400),tensor(0.0829)
3204,3204,tensor(0.0597),tensor(0.0400),tensor(0.0829)
3205,3205,tensor(0.0597),tensor(0.0400),tensor(0.0829)
3206,3206,tensor(0.0597),tensor(0.0399),tensor(0.0829)
3207,3207,tensor(0.0597),tensor(0.0399),tensor(0.0829)
3208,3208,tensor(0.0597),tensor(0.0399),tensor(0.0829)
3209,3209,tensor(0.0597),tensor(0.0399),tensor(0.0829)
3210,3210,tensor(0.0597),tensor(0.0399),tensor(0.0829)
3211,3211,tensor(0.0597),tensor(0.0399),tensor(0.0829)
3212,3212,tensor(0.0597),tensor(0.0399),tensor(0.0829)
3213,3213,tensor(0.0597),tensor(0.0399),tensor(0.0829)
3214,3214,tensor(0.0597),tensor(0.0399),tensor(0.0829)
3215,3215,tensor(0.0597),tensor(0.0399),tensor(0.0829)
3216,3216,tensor(0.0597),tensor(0.0399),tensor(0.0829)
3217,3217,tensor(0.0597),tensor(0.0399),tensor(0.0829)
3218,3218,tensor(0.0597),tensor(0.0399),tensor(0.0829)
3219,3219,tensor(0.0597),tensor(0.0399),tensor(0.0829)
3220,3220,tensor(0.0597),tensor(0.0399),tensor(0.0829)
3221,3221,tensor(0.0597),tensor(0.0399),tensor(0.0829)
3222,3222,tensor(0.0597),tensor(0.0398),tensor(0.0829)
3223,3223,tensor(0.0597),tensor(0.0398),tensor(0.0829)
3224,3224,tensor(0.0597),tensor(0.0398),tensor(0.0829)
3225,3225,tensor(0.0597),tensor(0.0398),tensor(0.0829)
3226,3226,tensor(0.0597),tensor(0.0398),tensor(0.0828)
3227,3227,tensor(0.0597),tensor(0.0398),tensor(0.0828)
3228,3228,tensor(0.0597),tensor(0.0398),tensor(0.0828)
3229,3229,tensor(0.0597),tensor(0.0398),tensor(0.0828)
3230,3230,tensor(0.0597),tensor(0.0398),tensor(0.0828)
3231,3231,tensor(0.0597),tensor(0.0398),tensor(0.0828)
3232,3232,tensor(0.0597),tensor(0.0398),tensor(0.0828)
3233,3233,tensor(0.0597),tensor(0.0398),tensor(0.0828)
3234,3234,tensor(0.0597),tensor(0.0398),tensor(0.0828)
3235,3235,tensor(0.0596),tensor(0.0398),tensor(0.0828)
3236,3236,tensor(0.0596),tensor(0.0398),tensor(0.0828)
3237,3237,tensor(0.0596),tensor(0.0398),tensor(0.0828)
3238,3238,tensor(0.0596),tensor(0.0398),tensor(0.0828)
3239,3239,tensor(0.0596),tensor(0.0397),tensor(0.0828)
3240,3240,tensor(0.0596),tensor(0.0397),tensor(0.0828)
3241,3241,tensor(0.0596),tensor(0.0397),tensor(0.0828)
3242,3242,tensor(0.0596),tensor(0.0397),tensor(0.0828)
3243,3243,tensor(0.0596),tensor(0.0397),tensor(0.0828)
3244,3244,tensor(0.0596),tensor(0.0397),tensor(0.0828)
3245,3245,tensor(0.0596),tensor(0.0397),tensor(0.0828)
3246,3246,tensor(0.0596),tensor(0.0397),tensor(0.0828)
3247,3247,tensor(0.0596),tensor(0.0397),tensor(0.0828)
3248,3248,tensor(0.0596),tensor(0.0397),tensor(0.0828)
3249,3249,tensor(0.0596),tensor(0.0397),tensor(0.0828)
3250,3250,tensor(0.0596),tensor(0.0397),tensor(0.0828)
3251,3251,tensor(0.0596),tensor(0.0397),tensor(0.0828)
3252,3252,tensor(0.0596),tensor(0.0397),tensor(0.0828)
3253,3253,tensor(0.0596),tensor(0.0397),tensor(0.0828)
3254,3254,tensor(0.0596),tensor(0.0397),tensor(0.0828)
3255,3255,tensor(0.0596),tensor(0.0397),tensor(0.0828)
3256,3256,tensor(0.0596),tensor(0.0397),tensor(0.0828)
3257,3257,tensor(0.0596),tensor(0.0396),tensor(0.0828)
3258,3258,tensor(0.0596),tensor(0.0396),tensor(0.0828)
3259,3259,tensor(0.0596),tensor(0.0396),tensor(0.0828)
3260,3260,tensor(0.0596),tensor(0.0396),tensor(0.0828)
3261,3261,tensor(0.0596),tensor(0.0396),tensor(0.0828)
3262,3262,tensor(0.0596),tensor(0.0396),tensor(0.0827)
3263,3263,tensor(0.0596),tensor(0.0396),tensor(0.0827)
3264,3264,tensor(0.0596),tensor(0.0396),tensor(0.0827)
3265,3265,tensor(0.0596),tensor(0.0396),tensor(0.0827)
3266,3266,tensor(0.0596),tensor(0.0396),tensor(0.0827)
3267,3267,tensor(0.0596),tensor(0.0396),tensor(0.0827)
3268,3268,tensor(0.0596),tensor(0.0396),tensor(0.0827)
3269,3269,tensor(0.0596),tensor(0.0396),tensor(0.0827)
3270,3270,tensor(0.0596),tensor(0.0396),tensor(0.0827)
3271,3271,tensor(0.0596),tensor(0.0396),tensor(0.0827)
3272,3272,tensor(0.0596),tensor(0.0396),tensor(0.0827)
3273,3273,tensor(0.0596),tensor(0.0396),tensor(0.0827)
3274,3274,tensor(0.0596),tensor(0.0396),tensor(0.0827)
3275,3275,tensor(0.0596),tensor(0.0396),tensor(0.0827)
3276,3276,tensor(0.0596),tensor(0.0395),tensor(0.0827)
3277,3277,tensor(0.0595),tensor(0.0395),tensor(0.0827)
3278,3278,tensor(0.0595),tensor(0.0395),tensor(0.0827)
3279,3279,tensor(0.0595),tensor(0.0395),tensor(0.0827)
3280,3280,tensor(0.0595),tensor(0.0395),tensor(0.0827)
3281,3281,tensor(0.0595),tensor(0.0395),tensor(0.0827)
3282,3282,tensor(0.0595),tensor(0.0395),tensor(0.0827)
3283,3283,tensor(0.0595),tensor(0.0395),tensor(0.0827)
3284,3284,tensor(0.0595),tensor(0.0395),tensor(0.0827)
3285,3285,tensor(0.0595),tensor(0.0395),tensor(0.0827)
3286,3286,tensor(0.0595),tensor(0.0395),tensor(0.0827)
3287,3287,tensor(0.0595),tensor(0.0395),tensor(0.0827)
3288,3288,tensor(0.0595),tensor(0.0395),tensor(0.0827)
3289,3289,tensor(0.0595),tensor(0.0395),tensor(0.0827)
3290,3290,tensor(0.0595),tensor(0.0395),tensor(0.0827)
3291,3291,tensor(0.0595),tensor(0.0395),tensor(0.0827)
3292,3292,tensor(0.0595),tensor(0.0395),tensor(0.0827)
3293,3293,tensor(0.0595),tensor(0.0395),tensor(0.0827)
3294,3294,tensor(0.0595),tensor(0.0395),tensor(0.0827)
3295,3295,tensor(0.0595),tensor(0.0395),tensor(0.0827)
3296,3296,tensor(0.0595),tensor(0.0394),tensor(0.0827)
3297,3297,tensor(0.0595),tensor(0.0394),tensor(0.0827)
3298,3298,tensor(0.0595),tensor(0.0394),tensor(0.0827)
3299,3299,tensor(0.0595),tensor(0.0394),tensor(0.0827)
3300,3300,tensor(0.0595),tensor(0.0394),tensor(0.0827)
3301,3301,tensor(0.0595),tensor(0.0394),tensor(0.0827)
3302,3302,tensor(0.0595),tensor(0.0394),tensor(0.0827)
3303,3303,tensor(0.0595),tensor(0.0394),tensor(0.0826)
3304,3304,tensor(0.0595),tensor(0.0394),tensor(0.0826)
3305,3305,tensor(0.0595),tensor(0.0394),tensor(0.0826)
3306,3306,tensor(0.0595),tensor(0.0394),tensor(0.0826)
3307,3307,tensor(0.0595),tensor(0.0394),tensor(0.0826)
3308,3308,tensor(0.0595),tensor(0.0394),tensor(0.0826)
3309,3309,tensor(0.0595),tensor(0.0394),tensor(0.0826)
3310,3310,tensor(0.0595),tensor(0.0394),tensor(0.0826)
3311,3311,tensor(0.0595),tensor(0.0394),tensor(0.0826)
3312,3312,tensor(0.0595),tensor(0.0394),tensor(0.0826)
3313,3313,tensor(0.0595),tensor(0.0394),tensor(0.0826)
3314,3314,tensor(0.0595),tensor(0.0394),tensor(0.0826)
3315,3315,tensor(0.0595),tensor(0.0394),tensor(0.0826)
3316,3316,tensor(0.0595),tensor(0.0394),tensor(0.0826)
3317,3317,tensor(0.0595),tensor(0.0394),tensor(0.0826)
3318,3318,tensor(0.0595),tensor(0.0393),tensor(0.0826)
3319,3319,tensor(0.0594),tensor(0.0393),tensor(0.0826)
3320,3320,tensor(0.0594),tensor(0.0393),tensor(0.0826)
3321,3321,tensor(0.0594),tensor(0.0393),tensor(0.0826)
3322,3322,tensor(0.0594),tensor(0.0393),tensor(0.0826)
3323,3323,tensor(0.0594),tensor(0.0393),tensor(0.0826)
3324,3324,tensor(0.0594),tensor(0.0393),tensor(0.0826)
3325,3325,tensor(0.0594),tensor(0.0393),tensor(0.0826)
3326,3326,tensor(0.0594),tensor(0.0393),tensor(0.0826)
3327,3327,tensor(0.0594),tensor(0.0393),tensor(0.0826)
3328,3328,tensor(0.0594),tensor(0.0393),tensor(0.0826)
3329,3329,tensor(0.0594),tensor(0.0393),tensor(0.0826)
3330,3330,tensor(0.0594),tensor(0.0393),tensor(0.0826)
3331,3331,tensor(0.0594),tensor(0.0393),tensor(0.0826)
3332,3332,tensor(0.0594),tensor(0.0393),tensor(0.0826)
3333,3333,tensor(0.0594),tensor(0.0393),tensor(0.0826)
3334,3334,tensor(0.0594),tensor(0.0393),tensor(0.0826)
3335,3335,tensor(0.0594),tensor(0.0393),tensor(0.0826)
3336,3336,tensor(0.0594),tensor(0.0393),tensor(0.0826)
3337,3337,tensor(0.0594),tensor(0.0393),tensor(0.0826)
3338,3338,tensor(0.0594),tensor(0.0393),tensor(0.0826)
3339,3339,tensor(0.0594),tensor(0.0393),tensor(0.0826)
3340,3340,tensor(0.0594),tensor(0.0393),tensor(0.0826)
3341,3341,tensor(0.0594),tensor(0.0392),tensor(0.0826)
3342,3342,tensor(0.0594),tensor(0.0392),tensor(0.0826)
3343,3343,tensor(0.0594),tensor(0.0392),tensor(0.0826)
3344,3344,tensor(0.0594),tensor(0.0392),tensor(0.0826)
3345,3345,tensor(0.0594),tensor(0.0392),tensor(0.0826)
3346,3346,tensor(0.0594),tensor(0.0392),tensor(0.0826)
3347,3347,tensor(0.0594),tensor(0.0392),tensor(0.0826)
3348,3348,tensor(0.0594),tensor(0.0392),tensor(0.0826)
3349,3349,tensor(0.0594),tensor(0.0392),tensor(0.0826)
3350,3350,tensor(0.0594),tensor(0.0392),tensor(0.0826)
3351,3351,tensor(0.0594),tensor(0.0392),tensor(0.0825)
3352,3352,tensor(0.0594),tensor(0.0392),tensor(0.0825)
3353,3353,tensor(0.0594),tensor(0.0392),tensor(0.0825)
3354,3354,tensor(0.0594),tensor(0.0392),tensor(0.0825)
3355,3355,tensor(0.0594),tensor(0.0392),tensor(0.0825)
3356,3356,tensor(0.0594),tensor(0.0392),tensor(0.0825)
3357,3357,tensor(0.0594),tensor(0.0392),tensor(0.0825)
3358,3358,tensor(0.0594),tensor(0.0392),tensor(0.0825)
3359,3359,tensor(0.0594),tensor(0.0392),tensor(0.0825)
3360,3360,tensor(0.0593),tensor(0.0392),tensor(0.0825)
3361,3361,tensor(0.0593),tensor(0.0392),tensor(0.0825)
3362,3362,tensor(0.0593),tensor(0.0392),tensor(0.0825)
3363,3363,tensor(0.0593),tensor(0.0392),tensor(0.0825)
3364,3364,tensor(0.0593),tensor(0.0392),tensor(0.0825)
3365,3365,tensor(0.0593),tensor(0.0392),tensor(0.0825)
3366,3366,tensor(0.0593),tensor(0.0392),tensor(0.0825)
3367,3367,tensor(0.0593),tensor(0.0391),tensor(0.0825)
3368,3368,tensor(0.0593),tensor(0.0391),tensor(0.0825)
3369,3369,tensor(0.0593),tensor(0.0391),tensor(0.0825)
3370,3370,tensor(0.0593),tensor(0.0391),tensor(0.0825)
3371,3371,tensor(0.0593),tensor(0.0391),tensor(0.0825)
3372,3372,tensor(0.0593),tensor(0.0391),tensor(0.0825)
3373,3373,tensor(0.0593),tensor(0.0391),tensor(0.0825)
3374,3374,tensor(0.0593),tensor(0.0391),tensor(0.0825)
3375,3375,tensor(0.0593),tensor(0.0391),tensor(0.0825)
3376,3376,tensor(0.0593),tensor(0.0391),tensor(0.0825)
3377,3377,tensor(0.0593),tensor(0.0391),tensor(0.0825)
3378,3378,tensor(0.0593),tensor(0.0391),tensor(0.0825)
3379,3379,tensor(0.0593),tensor(0.0391),tensor(0.0825)
3380,3380,tensor(0.0593),tensor(0.0391),tensor(0.0825)
3381,3381,tensor(0.0593),tensor(0.0391),tensor(0.0825)
3382,3382,tensor(0.0593),tensor(0.0391),tensor(0.0825)
3383,3383,tensor(0.0593),tensor(0.0391),tensor(0.0825)
3384,3384,tensor(0.0593),tensor(0.0391),tensor(0.0825)
3385,3385,tensor(0.0593),tensor(0.0391),tensor(0.0825)
3386,3386,tensor(0.0593),tensor(0.0391),tensor(0.0825)
3387,3387,tensor(0.0593),tensor(0.0391),tensor(0.0825)
3388,3388,tensor(0.0593),tensor(0.0391),tensor(0.0825)
3389,3389,tensor(0.0593),tensor(0.0391),tensor(0.0825)
3390,3390,tensor(0.0593),tensor(0.0391),tensor(0.0825)
3391,3391,tensor(0.0593),tensor(0.0391),tensor(0.0825)
3392,3392,tensor(0.0593),tensor(0.0391),tensor(0.0825)
3393,3393,tensor(0.0593),tensor(0.0391),tensor(0.0825)
3394,3394,tensor(0.0593),tensor(0.0391),tensor(0.0825)
3395,3395,tensor(0.0593),tensor(0.0390),tensor(0.0825)
3396,3396,tensor(0.0593),tensor(0.0390),tensor(0.0825)
3397,3397,tensor(0.0593),tensor(0.0390),tensor(0.0825)
3398,3398,tensor(0.0593),tensor(0.0390),tensor(0.0825)
3399,3399,tensor(0.0593),tensor(0.0390),tensor(0.0825)
3400,3400,tensor(0.0593),tensor(0.0390),tensor(0.0825)
3401,3401,tensor(0.0593),tensor(0.0390),tensor(0.0825)
3402,3402,tensor(0.0592),tensor(0.0390),tensor(0.0825)
3403,3403,tensor(0.0592),tensor(0.0390),tensor(0.0825)
3404,3404,tensor(0.0592),tensor(0.0390),tensor(0.0825)
3405,3405,tensor(0.0592),tensor(0.0390),tensor(0.0825)
3406,3406,tensor(0.0592),tensor(0.0390),tensor(0.0825)
3407,3407,tensor(0.0592),tensor(0.0390),tensor(0.0825)
3408,3408,tensor(0.0592),tensor(0.0390),tensor(0.0824)
3409,3409,tensor(0.0592),tensor(0.0390),tensor(0.0824)
3410,3410,tensor(0.0592),tensor(0.0390),tensor(0.0824)
3411,3411,tensor(0.0592),tensor(0.0390),tensor(0.0824)
3412,3412,tensor(0.0592),tensor(0.0390),tensor(0.0824)
3413,3413,tensor(0.0592),tensor(0.0390),tensor(0.0824)
3414,3414,tensor(0.0592),tensor(0.0390),tensor(0.0824)
3415,3415,tensor(0.0592),tensor(0.0390),tensor(0.0824)
3416,3416,tensor(0.0592),tensor(0.0390),tensor(0.0824)
3417,3417,tensor(0.0592),tensor(0.0390),tensor(0.0824)
3418,3418,tensor(0.0592),tensor(0.0390),tensor(0.0824)
3419,3419,tensor(0.0592),tensor(0.0390),tensor(0.0824)
3420,3420,tensor(0.0592),tensor(0.0390),tensor(0.0824)
3421,3421,tensor(0.0592),tensor(0.0390),tensor(0.0824)
3422,3422,tensor(0.0592),tensor(0.0390),tensor(0.0824)
3423,3423,tensor(0.0592),tensor(0.0390),tensor(0.0824)
3424,3424,tensor(0.0592),tensor(0.0390),tensor(0.0824)
3425,3425,tensor(0.0592),tensor(0.0389),tensor(0.0824)
3426,3426,tensor(0.0592),tensor(0.0389),tensor(0.0824)
3427,3427,tensor(0.0592),tensor(0.0389),tensor(0.0824)
3428,3428,tensor(0.0592),tensor(0.0389),tensor(0.0824)
3429,3429,tensor(0.0592),tensor(0.0389),tensor(0.0824)
3430,3430,tensor(0.0592),tensor(0.0389),tensor(0.0824)
3431,3431,tensor(0.0592),tensor(0.0389),tensor(0.0824)
3432,3432,tensor(0.0592),tensor(0.0389),tensor(0.0824)
3433,3433,tensor(0.0592),tensor(0.0389),tensor(0.0824)
3434,3434,tensor(0.0592),tensor(0.0389),tensor(0.0824)
3435,3435,tensor(0.0592),tensor(0.0389),tensor(0.0824)
3436,3436,tensor(0.0592),tensor(0.0389),tensor(0.0824)
3437,3437,tensor(0.0592),tensor(0.0389),tensor(0.0824)
3438,3438,tensor(0.0592),tensor(0.0389),tensor(0.0824)
3439,3439,tensor(0.0592),tensor(0.0389),tensor(0.0824)
3440,3440,tensor(0.0592),tensor(0.0389),tensor(0.0824)
3441,3441,tensor(0.0592),tensor(0.0389),tensor(0.0824)
3442,3442,tensor(0.0592),tensor(0.0389),tensor(0.0824)
3443,3443,tensor(0.0591),tensor(0.0389),tensor(0.0824)
3444,3444,tensor(0.0591),tensor(0.0389),tensor(0.0824)
3445,3445,tensor(0.0591),tensor(0.0389),tensor(0.0824)
3446,3446,tensor(0.0591),tensor(0.0389),tensor(0.0824)
3447,3447,tensor(0.0591),tensor(0.0389),tensor(0.0824)
3448,3448,tensor(0.0591),tensor(0.0389),tensor(0.0824)
3449,3449,tensor(0.0591),tensor(0.0389),tensor(0.0824)
3450,3450,tensor(0.0591),tensor(0.0389),tensor(0.0824)
3451,3451,tensor(0.0591),tensor(0.0389),tensor(0.0824)
3452,3452,tensor(0.0591),tensor(0.0389),tensor(0.0824)
3453,3453,tensor(0.0591),tensor(0.0389),tensor(0.0824)
3454,3454,tensor(0.0591),tensor(0.0389),tensor(0.0824)
3455,3455,tensor(0.0591),tensor(0.0389),tensor(0.0824)
3456,3456,tensor(0.0591),tensor(0.0389),tensor(0.0824)
3457,3457,tensor(0.0591),tensor(0.0389),tensor(0.0824)
3458,3458,tensor(0.0591),tensor(0.0389),tensor(0.0824)
3459,3459,tensor(0.0591),tensor(0.0388),tensor(0.0824)
3460,3460,tensor(0.0591),tensor(0.0388),tensor(0.0824)
3461,3461,tensor(0.0591),tensor(0.0388),tensor(0.0824)
3462,3462,tensor(0.0591),tensor(0.0388),tensor(0.0824)
3463,3463,tensor(0.0591),tensor(0.0388),tensor(0.0824)
3464,3464,tensor(0.0591),tensor(0.0388),tensor(0.0824)
3465,3465,tensor(0.0591),tensor(0.0388),tensor(0.0824)
3466,3466,tensor(0.0591),tensor(0.0388),tensor(0.0824)
3467,3467,tensor(0.0591),tensor(0.0388),tensor(0.0824)
3468,3468,tensor(0.0591),tensor(0.0388),tensor(0.0824)
3469,3469,tensor(0.0591),tensor(0.0388),tensor(0.0824)
3470,3470,tensor(0.0591),tensor(0.0388),tensor(0.0824)
3471,3471,tensor(0.0591),tensor(0.0388),tensor(0.0824)
3472,3472,tensor(0.0591),tensor(0.0388),tensor(0.0824)
3473,3473,tensor(0.0591),tensor(0.0388),tensor(0.0824)
3474,3474,tensor(0.0591),tensor(0.0388),tensor(0.0824)
3475,3475,tensor(0.0591),tensor(0.0388),tensor(0.0824)
3476,3476,tensor(0.0591),tensor(0.0388),tensor(0.0824)
3477,3477,tensor(0.0591),tensor(0.0388),tensor(0.0824)
3478,3478,tensor(0.0591),tensor(0.0388),tensor(0.0823)
3479,3479,tensor(0.0591),tensor(0.0388),tensor(0.0823)
3480,3480,tensor(0.0591),tensor(0.0388),tensor(0.0823)
3481,3481,tensor(0.0591),tensor(0.0388),tensor(0.0823)
3482,3482,tensor(0.0591),tensor(0.0388),tensor(0.0823)
3483,3483,tensor(0.0591),tensor(0.0388),tensor(0.0823)
3484,3484,tensor(0.0591),tensor(0.0388),tensor(0.0823)
3485,3485,tensor(0.0590),tensor(0.0388),tensor(0.0823)
3486,3486,tensor(0.0590),tensor(0.0388),tensor(0.0823)
3487,3487,tensor(0.0590),tensor(0.0388),tensor(0.0823)
3488,3488,tensor(0.0590),tensor(0.0388),tensor(0.0823)
3489,3489,tensor(0.0590),tensor(0.0388),tensor(0.0823)
3490,3490,tensor(0.0590),tensor(0.0388),tensor(0.0823)
3491,3491,tensor(0.0590),tensor(0.0388),tensor(0.0823)
3492,3492,tensor(0.0590),tensor(0.0388),tensor(0.0823)
3493,3493,tensor(0.0590),tensor(0.0388),tensor(0.0823)
3494,3494,tensor(0.0590),tensor(0.0388),tensor(0.0823)
3495,3495,tensor(0.0590),tensor(0.0388),tensor(0.0823)
3496,3496,tensor(0.0590),tensor(0.0388),tensor(0.0823)
3497,3497,tensor(0.0590),tensor(0.0387),tensor(0.0823)
3498,3498,tensor(0.0590),tensor(0.0387),tensor(0.0823)
3499,3499,tensor(0.0590),tensor(0.0387),tensor(0.0823)
3500,3500,tensor(0.0590),tensor(0.0387),tensor(0.0823)
3501,3501,tensor(0.0590),tensor(0.0387),tensor(0.0823)
3502,3502,tensor(0.0590),tensor(0.0387),tensor(0.0823)
3503,3503,tensor(0.0590),tensor(0.0387),tensor(0.0823)
3504,3504,tensor(0.0590),tensor(0.0387),tensor(0.0823)
3505,3505,tensor(0.0590),tensor(0.0387),tensor(0.0823)
3506,3506,tensor(0.0590),tensor(0.0387),tensor(0.0823)
3507,3507,tensor(0.0590),tensor(0.0387),tensor(0.0823)
3508,3508,tensor(0.0590),tensor(0.0387),tensor(0.0823)
3509,3509,tensor(0.0590),tensor(0.0387),tensor(0.0823)
3510,3510,tensor(0.0590),tensor(0.0387),tensor(0.0823)
3511,3511,tensor(0.0590),tensor(0.0387),tensor(0.0823)
3512,3512,tensor(0.0590),tensor(0.0387),tensor(0.0823)
3513,3513,tensor(0.0590),tensor(0.0387),tensor(0.0823)
3514,3514,tensor(0.0590),tensor(0.0387),tensor(0.0823)
3515,3515,tensor(0.0590),tensor(0.0387),tensor(0.0823)
3516,3516,tensor(0.0590),tensor(0.0387),tensor(0.0823)
3517,3517,tensor(0.0590),tensor(0.0387),tensor(0.0823)
3518,3518,tensor(0.0590),tensor(0.0387),tensor(0.0823)
3519,3519,tensor(0.0590),tensor(0.0387),tensor(0.0823)
3520,3520,tensor(0.0590),tensor(0.0387),tensor(0.0823)
3521,3521,tensor(0.0590),tensor(0.0387),tensor(0.0823)
3522,3522,tensor(0.0590),tensor(0.0387),tensor(0.0823)
3523,3523,tensor(0.0590),tensor(0.0387),tensor(0.0823)
3524,3524,tensor(0.0590),tensor(0.0387),tensor(0.0823)
3525,3525,tensor(0.0590),tensor(0.0387),tensor(0.0823)
3526,3526,tensor(0.0589),tensor(0.0387),tensor(0.0823)
3527,3527,tensor(0.0589),tensor(0.0387),tensor(0.0823)
3528,3528,tensor(0.0589),tensor(0.0387),tensor(0.0823)
3529,3529,tensor(0.0589),tensor(0.0387),tensor(0.0823)
3530,3530,tensor(0.0589),tensor(0.0387),tensor(0.0823)
3531,3531,tensor(0.0589),tensor(0.0387),tensor(0.0823)
3532,3532,tensor(0.0589),tensor(0.0387),tensor(0.0823)
3533,3533,tensor(0.0589),tensor(0.0387),tensor(0.0823)
3534,3534,tensor(0.0589),tensor(0.0387),tensor(0.0823)
3535,3535,tensor(0.0589),tensor(0.0387),tensor(0.0823)
3536,3536,tensor(0.0589),tensor(0.0387),tensor(0.0823)
3537,3537,tensor(0.0589),tensor(0.0387),tensor(0.0823)
3538,3538,tensor(0.0589),tensor(0.0387),tensor(0.0823)
3539,3539,tensor(0.0589),tensor(0.0387),tensor(0.0823)
3540,3540,tensor(0.0589),tensor(0.0387),tensor(0.0823)
3541,3541,tensor(0.0589),tensor(0.0386),tensor(0.0823)
3542,3542,tensor(0.0589),tensor(0.0386),tensor(0.0823)
3543,3543,tensor(0.0589),tensor(0.0386),tensor(0.0823)
3544,3544,tensor(0.0589),tensor(0.0386),tensor(0.0823)
3545,3545,tensor(0.0589),tensor(0.0386),tensor(0.0823)
3546,3546,tensor(0.0589),tensor(0.0386),tensor(0.0823)
3547,3547,tensor(0.0589),tensor(0.0386),tensor(0.0823)
3548,3548,tensor(0.0589),tensor(0.0386),tensor(0.0823)
3549,3549,tensor(0.0589),tensor(0.0386),tensor(0.0823)
3550,3550,tensor(0.0589),tensor(0.0386),tensor(0.0823)
3551,3551,tensor(0.0589),tensor(0.0386),tensor(0.0823)
3552,3552,tensor(0.0589),tensor(0.0386),tensor(0.0823)
3553,3553,tensor(0.0589),tensor(0.0386),tensor(0.0823)
3554,3554,tensor(0.0589),tensor(0.0386),tensor(0.0823)
3555,3555,tensor(0.0589),tensor(0.0386),tensor(0.0823)
3556,3556,tensor(0.0589),tensor(0.0386),tensor(0.0823)
3557,3557,tensor(0.0589),tensor(0.0386),tensor(0.0823)
3558,3558,tensor(0.0589),tensor(0.0386),tensor(0.0823)
3559,3559,tensor(0.0589),tensor(0.0386),tensor(0.0823)
3560,3560,tensor(0.0589),tensor(0.0386),tensor(0.0823)
3561,3561,tensor(0.0589),tensor(0.0386),tensor(0.0823)
3562,3562,tensor(0.0589),tensor(0.0386),tensor(0.0823)
3563,3563,tensor(0.0589),tensor(0.0386),tensor(0.0823)
3564,3564,tensor(0.0589),tensor(0.0386),tensor(0.0823)
3565,3565,tensor(0.0589),tensor(0.0386),tensor(0.0823)
3566,3566,tensor(0.0588),tensor(0.0386),tensor(0.0823)
3567,3567,tensor(0.0588),tensor(0.0386),tensor(0.0823)
3568,3568,tensor(0.0588),tensor(0.0386),tensor(0.0822)
3569,3569,tensor(0.0588),tensor(0.0386),tensor(0.0822)
3570,3570,tensor(0.0588),tensor(0.0386),tensor(0.0822)
3571,3571,tensor(0.0588),tensor(0.0386),tensor(0.0822)
3572,3572,tensor(0.0588),tensor(0.0386),tensor(0.0822)
3573,3573,tensor(0.0588),tensor(0.0386),tensor(0.0822)
3574,3574,tensor(0.0588),tensor(0.0386),tensor(0.0822)
3575,3575,tensor(0.0588),tensor(0.0386),tensor(0.0822)
3576,3576,tensor(0.0588),tensor(0.0386),tensor(0.0822)
3577,3577,tensor(0.0588),tensor(0.0386),tensor(0.0822)
3578,3578,tensor(0.0588),tensor(0.0386),tensor(0.0822)
3579,3579,tensor(0.0588),tensor(0.0386),tensor(0.0822)
3580,3580,tensor(0.0588),tensor(0.0386),tensor(0.0822)
3581,3581,tensor(0.0588),tensor(0.0386),tensor(0.0822)
3582,3582,tensor(0.0588),tensor(0.0386),tensor(0.0822)
3583,3583,tensor(0.0588),tensor(0.0386),tensor(0.0822)
3584,3584,tensor(0.0588),tensor(0.0386),tensor(0.0822)
3585,3585,tensor(0.0588),tensor(0.0386),tensor(0.0822)
3586,3586,tensor(0.0588),tensor(0.0386),tensor(0.0822)
3587,3587,tensor(0.0588),tensor(0.0386),tensor(0.0822)
3588,3588,tensor(0.0588),tensor(0.0386),tensor(0.0822)
3589,3589,tensor(0.0588),tensor(0.0386),tensor(0.0822)
3590,3590,tensor(0.0588),tensor(0.0385),tensor(0.0822)
3591,3591,tensor(0.0588),tensor(0.0385),tensor(0.0822)
3592,3592,tensor(0.0588),tensor(0.0385),tensor(0.0822)
3593,3593,tensor(0.0588),tensor(0.0385),tensor(0.0822)
3594,3594,tensor(0.0588),tensor(0.0385),tensor(0.0822)
3595,3595,tensor(0.0588),tensor(0.0385),tensor(0.0822)
3596,3596,tensor(0.0588),tensor(0.0385),tensor(0.0822)
3597,3597,tensor(0.0588),tensor(0.0385),tensor(0.0822)
3598,3598,tensor(0.0588),tensor(0.0385),tensor(0.0822)
3599,3599,tensor(0.0588),tensor(0.0385),tensor(0.0822)
3600,3600,tensor(0.0588),tensor(0.0385),tensor(0.0822)
3601,3601,tensor(0.0588),tensor(0.0385),tensor(0.0822)
3602,3602,tensor(0.0588),tensor(0.0385),tensor(0.0822)
3603,3603,tensor(0.0588),tensor(0.0385),tensor(0.0822)
3604,3604,tensor(0.0588),tensor(0.0385),tensor(0.0822)
3605,3605,tensor(0.0588),tensor(0.0385),tensor(0.0822)
3606,3606,tensor(0.0588),tensor(0.0385),tensor(0.0822)
3607,3607,tensor(0.0587),tensor(0.0385),tensor(0.0822)
3608,3608,tensor(0.0587),tensor(0.0385),tensor(0.0822)
3609,3609,tensor(0.0587),tensor(0.0385),tensor(0.0822)
3610,3610,tensor(0.0587),tensor(0.0385),tensor(0.0822)
3611,3611,tensor(0.0587),tensor(0.0385),tensor(0.0822)
3612,3612,tensor(0.0587),tensor(0.0385),tensor(0.0822)
3613,3613,tensor(0.0587),tensor(0.0385),tensor(0.0822)
3614,3614,tensor(0.0587),tensor(0.0385),tensor(0.0822)
3615,3615,tensor(0.0587),tensor(0.0385),tensor(0.0822)
3616,3616,tensor(0.0587),tensor(0.0385),tensor(0.0822)
3617,3617,tensor(0.0587),tensor(0.0385),tensor(0.0822)
3618,3618,tensor(0.0587),tensor(0.0385),tensor(0.0822)
3619,3619,tensor(0.0587),tensor(0.0385),tensor(0.0822)
3620,3620,tensor(0.0587),tensor(0.0385),tensor(0.0822)
3621,3621,tensor(0.0587),tensor(0.0385),tensor(0.0822)
3622,3622,tensor(0.0587),tensor(0.0385),tensor(0.0822)
3623,3623,tensor(0.0587),tensor(0.0385),tensor(0.0822)
3624,3624,tensor(0.0587),tensor(0.0385),tensor(0.0822)
3625,3625,tensor(0.0587),tensor(0.0385),tensor(0.0822)
3626,3626,tensor(0.0587),tensor(0.0385),tensor(0.0822)
3627,3627,tensor(0.0587),tensor(0.0385),tensor(0.0822)
3628,3628,tensor(0.0587),tensor(0.0385),tensor(0.0822)
3629,3629,tensor(0.0587),tensor(0.0385),tensor(0.0822)
3630,3630,tensor(0.0587),tensor(0.0385),tensor(0.0822)
3631,3631,tensor(0.0587),tensor(0.0385),tensor(0.0822)
3632,3632,tensor(0.0587),tensor(0.0385),tensor(0.0822)
3633,3633,tensor(0.0587),tensor(0.0385),tensor(0.0822)
3634,3634,tensor(0.0587),tensor(0.0385),tensor(0.0822)
3635,3635,tensor(0.0587),tensor(0.0385),tensor(0.0822)
3636,3636,tensor(0.0587),tensor(0.0385),tensor(0.0822)
3637,3637,tensor(0.0587),tensor(0.0385),tensor(0.0822)
3638,3638,tensor(0.0587),tensor(0.0385),tensor(0.0822)
3639,3639,tensor(0.0587),tensor(0.0385),tensor(0.0822)
3640,3640,tensor(0.0587),tensor(0.0385),tensor(0.0822)
3641,3641,tensor(0.0587),tensor(0.0385),tensor(0.0822)
3642,3642,tensor(0.0587),tensor(0.0385),tensor(0.0822)
3643,3643,tensor(0.0587),tensor(0.0385),tensor(0.0822)
3644,3644,tensor(0.0587),tensor(0.0385),tensor(0.0822)
3645,3645,tensor(0.0587),tensor(0.0385),tensor(0.0822)
3646,3646,tensor(0.0587),tensor(0.0385),tensor(0.0822)
3647,3647,tensor(0.0586),tensor(0.0384),tensor(0.0822)
3648,3648,tensor(0.0586),tensor(0.0384),tensor(0.0822)
3649,3649,tensor(0.0586),tensor(0.0384),tensor(0.0822)
3650,3650,tensor(0.0586),tensor(0.0384),tensor(0.0822)
3651,3651,tensor(0.0586),tensor(0.0384),tensor(0.0822)
3652,3652,tensor(0.0586),tensor(0.0384),tensor(0.0822)
3653,3653,tensor(0.0586),tensor(0.0384),tensor(0.0822)
3654,3654,tensor(0.0586),tensor(0.0384),tensor(0.0822)
3655,3655,tensor(0.0586),tensor(0.0384),tensor(0.0822)
3656,3656,tensor(0.0586),tensor(0.0384),tensor(0.0822)
3657,3657,tensor(0.0586),tensor(0.0384),tensor(0.0822)
3658,3658,tensor(0.0586),tensor(0.0384),tensor(0.0822)
3659,3659,tensor(0.0586),tensor(0.0384),tensor(0.0822)
3660,3660,tensor(0.0586),tensor(0.0384),tensor(0.0822)
3661,3661,tensor(0.0586),tensor(0.0384),tensor(0.0822)
3662,3662,tensor(0.0586),tensor(0.0384),tensor(0.0822)
3663,3663,tensor(0.0586),tensor(0.0384),tensor(0.0822)
3664,3664,tensor(0.0586),tensor(0.0384),tensor(0.0822)
3665,3665,tensor(0.0586),tensor(0.0384),tensor(0.0822)
3666,3666,tensor(0.0586),tensor(0.0384),tensor(0.0822)
3667,3667,tensor(0.0586),tensor(0.0384),tensor(0.0822)
3668,3668,tensor(0.0586),tensor(0.0384),tensor(0.0822)
3669,3669,tensor(0.0586),tensor(0.0384),tensor(0.0822)
3670,3670,tensor(0.0586),tensor(0.0384),tensor(0.0822)
3671,3671,tensor(0.0586),tensor(0.0384),tensor(0.0822)
3672,3672,tensor(0.0586),tensor(0.0384),tensor(0.0822)
3673,3673,tensor(0.0586),tensor(0.0384),tensor(0.0822)
3674,3674,tensor(0.0586),tensor(0.0384),tensor(0.0822)
3675,3675,tensor(0.0586),tensor(0.0384),tensor(0.0822)
3676,3676,tensor(0.0586),tensor(0.0384),tensor(0.0822)
3677,3677,tensor(0.0586),tensor(0.0384),tensor(0.0822)
3678,3678,tensor(0.0586),tensor(0.0384),tensor(0.0822)
3679,3679,tensor(0.0586),tensor(0.0384),tensor(0.0822)
3680,3680,tensor(0.0586),tensor(0.0384),tensor(0.0822)
3681,3681,tensor(0.0586),tensor(0.0384),tensor(0.0822)
3682,3682,tensor(0.0586),tensor(0.0384),tensor(0.0822)
3683,3683,tensor(0.0586),tensor(0.0384),tensor(0.0822)
3684,3684,tensor(0.0586),tensor(0.0384),tensor(0.0822)
3685,3685,tensor(0.0586),tensor(0.0384),tensor(0.0822)
3686,3686,tensor(0.0586),tensor(0.0384),tensor(0.0822)
3687,3687,tensor(0.0586),tensor(0.0384),tensor(0.0822)
3688,3688,tensor(0.0585),tensor(0.0384),tensor(0.0822)
3689,3689,tensor(0.0585),tensor(0.0384),tensor(0.0821)
3690,3690,tensor(0.0585),tensor(0.0384),tensor(0.0821)
3691,3691,tensor(0.0585),tensor(0.0384),tensor(0.0821)
3692,3692,tensor(0.0585),tensor(0.0384),tensor(0.0821)
3693,3693,tensor(0.0585),tensor(0.0384),tensor(0.0821)
3694,3694,tensor(0.0585),tensor(0.0384),tensor(0.0821)
3695,3695,tensor(0.0585),tensor(0.0384),tensor(0.0821)
3696,3696,tensor(0.0585),tensor(0.0384),tensor(0.0821)
3697,3697,tensor(0.0585),tensor(0.0384),tensor(0.0821)
3698,3698,tensor(0.0585),tensor(0.0384),tensor(0.0821)
3699,3699,tensor(0.0585),tensor(0.0384),tensor(0.0821)
3700,3700,tensor(0.0585),tensor(0.0384),tensor(0.0821)
3701,3701,tensor(0.0585),tensor(0.0384),tensor(0.0821)
3702,3702,tensor(0.0585),tensor(0.0384),tensor(0.0821)
3703,3703,tensor(0.0585),tensor(0.0384),tensor(0.0821)
3704,3704,tensor(0.0585),tensor(0.0384),tensor(0.0821)
3705,3705,tensor(0.0585),tensor(0.0384),tensor(0.0821)
3706,3706,tensor(0.0585),tensor(0.0384),tensor(0.0821)
3707,3707,tensor(0.0585),tensor(0.0384),tensor(0.0821)
3708,3708,tensor(0.0585),tensor(0.0384),tensor(0.0821)
3709,3709,tensor(0.0585),tensor(0.0384),tensor(0.0821)
3710,3710,tensor(0.0585),tensor(0.0384),tensor(0.0821)
3711,3711,tensor(0.0585),tensor(0.0384),tensor(0.0821)
3712,3712,tensor(0.0585),tensor(0.0384),tensor(0.0821)
3713,3713,tensor(0.0585),tensor(0.0383),tensor(0.0821)
3714,3714,tensor(0.0585),tensor(0.0383),tensor(0.0821)
3715,3715,tensor(0.0585),tensor(0.0383),tensor(0.0821)
3716,3716,tensor(0.0585),tensor(0.0383),tensor(0.0821)
3717,3717,tensor(0.0585),tensor(0.0383),tensor(0.0821)
3718,3718,tensor(0.0585),tensor(0.0383),tensor(0.0821)
3719,3719,tensor(0.0585),tensor(0.0383),tensor(0.0821)
3720,3720,tensor(0.0585),tensor(0.0383),tensor(0.0821)
3721,3721,tensor(0.0585),tensor(0.0383),tensor(0.0821)
3722,3722,tensor(0.0585),tensor(0.0383),tensor(0.0821)
3723,3723,tensor(0.0585),tensor(0.0383),tensor(0.0821)
3724,3724,tensor(0.0585),tensor(0.0383),tensor(0.0821)
3725,3725,tensor(0.0585),tensor(0.0383),tensor(0.0821)
3726,3726,tensor(0.0585),tensor(0.0383),tensor(0.0821)
3727,3727,tensor(0.0585),tensor(0.0383),tensor(0.0821)
3728,3728,tensor(0.0584),tensor(0.0383),tensor(0.0821)
3729,3729,tensor(0.0584),tensor(0.0383),tensor(0.0821)
3730,3730,tensor(0.0584),tensor(0.0383),tensor(0.0821)
3731,3731,tensor(0.0584),tensor(0.0383),tensor(0.0821)
3732,3732,tensor(0.0584),tensor(0.0383),tensor(0.0821)
3733,3733,tensor(0.0584),tensor(0.0383),tensor(0.0821)
3734,3734,tensor(0.0584),tensor(0.0383),tensor(0.0821)
3735,3735,tensor(0.0584),tensor(0.0383),tensor(0.0821)
3736,3736,tensor(0.0584),tensor(0.0383),tensor(0.0821)
3737,3737,tensor(0.0584),tensor(0.0383),tensor(0.0821)
3738,3738,tensor(0.0584),tensor(0.0383),tensor(0.0821)
3739,3739,tensor(0.0584),tensor(0.0383),tensor(0.0821)
3740,3740,tensor(0.0584),tensor(0.0383),tensor(0.0821)
3741,3741,tensor(0.0584),tensor(0.0383),tensor(0.0821)
3742,3742,tensor(0.0584),tensor(0.0383),tensor(0.0821)
3743,3743,tensor(0.0584),tensor(0.0383),tensor(0.0821)
3744,3744,tensor(0.0584),tensor(0.0383),tensor(0.0821)
3745,3745,tensor(0.0584),tensor(0.0383),tensor(0.0821)
3746,3746,tensor(0.0584),tensor(0.0383),tensor(0.0821)
3747,3747,tensor(0.0584),tensor(0.0383),tensor(0.0821)
3748,3748,tensor(0.0584),tensor(0.0383),tensor(0.0821)
3749,3749,tensor(0.0584),tensor(0.0383),tensor(0.0821)
3750,3750,tensor(0.0584),tensor(0.0383),tensor(0.0821)
3751,3751,tensor(0.0584),tensor(0.0383),tensor(0.0821)
3752,3752,tensor(0.0584),tensor(0.0383),tensor(0.0821)
3753,3753,tensor(0.0584),tensor(0.0383),tensor(0.0821)
3754,3754,tensor(0.0584),tensor(0.0383),tensor(0.0821)
3755,3755,tensor(0.0584),tensor(0.0383),tensor(0.0821)
3756,3756,tensor(0.0584),tensor(0.0383),tensor(0.0821)
3757,3757,tensor(0.0584),tensor(0.0383),tensor(0.0821)
3758,3758,tensor(0.0584),tensor(0.0383),tensor(0.0821)
3759,3759,tensor(0.0584),tensor(0.0383),tensor(0.0821)
3760,3760,tensor(0.0584),tensor(0.0383),tensor(0.0821)
3761,3761,tensor(0.0584),tensor(0.0383),tensor(0.0821)
3762,3762,tensor(0.0584),tensor(0.0383),tensor(0.0821)
3763,3763,tensor(0.0584),tensor(0.0383),tensor(0.0821)
3764,3764,tensor(0.0584),tensor(0.0383),tensor(0.0821)
3765,3765,tensor(0.0584),tensor(0.0383),tensor(0.0821)
3766,3766,tensor(0.0584),tensor(0.0383),tensor(0.0821)
3767,3767,tensor(0.0584),tensor(0.0383),tensor(0.0821)
3768,3768,tensor(0.0583),tensor(0.0383),tensor(0.0821)
3769,3769,tensor(0.0583),tensor(0.0383),tensor(0.0821)
3770,3770,tensor(0.0583),tensor(0.0383),tensor(0.0821)
3771,3771,tensor(0.0583),tensor(0.0383),tensor(0.0821)
3772,3772,tensor(0.0583),tensor(0.0383),tensor(0.0821)
3773,3773,tensor(0.0583),tensor(0.0383),tensor(0.0821)
3774,3774,tensor(0.0583),tensor(0.0383),tensor(0.0821)
3775,3775,tensor(0.0583),tensor(0.0383),tensor(0.0821)
3776,3776,tensor(0.0583),tensor(0.0383),tensor(0.0821)
3777,3777,tensor(0.0583),tensor(0.0383),tensor(0.0821)
3778,3778,tensor(0.0583),tensor(0.0383),tensor(0.0821)
3779,3779,tensor(0.0583),tensor(0.0383),tensor(0.0821)
3780,3780,tensor(0.0583),tensor(0.0383),tensor(0.0821)
3781,3781,tensor(0.0583),tensor(0.0383),tensor(0.0821)
3782,3782,tensor(0.0583),tensor(0.0383),tensor(0.0821)
3783,3783,tensor(0.0583),tensor(0.0383),tensor(0.0821)
3784,3784,tensor(0.0583),tensor(0.0383),tensor(0.0821)
3785,3785,tensor(0.0583),tensor(0.0383),tensor(0.0821)
3786,3786,tensor(0.0583),tensor(0.0383),tensor(0.0821)
3787,3787,tensor(0.0583),tensor(0.0383),tensor(0.0821)
3788,3788,tensor(0.0583),tensor(0.0383),tensor(0.0821)
3789,3789,tensor(0.0583),tensor(0.0382),tensor(0.0821)
3790,3790,tensor(0.0583),tensor(0.0382),tensor(0.0821)
3791,3791,tensor(0.0583),tensor(0.0382),tensor(0.0821)
3792,3792,tensor(0.0583),tensor(0.0382),tensor(0.0821)
3793,3793,tensor(0.0583),tensor(0.0382),tensor(0.0821)
3794,3794,tensor(0.0583),tensor(0.0382),tensor(0.0821)
3795,3795,tensor(0.0583),tensor(0.0382),tensor(0.0821)
3796,3796,tensor(0.0583),tensor(0.0382),tensor(0.0821)
3797,3797,tensor(0.0583),tensor(0.0382),tensor(0.0821)
3798,3798,tensor(0.0583),tensor(0.0382),tensor(0.0821)
3799,3799,tensor(0.0583),tensor(0.0382),tensor(0.0821)
3800,3800,tensor(0.0583),tensor(0.0382),tensor(0.0821)
3801,3801,tensor(0.0583),tensor(0.0382),tensor(0.0821)
3802,3802,tensor(0.0583),tensor(0.0382),tensor(0.0821)
3803,3803,tensor(0.0583),tensor(0.0382),tensor(0.0821)
3804,3804,tensor(0.0583),tensor(0.0382),tensor(0.0821)
3805,3805,tensor(0.0583),tensor(0.0382),tensor(0.0821)
3806,3806,tensor(0.0583),tensor(0.0382),tensor(0.0821)
3807,3807,tensor(0.0583),tensor(0.0382),tensor(0.0821)
3808,3808,tensor(0.0582),tensor(0.0382),tensor(0.0821)
3809,3809,tensor(0.0582),tensor(0.0382),tensor(0.0821)
3810,3810,tensor(0.0582),tensor(0.0382),tensor(0.0821)
3811,3811,tensor(0.0582),tensor(0.0382),tensor(0.0821)
3812,3812,tensor(0.0582),tensor(0.0382),tensor(0.0821)
3813,3813,tensor(0.0582),tensor(0.0382),tensor(0.0821)
3814,3814,tensor(0.0582),tensor(0.0382),tensor(0.0821)
3815,3815,tensor(0.0582),tensor(0.0382),tensor(0.0821)
3816,3816,tensor(0.0582),tensor(0.0382),tensor(0.0821)
3817,3817,tensor(0.0582),tensor(0.0382),tensor(0.0821)
3818,3818,tensor(0.0582),tensor(0.0382),tensor(0.0821)
3819,3819,tensor(0.0582),tensor(0.0382),tensor(0.0821)
3820,3820,tensor(0.0582),tensor(0.0382),tensor(0.0821)
3821,3821,tensor(0.0582),tensor(0.0382),tensor(0.0821)
3822,3822,tensor(0.0582),tensor(0.0382),tensor(0.0821)
3823,3823,tensor(0.0582),tensor(0.0382),tensor(0.0821)
3824,3824,tensor(0.0582),tensor(0.0382),tensor(0.0821)
3825,3825,tensor(0.0582),tensor(0.0382),tensor(0.0821)
3826,3826,tensor(0.0582),tensor(0.0382),tensor(0.0821)
3827,3827,tensor(0.0582),tensor(0.0382),tensor(0.0821)
3828,3828,tensor(0.0582),tensor(0.0382),tensor(0.0821)
3829,3829,tensor(0.0582),tensor(0.0382),tensor(0.0821)
3830,3830,tensor(0.0582),tensor(0.0382),tensor(0.0821)
3831,3831,tensor(0.0582),tensor(0.0382),tensor(0.0821)
3832,3832,tensor(0.0582),tensor(0.0382),tensor(0.0821)
3833,3833,tensor(0.0582),tensor(0.0382),tensor(0.0821)
3834,3834,tensor(0.0582),tensor(0.0382),tensor(0.0821)
3835,3835,tensor(0.0582),tensor(0.0382),tensor(0.0821)
3836,3836,tensor(0.0582),tensor(0.0382),tensor(0.0821)
3837,3837,tensor(0.0582),tensor(0.0382),tensor(0.0821)
3838,3838,tensor(0.0582),tensor(0.0382),tensor(0.0821)
3839,3839,tensor(0.0582),tensor(0.0382),tensor(0.0821)
3840,3840,tensor(0.0582),tensor(0.0382),tensor(0.0821)
3841,3841,tensor(0.0582),tensor(0.0382),tensor(0.0821)
3842,3842,tensor(0.0582),tensor(0.0382),tensor(0.0821)
3843,3843,tensor(0.0582),tensor(0.0382),tensor(0.0821)
3844,3844,tensor(0.0582),tensor(0.0382),tensor(0.0821)
3845,3845,tensor(0.0582),tensor(0.0382),tensor(0.0821)
3846,3846,tensor(0.0582),tensor(0.0382),tensor(0.0821)
3847,3847,tensor(0.0582),tensor(0.0382),tensor(0.0821)
3848,3848,tensor(0.0581),tensor(0.0382),tensor(0.0821)
3849,3849,tensor(0.0581),tensor(0.0382),tensor(0.0821)
3850,3850,tensor(0.0581),tensor(0.0382),tensor(0.0821)
3851,3851,tensor(0.0581),tensor(0.0382),tensor(0.0821)
3852,3852,tensor(0.0581),tensor(0.0382),tensor(0.0821)
3853,3853,tensor(0.0581),tensor(0.0382),tensor(0.0821)
3854,3854,tensor(0.0581),tensor(0.0382),tensor(0.0820)
3855,3855,tensor(0.0581),tensor(0.0382),tensor(0.0820)
3856,3856,tensor(0.0581),tensor(0.0382),tensor(0.0820)
3857,3857,tensor(0.0581),tensor(0.0382),tensor(0.0820)
3858,3858,tensor(0.0581),tensor(0.0382),tensor(0.0820)
3859,3859,tensor(0.0581),tensor(0.0382),tensor(0.0820)
3860,3860,tensor(0.0581),tensor(0.0382),tensor(0.0820)
3861,3861,tensor(0.0581),tensor(0.0382),tensor(0.0820)
3862,3862,tensor(0.0581),tensor(0.0382),tensor(0.0820)
3863,3863,tensor(0.0581),tensor(0.0382),tensor(0.0820)
3864,3864,tensor(0.0581),tensor(0.0382),tensor(0.0820)
3865,3865,tensor(0.0581),tensor(0.0382),tensor(0.0820)
3866,3866,tensor(0.0581),tensor(0.0382),tensor(0.0820)
3867,3867,tensor(0.0581),tensor(0.0382),tensor(0.0820)
3868,3868,tensor(0.0581),tensor(0.0382),tensor(0.0820)
3869,3869,tensor(0.0581),tensor(0.0382),tensor(0.0820)
3870,3870,tensor(0.0581),tensor(0.0382),tensor(0.0820)
3871,3871,tensor(0.0581),tensor(0.0382),tensor(0.0820)
3872,3872,tensor(0.0581),tensor(0.0382),tensor(0.0820)
3873,3873,tensor(0.0581),tensor(0.0382),tensor(0.0820)
3874,3874,tensor(0.0581),tensor(0.0382),tensor(0.0820)
3875,3875,tensor(0.0581),tensor(0.0382),tensor(0.0820)
3876,3876,tensor(0.0581),tensor(0.0382),tensor(0.0820)
3877,3877,tensor(0.0581),tensor(0.0381),tensor(0.0820)
3878,3878,tensor(0.0581),tensor(0.0381),tensor(0.0820)
3879,3879,tensor(0.0581),tensor(0.0381),tensor(0.0820)
3880,3880,tensor(0.0581),tensor(0.0381),tensor(0.0820)
3881,3881,tensor(0.0581),tensor(0.0381),tensor(0.0820)
3882,3882,tensor(0.0581),tensor(0.0381),tensor(0.0820)
3883,3883,tensor(0.0581),tensor(0.0381),tensor(0.0820)
3884,3884,tensor(0.0581),tensor(0.0381),tensor(0.0820)
3885,3885,tensor(0.0581),tensor(0.0381),tensor(0.0820)
3886,3886,tensor(0.0581),tensor(0.0381),tensor(0.0820)
3887,3887,tensor(0.0580),tensor(0.0381),tensor(0.0820)
3888,3888,tensor(0.0580),tensor(0.0381),tensor(0.0820)
3889,3889,tensor(0.0580),tensor(0.0381),tensor(0.0820)
3890,3890,tensor(0.0580),tensor(0.0381),tensor(0.0820)
3891,3891,tensor(0.0580),tensor(0.0381),tensor(0.0820)
3892,3892,tensor(0.0580),tensor(0.0381),tensor(0.0820)
3893,3893,tensor(0.0580),tensor(0.0381),tensor(0.0820)
3894,3894,tensor(0.0580),tensor(0.0381),tensor(0.0820)
3895,3895,tensor(0.0580),tensor(0.0381),tensor(0.0820)
3896,3896,tensor(0.0580),tensor(0.0381),tensor(0.0820)
3897,3897,tensor(0.0580),tensor(0.0381),tensor(0.0820)
3898,3898,tensor(0.0580),tensor(0.0381),tensor(0.0820)
3899,3899,tensor(0.0580),tensor(0.0381),tensor(0.0820)
3900,3900,tensor(0.0580),tensor(0.0381),tensor(0.0820)
3901,3901,tensor(0.0580),tensor(0.0381),tensor(0.0820)
3902,3902,tensor(0.0580),tensor(0.0381),tensor(0.0820)
3903,3903,tensor(0.0580),tensor(0.0381),tensor(0.0820)
3904,3904,tensor(0.0580),tensor(0.0381),tensor(0.0820)
3905,3905,tensor(0.0580),tensor(0.0381),tensor(0.0820)
3906,3906,tensor(0.0580),tensor(0.0381),tensor(0.0820)
3907,3907,tensor(0.0580),tensor(0.0381),tensor(0.0820)
3908,3908,tensor(0.0580),tensor(0.0381),tensor(0.0820)
3909,3909,tensor(0.0580),tensor(0.0381),tensor(0.0820)
3910,3910,tensor(0.0580),tensor(0.0381),tensor(0.0820)
3911,3911,tensor(0.0580),tensor(0.0381),tensor(0.0820)
3912,3912,tensor(0.0580),tensor(0.0381),tensor(0.0820)
3913,3913,tensor(0.0580),tensor(0.0381),tensor(0.0820)
3914,3914,tensor(0.0580),tensor(0.0381),tensor(0.0820)
3915,3915,tensor(0.0580),tensor(0.0381),tensor(0.0820)
3916,3916,tensor(0.0580),tensor(0.0381),tensor(0.0820)
3917,3917,tensor(0.0580),tensor(0.0381),tensor(0.0820)
3918,3918,tensor(0.0580),tensor(0.0381),tensor(0.0820)
3919,3919,tensor(0.0580),tensor(0.0381),tensor(0.0820)
3920,3920,tensor(0.0580),tensor(0.0381),tensor(0.0820)
3921,3921,tensor(0.0580),tensor(0.0381),tensor(0.0820)
3922,3922,tensor(0.0580),tensor(0.0381),tensor(0.0820)
3923,3923,tensor(0.0580),tensor(0.0381),tensor(0.0820)
3924,3924,tensor(0.0580),tensor(0.0381),tensor(0.0820)
3925,3925,tensor(0.0580),tensor(0.0381),tensor(0.0820)
3926,3926,tensor(0.0580),tensor(0.0381),tensor(0.0820)
3927,3927,tensor(0.0579),tensor(0.0381),tensor(0.0820)
3928,3928,tensor(0.0579),tensor(0.0381),tensor(0.0820)
3929,3929,tensor(0.0579),tensor(0.0381),tensor(0.0820)
3930,3930,tensor(0.0579),tensor(0.0381),tensor(0.0820)
3931,3931,tensor(0.0579),tensor(0.0381),tensor(0.0820)
3932,3932,tensor(0.0579),tensor(0.0381),tensor(0.0820)
3933,3933,tensor(0.0579),tensor(0.0381),tensor(0.0820)
3934,3934,tensor(0.0579),tensor(0.0381),tensor(0.0820)
3935,3935,tensor(0.0579),tensor(0.0381),tensor(0.0820)
3936,3936,tensor(0.0579),tensor(0.0381),tensor(0.0820)
3937,3937,tensor(0.0579),tensor(0.0381),tensor(0.0820)
3938,3938,tensor(0.0579),tensor(0.0381),tensor(0.0820)
3939,3939,tensor(0.0579),tensor(0.0381),tensor(0.0820)
3940,3940,tensor(0.0579),tensor(0.0381),tensor(0.0820)
3941,3941,tensor(0.0579),tensor(0.0381),tensor(0.0820)
3942,3942,tensor(0.0579),tensor(0.0381),tensor(0.0820)
3943,3943,tensor(0.0579),tensor(0.0381),tensor(0.0820)
3944,3944,tensor(0.0579),tensor(0.0381),tensor(0.0820)
3945,3945,tensor(0.0579),tensor(0.0381),tensor(0.0820)
3946,3946,tensor(0.0579),tensor(0.0381),tensor(0.0820)
3947,3947,tensor(0.0579),tensor(0.0381),tensor(0.0820)
3948,3948,tensor(0.0579),tensor(0.0381),tensor(0.0820)
3949,3949,tensor(0.0579),tensor(0.0381),tensor(0.0820)
3950,3950,tensor(0.0579),tensor(0.0381),tensor(0.0820)
3951,3951,tensor(0.0579),tensor(0.0381),tensor(0.0820)
3952,3952,tensor(0.0579),tensor(0.0381),tensor(0.0820)
3953,3953,tensor(0.0579),tensor(0.0381),tensor(0.0820)
3954,3954,tensor(0.0579),tensor(0.0381),tensor(0.0820)
3955,3955,tensor(0.0579),tensor(0.0381),tensor(0.0820)
3956,3956,tensor(0.0579),tensor(0.0381),tensor(0.0820)
3957,3957,tensor(0.0579),tensor(0.0381),tensor(0.0820)
3958,3958,tensor(0.0579),tensor(0.0381),tensor(0.0820)
3959,3959,tensor(0.0579),tensor(0.0381),tensor(0.0820)
3960,3960,tensor(0.0579),tensor(0.0381),tensor(0.0820)
3961,3961,tensor(0.0579),tensor(0.0381),tensor(0.0820)
3962,3962,tensor(0.0579),tensor(0.0381),tensor(0.0820)
3963,3963,tensor(0.0579),tensor(0.0381),tensor(0.0820)
3964,3964,tensor(0.0579),tensor(0.0381),tensor(0.0820)
3965,3965,tensor(0.0579),tensor(0.0381),tensor(0.0820)
3966,3966,tensor(0.0579),tensor(0.0381),tensor(0.0820)
3967,3967,tensor(0.0578),tensor(0.0381),tensor(0.0820)
3968,3968,tensor(0.0578),tensor(0.0381),tensor(0.0820)
3969,3969,tensor(0.0578),tensor(0.0381),tensor(0.0820)
3970,3970,tensor(0.0578),tensor(0.0381),tensor(0.0820)
3971,3971,tensor(0.0578),tensor(0.0381),tensor(0.0820)
3972,3972,tensor(0.0578),tensor(0.0381),tensor(0.0820)
3973,3973,tensor(0.0578),tensor(0.0381),tensor(0.0820)
3974,3974,tensor(0.0578),tensor(0.0380),tensor(0.0820)
3975,3975,tensor(0.0578),tensor(0.0380),tensor(0.0820)
3976,3976,tensor(0.0578),tensor(0.0380),tensor(0.0820)
3977,3977,tensor(0.0578),tensor(0.0380),tensor(0.0820)
3978,3978,tensor(0.0578),tensor(0.0380),tensor(0.0820)
3979,3979,tensor(0.0578),tensor(0.0380),tensor(0.0820)
3980,3980,tensor(0.0578),tensor(0.0380),tensor(0.0820)
3981,3981,tensor(0.0578),tensor(0.0380),tensor(0.0820)
3982,3982,tensor(0.0578),tensor(0.0380),tensor(0.0820)
3983,3983,tensor(0.0578),tensor(0.0380),tensor(0.0820)
3984,3984,tensor(0.0578),tensor(0.0380),tensor(0.0820)
3985,3985,tensor(0.0578),tensor(0.0380),tensor(0.0820)
3986,3986,tensor(0.0578),tensor(0.0380),tensor(0.0820)
3987,3987,tensor(0.0578),tensor(0.0380),tensor(0.0820)
3988,3988,tensor(0.0578),tensor(0.0380),tensor(0.0820)
3989,3989,tensor(0.0578),tensor(0.0380),tensor(0.0820)
3990,3990,tensor(0.0578),tensor(0.0380),tensor(0.0820)
3991,3991,tensor(0.0578),tensor(0.0380),tensor(0.0820)
3992,3992,tensor(0.0578),tensor(0.0380),tensor(0.0820)
3993,3993,tensor(0.0578),tensor(0.0380),tensor(0.0820)
3994,3994,tensor(0.0578),tensor(0.0380),tensor(0.0820)
3995,3995,tensor(0.0578),tensor(0.0380),tensor(0.0820)
3996,3996,tensor(0.0578),tensor(0.0380),tensor(0.0820)
3997,3997,tensor(0.0578),tensor(0.0380),tensor(0.0820)
3998,3998,tensor(0.0578),tensor(0.0380),tensor(0.0820)
3999,3999,tensor(0.0578),tensor(0.0380),tensor(0.0820)
4000,4000,tensor(0.0578),tensor(0.0380),tensor(0.0820)
4001,4001,tensor(0.0578),tensor(0.0380),tensor(0.0820)
4002,4002,tensor(0.0578),tensor(0.0380),tensor(0.0820)
4003,4003,tensor(0.0578),tensor(0.0380),tensor(0.0820)
4004,4004,tensor(0.0578),tensor(0.0380),tensor(0.0820)
4005,4005,tensor(0.0578),tensor(0.0380),tensor(0.0820)
4006,4006,tensor(0.0577),tensor(0.0380),tensor(0.0820)
4007,4007,tensor(0.0577),tensor(0.0380),tensor(0.0820)
4008,4008,tensor(0.0577),tensor(0.0380),tensor(0.0820)
4009,4009,tensor(0.0577),tensor(0.0380),tensor(0.0820)
4010,4010,tensor(0.0577),tensor(0.0380),tensor(0.0820)
4011,4011,tensor(0.0577),tensor(0.0380),tensor(0.0820)
4012,4012,tensor(0.0577),tensor(0.0380),tensor(0.0820)
4013,4013,tensor(0.0577),tensor(0.0380),tensor(0.0820)
4014,4014,tensor(0.0577),tensor(0.0380),tensor(0.0820)
4015,4015,tensor(0.0577),tensor(0.0380),tensor(0.0820)
4016,4016,tensor(0.0577),tensor(0.0380),tensor(0.0820)
4017,4017,tensor(0.0577),tensor(0.0380),tensor(0.0820)
4018,4018,tensor(0.0577),tensor(0.0380),tensor(0.0820)
4019,4019,tensor(0.0577),tensor(0.0380),tensor(0.0820)
4020,4020,tensor(0.0577),tensor(0.0380),tensor(0.0820)
4021,4021,tensor(0.0577),tensor(0.0380),tensor(0.0820)
4022,4022,tensor(0.0577),tensor(0.0380),tensor(0.0820)
4023,4023,tensor(0.0577),tensor(0.0380),tensor(0.0820)
4024,4024,tensor(0.0577),tensor(0.0380),tensor(0.0820)
4025,4025,tensor(0.0577),tensor(0.0380),tensor(0.0820)
4026,4026,tensor(0.0577),tensor(0.0380),tensor(0.0820)
4027,4027,tensor(0.0577),tensor(0.0380),tensor(0.0820)
4028,4028,tensor(0.0577),tensor(0.0380),tensor(0.0820)
4029,4029,tensor(0.0577),tensor(0.0380),tensor(0.0820)
4030,4030,tensor(0.0577),tensor(0.0380),tensor(0.0820)
4031,4031,tensor(0.0577),tensor(0.0380),tensor(0.0820)
4032,4032,tensor(0.0577),tensor(0.0380),tensor(0.0820)
4033,4033,tensor(0.0577),tensor(0.0380),tensor(0.0820)
4034,4034,tensor(0.0577),tensor(0.0380),tensor(0.0820)
4035,4035,tensor(0.0577),tensor(0.0380),tensor(0.0820)
4036,4036,tensor(0.0577),tensor(0.0380),tensor(0.0820)
4037,4037,tensor(0.0577),tensor(0.0380),tensor(0.0820)
4038,4038,tensor(0.0577),tensor(0.0380),tensor(0.0820)
4039,4039,tensor(0.0577),tensor(0.0380),tensor(0.0820)
4040,4040,tensor(0.0577),tensor(0.0380),tensor(0.0820)
4041,4041,tensor(0.0577),tensor(0.0380),tensor(0.0820)
4042,4042,tensor(0.0577),tensor(0.0380),tensor(0.0820)
4043,4043,tensor(0.0577),tensor(0.0380),tensor(0.0820)
4044,4044,tensor(0.0577),tensor(0.0380),tensor(0.0820)
4045,4045,tensor(0.0577),tensor(0.0380),tensor(0.0820)
4046,4046,tensor(0.0576),tensor(0.0380),tensor(0.0820)
4047,4047,tensor(0.0576),tensor(0.0380),tensor(0.0820)
4048,4048,tensor(0.0576),tensor(0.0380),tensor(0.0820)
4049,4049,tensor(0.0576),tensor(0.0380),tensor(0.0820)
4050,4050,tensor(0.0576),tensor(0.0380),tensor(0.0820)
4051,4051,tensor(0.0576),tensor(0.0380),tensor(0.0820)
4052,4052,tensor(0.0576),tensor(0.0380),tensor(0.0820)
4053,4053,tensor(0.0576),tensor(0.0380),tensor(0.0820)
4054,4054,tensor(0.0576),tensor(0.0380),tensor(0.0820)
4055,4055,tensor(0.0576),tensor(0.0380),tensor(0.0820)
4056,4056,tensor(0.0576),tensor(0.0380),tensor(0.0820)
4057,4057,tensor(0.0576),tensor(0.0380),tensor(0.0820)
4058,4058,tensor(0.0576),tensor(0.0380),tensor(0.0820)
4059,4059,tensor(0.0576),tensor(0.0380),tensor(0.0820)
4060,4060,tensor(0.0576),tensor(0.0380),tensor(0.0820)
4061,4061,tensor(0.0576),tensor(0.0380),tensor(0.0820)
4062,4062,tensor(0.0576),tensor(0.0380),tensor(0.0819)
4063,4063,tensor(0.0576),tensor(0.0380),tensor(0.0819)
4064,4064,tensor(0.0576),tensor(0.0380),tensor(0.0819)
4065,4065,tensor(0.0576),tensor(0.0380),tensor(0.0819)
4066,4066,tensor(0.0576),tensor(0.0380),tensor(0.0819)
4067,4067,tensor(0.0576),tensor(0.0380),tensor(0.0819)
4068,4068,tensor(0.0576),tensor(0.0380),tensor(0.0819)
4069,4069,tensor(0.0576),tensor(0.0380),tensor(0.0819)
4070,4070,tensor(0.0576),tensor(0.0380),tensor(0.0819)
4071,4071,tensor(0.0576),tensor(0.0380),tensor(0.0819)
4072,4072,tensor(0.0576),tensor(0.0380),tensor(0.0819)
4073,4073,tensor(0.0576),tensor(0.0380),tensor(0.0819)
4074,4074,tensor(0.0576),tensor(0.0380),tensor(0.0819)
4075,4075,tensor(0.0576),tensor(0.0380),tensor(0.0819)
4076,4076,tensor(0.0576),tensor(0.0380),tensor(0.0819)
4077,4077,tensor(0.0576),tensor(0.0380),tensor(0.0819)
4078,4078,tensor(0.0576),tensor(0.0379),tensor(0.0819)
4079,4079,tensor(0.0576),tensor(0.0379),tensor(0.0819)
4080,4080,tensor(0.0576),tensor(0.0379),tensor(0.0819)
4081,4081,tensor(0.0576),tensor(0.0379),tensor(0.0819)
4082,4082,tensor(0.0576),tensor(0.0379),tensor(0.0819)
4083,4083,tensor(0.0576),tensor(0.0379),tensor(0.0819)
4084,4084,tensor(0.0576),tensor(0.0379),tensor(0.0819)
4085,4085,tensor(0.0575),tensor(0.0379),tensor(0.0819)
4086,4086,tensor(0.0575),tensor(0.0379),tensor(0.0819)
4087,4087,tensor(0.0575),tensor(0.0379),tensor(0.0819)
4088,4088,tensor(0.0575),tensor(0.0379),tensor(0.0819)
4089,4089,tensor(0.0575),tensor(0.0379),tensor(0.0819)
4090,4090,tensor(0.0575),tensor(0.0379),tensor(0.0819)
4091,4091,tensor(0.0575),tensor(0.0379),tensor(0.0819)
4092,4092,tensor(0.0575),tensor(0.0379),tensor(0.0819)
4093,4093,tensor(0.0575),tensor(0.0379),tensor(0.0819)
4094,4094,tensor(0.0575),tensor(0.0379),tensor(0.0819)
4095,4095,tensor(0.0575),tensor(0.0379),tensor(0.0819)
4096,4096,tensor(0.0575),tensor(0.0379),tensor(0.0819)
4097,4097,tensor(0.0575),tensor(0.0379),tensor(0.0819)
4098,4098,tensor(0.0575),tensor(0.0379),tensor(0.0819)
4099,4099,tensor(0.0575),tensor(0.0379),tensor(0.0819)
4100,4100,tensor(0.0575),tensor(0.0379),tensor(0.0819)
4101,4101,tensor(0.0575),tensor(0.0379),tensor(0.0819)
4102,4102,tensor(0.0575),tensor(0.0379),tensor(0.0819)
4103,4103,tensor(0.0575),tensor(0.0379),tensor(0.0819)
4104,4104,tensor(0.0575),tensor(0.0379),tensor(0.0819)
4105,4105,tensor(0.0575),tensor(0.0379),tensor(0.0819)
4106,4106,tensor(0.0575),tensor(0.0379),tensor(0.0819)
4107,4107,tensor(0.0575),tensor(0.0379),tensor(0.0819)
4108,4108,tensor(0.0575),tensor(0.0379),tensor(0.0819)
4109,4109,tensor(0.0575),tensor(0.0379),tensor(0.0819)
4110,4110,tensor(0.0575),tensor(0.0379),tensor(0.0819)
4111,4111,tensor(0.0575),tensor(0.0379),tensor(0.0819)
4112,4112,tensor(0.0575),tensor(0.0379),tensor(0.0819)
4113,4113,tensor(0.0575),tensor(0.0379),tensor(0.0819)
4114,4114,tensor(0.0575),tensor(0.0379),tensor(0.0819)
4115,4115,tensor(0.0575),tensor(0.0379),tensor(0.0819)
4116,4116,tensor(0.0575),tensor(0.0379),tensor(0.0819)
4117,4117,tensor(0.0575),tensor(0.0379),tensor(0.0819)
4118,4118,tensor(0.0575),tensor(0.0379),tensor(0.0819)
4119,4119,tensor(0.0575),tensor(0.0379),tensor(0.0819)
4120,4120,tensor(0.0575),tensor(0.0379),tensor(0.0819)
4121,4121,tensor(0.0575),tensor(0.0379),tensor(0.0819)
4122,4122,tensor(0.0575),tensor(0.0379),tensor(0.0819)
4123,4123,tensor(0.0575),tensor(0.0379),tensor(0.0819)
4124,4124,tensor(0.0575),tensor(0.0379),tensor(0.0819)
4125,4125,tensor(0.0574),tensor(0.0379),tensor(0.0819)
4126,4126,tensor(0.0574),tensor(0.0379),tensor(0.0819)
4127,4127,tensor(0.0574),tensor(0.0379),tensor(0.0819)
4128,4128,tensor(0.0574),tensor(0.0379),tensor(0.0819)
4129,4129,tensor(0.0574),tensor(0.0379),tensor(0.0819)
4130,4130,tensor(0.0574),tensor(0.0379),tensor(0.0819)
4131,4131,tensor(0.0574),tensor(0.0379),tensor(0.0819)
4132,4132,tensor(0.0574),tensor(0.0379),tensor(0.0819)
4133,4133,tensor(0.0574),tensor(0.0379),tensor(0.0819)
4134,4134,tensor(0.0574),tensor(0.0379),tensor(0.0819)
4135,4135,tensor(0.0574),tensor(0.0379),tensor(0.0819)
4136,4136,tensor(0.0574),tensor(0.0379),tensor(0.0819)
4137,4137,tensor(0.0574),tensor(0.0379),tensor(0.0819)
4138,4138,tensor(0.0574),tensor(0.0379),tensor(0.0819)
4139,4139,tensor(0.0574),tensor(0.0379),tensor(0.0819)
4140,4140,tensor(0.0574),tensor(0.0379),tensor(0.0819)
4141,4141,tensor(0.0574),tensor(0.0379),tensor(0.0819)
4142,4142,tensor(0.0574),tensor(0.0379),tensor(0.0819)
4143,4143,tensor(0.0574),tensor(0.0379),tensor(0.0819)
4144,4144,tensor(0.0574),tensor(0.0379),tensor(0.0819)
4145,4145,tensor(0.0574),tensor(0.0379),tensor(0.0819)
4146,4146,tensor(0.0574),tensor(0.0379),tensor(0.0819)
4147,4147,tensor(0.0574),tensor(0.0379),tensor(0.0819)
4148,4148,tensor(0.0574),tensor(0.0379),tensor(0.0819)
4149,4149,tensor(0.0574),tensor(0.0379),tensor(0.0819)
4150,4150,tensor(0.0574),tensor(0.0379),tensor(0.0819)
4151,4151,tensor(0.0574),tensor(0.0379),tensor(0.0819)
4152,4152,tensor(0.0574),tensor(0.0379),tensor(0.0819)
4153,4153,tensor(0.0574),tensor(0.0379),tensor(0.0819)
4154,4154,tensor(0.0574),tensor(0.0379),tensor(0.0819)
4155,4155,tensor(0.0574),tensor(0.0379),tensor(0.0819)
4156,4156,tensor(0.0574),tensor(0.0379),tensor(0.0819)
4157,4157,tensor(0.0574),tensor(0.0379),tensor(0.0819)
4158,4158,tensor(0.0574),tensor(0.0379),tensor(0.0819)
4159,4159,tensor(0.0574),tensor(0.0379),tensor(0.0819)
4160,4160,tensor(0.0574),tensor(0.0379),tensor(0.0819)
4161,4161,tensor(0.0574),tensor(0.0379),tensor(0.0819)
4162,4162,tensor(0.0574),tensor(0.0379),tensor(0.0819)
4163,4163,tensor(0.0574),tensor(0.0379),tensor(0.0819)
4164,4164,tensor(0.0574),tensor(0.0379),tensor(0.0819)
4165,4165,tensor(0.0573),tensor(0.0379),tensor(0.0819)
4166,4166,tensor(0.0573),tensor(0.0379),tensor(0.0819)
4167,4167,tensor(0.0573),tensor(0.0379),tensor(0.0819)
4168,4168,tensor(0.0573),tensor(0.0379),tensor(0.0819)
4169,4169,tensor(0.0573),tensor(0.0379),tensor(0.0819)
4170,4170,tensor(0.0573),tensor(0.0379),tensor(0.0819)
4171,4171,tensor(0.0573),tensor(0.0379),tensor(0.0819)
4172,4172,tensor(0.0573),tensor(0.0379),tensor(0.0819)
4173,4173,tensor(0.0573),tensor(0.0379),tensor(0.0819)
4174,4174,tensor(0.0573),tensor(0.0379),tensor(0.0819)
4175,4175,tensor(0.0573),tensor(0.0379),tensor(0.0819)
4176,4176,tensor(0.0573),tensor(0.0379),tensor(0.0819)
4177,4177,tensor(0.0573),tensor(0.0379),tensor(0.0819)
4178,4178,tensor(0.0573),tensor(0.0379),tensor(0.0819)
4179,4179,tensor(0.0573),tensor(0.0379),tensor(0.0819)
4180,4180,tensor(0.0573),tensor(0.0379),tensor(0.0819)
4181,4181,tensor(0.0573),tensor(0.0379),tensor(0.0819)
4182,4182,tensor(0.0573),tensor(0.0379),tensor(0.0819)
4183,4183,tensor(0.0573),tensor(0.0379),tensor(0.0819)
4184,4184,tensor(0.0573),tensor(0.0379),tensor(0.0819)
4185,4185,tensor(0.0573),tensor(0.0378),tensor(0.0819)
4186,4186,tensor(0.0573),tensor(0.0378),tensor(0.0819)
4187,4187,tensor(0.0573),tensor(0.0378),tensor(0.0819)
4188,4188,tensor(0.0573),tensor(0.0378),tensor(0.0819)
4189,4189,tensor(0.0573),tensor(0.0378),tensor(0.0819)
4190,4190,tensor(0.0573),tensor(0.0378),tensor(0.0819)
4191,4191,tensor(0.0573),tensor(0.0378),tensor(0.0819)
4192,4192,tensor(0.0573),tensor(0.0378),tensor(0.0819)
4193,4193,tensor(0.0573),tensor(0.0378),tensor(0.0819)
4194,4194,tensor(0.0573),tensor(0.0378),tensor(0.0819)
4195,4195,tensor(0.0573),tensor(0.0378),tensor(0.0819)
4196,4196,tensor(0.0573),tensor(0.0378),tensor(0.0819)
4197,4197,tensor(0.0573),tensor(0.0378),tensor(0.0819)
4198,4198,tensor(0.0573),tensor(0.0378),tensor(0.0819)
4199,4199,tensor(0.0573),tensor(0.0378),tensor(0.0819)
4200,4200,tensor(0.0573),tensor(0.0378),tensor(0.0819)
4201,4201,tensor(0.0573),tensor(0.0378),tensor(0.0819)
4202,4202,tensor(0.0573),tensor(0.0378),tensor(0.0819)
4203,4203,tensor(0.0573),tensor(0.0378),tensor(0.0819)
4204,4204,tensor(0.0572),tensor(0.0378),tensor(0.0819)
4205,4205,tensor(0.0572),tensor(0.0378),tensor(0.0819)
4206,4206,tensor(0.0572),tensor(0.0378),tensor(0.0819)
4207,4207,tensor(0.0572),tensor(0.0378),tensor(0.0819)
4208,4208,tensor(0.0572),tensor(0.0378),tensor(0.0819)
4209,4209,tensor(0.0572),tensor(0.0378),tensor(0.0819)
4210,4210,tensor(0.0572),tensor(0.0378),tensor(0.0819)
4211,4211,tensor(0.0572),tensor(0.0378),tensor(0.0819)
4212,4212,tensor(0.0572),tensor(0.0378),tensor(0.0819)
4213,4213,tensor(0.0572),tensor(0.0378),tensor(0.0819)
4214,4214,tensor(0.0572),tensor(0.0378),tensor(0.0819)
4215,4215,tensor(0.0572),tensor(0.0378),tensor(0.0819)
4216,4216,tensor(0.0572),tensor(0.0378),tensor(0.0819)
4217,4217,tensor(0.0572),tensor(0.0378),tensor(0.0819)
4218,4218,tensor(0.0572),tensor(0.0378),tensor(0.0819)
4219,4219,tensor(0.0572),tensor(0.0378),tensor(0.0819)
4220,4220,tensor(0.0572),tensor(0.0378),tensor(0.0819)
4221,4221,tensor(0.0572),tensor(0.0378),tensor(0.0819)
4222,4222,tensor(0.0572),tensor(0.0378),tensor(0.0819)
4223,4223,tensor(0.0572),tensor(0.0378),tensor(0.0819)
4224,4224,tensor(0.0572),tensor(0.0378),tensor(0.0819)
4225,4225,tensor(0.0572),tensor(0.0378),tensor(0.0819)
4226,4226,tensor(0.0572),tensor(0.0378),tensor(0.0819)
4227,4227,tensor(0.0572),tensor(0.0378),tensor(0.0819)
4228,4228,tensor(0.0572),tensor(0.0378),tensor(0.0819)
4229,4229,tensor(0.0572),tensor(0.0378),tensor(0.0819)
4230,4230,tensor(0.0572),tensor(0.0378),tensor(0.0819)
4231,4231,tensor(0.0572),tensor(0.0378),tensor(0.0819)
4232,4232,tensor(0.0572),tensor(0.0378),tensor(0.0819)
4233,4233,tensor(0.0572),tensor(0.0378),tensor(0.0819)
4234,4234,tensor(0.0572),tensor(0.0378),tensor(0.0819)
4235,4235,tensor(0.0572),tensor(0.0378),tensor(0.0819)
4236,4236,tensor(0.0572),tensor(0.0378),tensor(0.0819)
4237,4237,tensor(0.0572),tensor(0.0378),tensor(0.0819)
4238,4238,tensor(0.0572),tensor(0.0378),tensor(0.0819)
4239,4239,tensor(0.0572),tensor(0.0378),tensor(0.0819)
4240,4240,tensor(0.0572),tensor(0.0378),tensor(0.0819)
4241,4241,tensor(0.0572),tensor(0.0378),tensor(0.0819)
4242,4242,tensor(0.0572),tensor(0.0378),tensor(0.0819)
4243,4243,tensor(0.0572),tensor(0.0378),tensor(0.0819)
4244,4244,tensor(0.0571),tensor(0.0378),tensor(0.0819)
4245,4245,tensor(0.0571),tensor(0.0378),tensor(0.0819)
4246,4246,tensor(0.0571),tensor(0.0378),tensor(0.0819)
4247,4247,tensor(0.0571),tensor(0.0378),tensor(0.0819)
4248,4248,tensor(0.0571),tensor(0.0378),tensor(0.0819)
4249,4249,tensor(0.0571),tensor(0.0378),tensor(0.0819)
4250,4250,tensor(0.0571),tensor(0.0378),tensor(0.0819)
4251,4251,tensor(0.0571),tensor(0.0378),tensor(0.0819)
4252,4252,tensor(0.0571),tensor(0.0378),tensor(0.0819)
4253,4253,tensor(0.0571),tensor(0.0378),tensor(0.0819)
4254,4254,tensor(0.0571),tensor(0.0378),tensor(0.0819)
4255,4255,tensor(0.0571),tensor(0.0378),tensor(0.0819)
4256,4256,tensor(0.0571),tensor(0.0378),tensor(0.0819)
4257,4257,tensor(0.0571),tensor(0.0378),tensor(0.0819)
4258,4258,tensor(0.0571),tensor(0.0378),tensor(0.0819)
4259,4259,tensor(0.0571),tensor(0.0378),tensor(0.0819)
4260,4260,tensor(0.0571),tensor(0.0378),tensor(0.0819)
4261,4261,tensor(0.0571),tensor(0.0378),tensor(0.0819)
4262,4262,tensor(0.0571),tensor(0.0378),tensor(0.0819)
4263,4263,tensor(0.0571),tensor(0.0378),tensor(0.0819)
4264,4264,tensor(0.0571),tensor(0.0378),tensor(0.0819)
4265,4265,tensor(0.0571),tensor(0.0378),tensor(0.0819)
4266,4266,tensor(0.0571),tensor(0.0378),tensor(0.0819)
4267,4267,tensor(0.0571),tensor(0.0378),tensor(0.0819)
4268,4268,tensor(0.0571),tensor(0.0378),tensor(0.0819)
4269,4269,tensor(0.0571),tensor(0.0378),tensor(0.0819)
4270,4270,tensor(0.0571),tensor(0.0378),tensor(0.0819)
4271,4271,tensor(0.0571),tensor(0.0378),tensor(0.0819)
4272,4272,tensor(0.0571),tensor(0.0378),tensor(0.0819)
4273,4273,tensor(0.0571),tensor(0.0378),tensor(0.0819)
4274,4274,tensor(0.0571),tensor(0.0378),tensor(0.0819)
4275,4275,tensor(0.0571),tensor(0.0378),tensor(0.0819)
4276,4276,tensor(0.0571),tensor(0.0378),tensor(0.0819)
4277,4277,tensor(0.0571),tensor(0.0378),tensor(0.0819)
4278,4278,tensor(0.0571),tensor(0.0378),tensor(0.0819)
4279,4279,tensor(0.0571),tensor(0.0378),tensor(0.0819)
4280,4280,tensor(0.0571),tensor(0.0378),tensor(0.0819)
4281,4281,tensor(0.0571),tensor(0.0378),tensor(0.0819)
4282,4282,tensor(0.0571),tensor(0.0378),tensor(0.0819)
4283,4283,tensor(0.0571),tensor(0.0378),tensor(0.0819)
4284,4284,tensor(0.0570),tensor(0.0378),tensor(0.0819)
4285,4285,tensor(0.0570),tensor(0.0378),tensor(0.0819)
4286,4286,tensor(0.0570),tensor(0.0378),tensor(0.0819)
4287,4287,tensor(0.0570),tensor(0.0378),tensor(0.0819)
4288,4288,tensor(0.0570),tensor(0.0378),tensor(0.0819)
4289,4289,tensor(0.0570),tensor(0.0378),tensor(0.0818)
4290,4290,tensor(0.0570),tensor(0.0378),tensor(0.0818)
4291,4291,tensor(0.0570),tensor(0.0378),tensor(0.0818)
4292,4292,tensor(0.0570),tensor(0.0378),tensor(0.0818)
4293,4293,tensor(0.0570),tensor(0.0377),tensor(0.0818)
4294,4294,tensor(0.0570),tensor(0.0377),tensor(0.0818)
4295,4295,tensor(0.0570),tensor(0.0377),tensor(0.0818)
4296,4296,tensor(0.0570),tensor(0.0377),tensor(0.0818)
4297,4297,tensor(0.0570),tensor(0.0377),tensor(0.0818)
4298,4298,tensor(0.0570),tensor(0.0377),tensor(0.0818)
4299,4299,tensor(0.0570),tensor(0.0377),tensor(0.0818)
4300,4300,tensor(0.0570),tensor(0.0377),tensor(0.0818)
4301,4301,tensor(0.0570),tensor(0.0377),tensor(0.0818)
4302,4302,tensor(0.0570),tensor(0.0377),tensor(0.0818)
4303,4303,tensor(0.0570),tensor(0.0377),tensor(0.0818)
4304,4304,tensor(0.0570),tensor(0.0377),tensor(0.0818)
4305,4305,tensor(0.0570),tensor(0.0377),tensor(0.0818)
4306,4306,tensor(0.0570),tensor(0.0377),tensor(0.0818)
4307,4307,tensor(0.0570),tensor(0.0377),tensor(0.0818)
4308,4308,tensor(0.0570),tensor(0.0377),tensor(0.0818)
4309,4309,tensor(0.0570),tensor(0.0377),tensor(0.0818)
4310,4310,tensor(0.0570),tensor(0.0377),tensor(0.0818)
4311,4311,tensor(0.0570),tensor(0.0377),tensor(0.0818)
4312,4312,tensor(0.0570),tensor(0.0377),tensor(0.0818)
4313,4313,tensor(0.0570),tensor(0.0377),tensor(0.0818)
4314,4314,tensor(0.0570),tensor(0.0377),tensor(0.0818)
4315,4315,tensor(0.0570),tensor(0.0377),tensor(0.0818)
4316,4316,tensor(0.0570),tensor(0.0377),tensor(0.0818)
4317,4317,tensor(0.0570),tensor(0.0377),tensor(0.0818)
4318,4318,tensor(0.0570),tensor(0.0377),tensor(0.0818)
4319,4319,tensor(0.0570),tensor(0.0377),tensor(0.0818)
4320,4320,tensor(0.0570),tensor(0.0377),tensor(0.0818)
4321,4321,tensor(0.0570),tensor(0.0377),tensor(0.0818)
4322,4322,tensor(0.0570),tensor(0.0377),tensor(0.0818)
4323,4323,tensor(0.0570),tensor(0.0377),tensor(0.0818)
4324,4324,tensor(0.0569),tensor(0.0377),tensor(0.0818)
4325,4325,tensor(0.0569),tensor(0.0377),tensor(0.0818)
4326,4326,tensor(0.0569),tensor(0.0377),tensor(0.0818)
4327,4327,tensor(0.0569),tensor(0.0377),tensor(0.0818)
4328,4328,tensor(0.0569),tensor(0.0377),tensor(0.0818)
4329,4329,tensor(0.0569),tensor(0.0377),tensor(0.0818)
4330,4330,tensor(0.0569),tensor(0.0377),tensor(0.0818)
4331,4331,tensor(0.0569),tensor(0.0377),tensor(0.0818)
4332,4332,tensor(0.0569),tensor(0.0377),tensor(0.0818)
4333,4333,tensor(0.0569),tensor(0.0377),tensor(0.0818)
4334,4334,tensor(0.0569),tensor(0.0377),tensor(0.0818)
4335,4335,tensor(0.0569),tensor(0.0377),tensor(0.0818)
4336,4336,tensor(0.0569),tensor(0.0377),tensor(0.0818)
4337,4337,tensor(0.0569),tensor(0.0377),tensor(0.0818)
4338,4338,tensor(0.0569),tensor(0.0377),tensor(0.0818)
4339,4339,tensor(0.0569),tensor(0.0377),tensor(0.0818)
4340,4340,tensor(0.0569),tensor(0.0377),tensor(0.0818)
4341,4341,tensor(0.0569),tensor(0.0377),tensor(0.0818)
4342,4342,tensor(0.0569),tensor(0.0377),tensor(0.0818)
4343,4343,tensor(0.0569),tensor(0.0377),tensor(0.0818)
4344,4344,tensor(0.0569),tensor(0.0377),tensor(0.0818)
4345,4345,tensor(0.0569),tensor(0.0377),tensor(0.0818)
4346,4346,tensor(0.0569),tensor(0.0377),tensor(0.0818)
4347,4347,tensor(0.0569),tensor(0.0377),tensor(0.0818)
4348,4348,tensor(0.0569),tensor(0.0377),tensor(0.0818)
4349,4349,tensor(0.0569),tensor(0.0377),tensor(0.0818)
4350,4350,tensor(0.0569),tensor(0.0377),tensor(0.0818)
4351,4351,tensor(0.0569),tensor(0.0377),tensor(0.0818)
4352,4352,tensor(0.0569),tensor(0.0377),tensor(0.0818)
4353,4353,tensor(0.0569),tensor(0.0377),tensor(0.0818)
4354,4354,tensor(0.0569),tensor(0.0377),tensor(0.0818)
4355,4355,tensor(0.0569),tensor(0.0377),tensor(0.0818)
4356,4356,tensor(0.0569),tensor(0.0377),tensor(0.0818)
4357,4357,tensor(0.0569),tensor(0.0377),tensor(0.0818)
4358,4358,tensor(0.0569),tensor(0.0377),tensor(0.0818)
4359,4359,tensor(0.0569),tensor(0.0377),tensor(0.0818)
4360,4360,tensor(0.0569),tensor(0.0377),tensor(0.0818)
4361,4361,tensor(0.0569),tensor(0.0377),tensor(0.0818)
4362,4362,tensor(0.0569),tensor(0.0377),tensor(0.0818)
4363,4363,tensor(0.0569),tensor(0.0377),tensor(0.0818)
4364,4364,tensor(0.0568),tensor(0.0377),tensor(0.0818)
4365,4365,tensor(0.0568),tensor(0.0377),tensor(0.0818)
4366,4366,tensor(0.0568),tensor(0.0377),tensor(0.0818)
4367,4367,tensor(0.0568),tensor(0.0377),tensor(0.0818)
4368,4368,tensor(0.0568),tensor(0.0377),tensor(0.0818)
4369,4369,tensor(0.0568),tensor(0.0377),tensor(0.0818)
4370,4370,tensor(0.0568),tensor(0.0377),tensor(0.0818)
4371,4371,tensor(0.0568),tensor(0.0377),tensor(0.0818)
4372,4372,tensor(0.0568),tensor(0.0377),tensor(0.0818)
4373,4373,tensor(0.0568),tensor(0.0377),tensor(0.0818)
4374,4374,tensor(0.0568),tensor(0.0377),tensor(0.0818)
4375,4375,tensor(0.0568),tensor(0.0377),tensor(0.0818)
4376,4376,tensor(0.0568),tensor(0.0377),tensor(0.0818)
4377,4377,tensor(0.0568),tensor(0.0377),tensor(0.0818)
4378,4378,tensor(0.0568),tensor(0.0377),tensor(0.0818)
4379,4379,tensor(0.0568),tensor(0.0377),tensor(0.0818)
4380,4380,tensor(0.0568),tensor(0.0377),tensor(0.0818)
4381,4381,tensor(0.0568),tensor(0.0377),tensor(0.0818)
4382,4382,tensor(0.0568),tensor(0.0377),tensor(0.0818)
4383,4383,tensor(0.0568),tensor(0.0377),tensor(0.0818)
4384,4384,tensor(0.0568),tensor(0.0377),tensor(0.0818)
4385,4385,tensor(0.0568),tensor(0.0377),tensor(0.0818)
4386,4386,tensor(0.0568),tensor(0.0377),tensor(0.0818)
4387,4387,tensor(0.0568),tensor(0.0377),tensor(0.0818)
4388,4388,tensor(0.0568),tensor(0.0377),tensor(0.0818)
4389,4389,tensor(0.0568),tensor(0.0377),tensor(0.0818)
4390,4390,tensor(0.0568),tensor(0.0377),tensor(0.0818)
4391,4391,tensor(0.0568),tensor(0.0377),tensor(0.0818)
4392,4392,tensor(0.0568),tensor(0.0377),tensor(0.0818)
4393,4393,tensor(0.0568),tensor(0.0377),tensor(0.0818)
4394,4394,tensor(0.0568),tensor(0.0377),tensor(0.0818)
4395,4395,tensor(0.0568),tensor(0.0377),tensor(0.0818)
4396,4396,tensor(0.0568),tensor(0.0377),tensor(0.0818)
4397,4397,tensor(0.0568),tensor(0.0377),tensor(0.0818)
4398,4398,tensor(0.0568),tensor(0.0377),tensor(0.0818)
4399,4399,tensor(0.0568),tensor(0.0377),tensor(0.0818)
4400,4400,tensor(0.0568),tensor(0.0376),tensor(0.0818)
4401,4401,tensor(0.0568),tensor(0.0376),tensor(0.0818)
4402,4402,tensor(0.0568),tensor(0.0376),tensor(0.0818)
4403,4403,tensor(0.0568),tensor(0.0376),tensor(0.0818)
4404,4404,tensor(0.0567),tensor(0.0376),tensor(0.0818)
4405,4405,tensor(0.0567),tensor(0.0376),tensor(0.0818)
4406,4406,tensor(0.0567),tensor(0.0376),tensor(0.0818)
4407,4407,tensor(0.0567),tensor(0.0376),tensor(0.0818)
4408,4408,tensor(0.0567),tensor(0.0376),tensor(0.0818)
4409,4409,tensor(0.0567),tensor(0.0376),tensor(0.0818)
4410,4410,tensor(0.0567),tensor(0.0376),tensor(0.0818)
4411,4411,tensor(0.0567),tensor(0.0376),tensor(0.0818)
4412,4412,tensor(0.0567),tensor(0.0376),tensor(0.0818)
4413,4413,tensor(0.0567),tensor(0.0376),tensor(0.0818)
4414,4414,tensor(0.0567),tensor(0.0376),tensor(0.0818)
4415,4415,tensor(0.0567),tensor(0.0376),tensor(0.0818)
4416,4416,tensor(0.0567),tensor(0.0376),tensor(0.0818)
4417,4417,tensor(0.0567),tensor(0.0376),tensor(0.0818)
4418,4418,tensor(0.0567),tensor(0.0376),tensor(0.0818)
4419,4419,tensor(0.0567),tensor(0.0376),tensor(0.0818)
4420,4420,tensor(0.0567),tensor(0.0376),tensor(0.0818)
4421,4421,tensor(0.0567),tensor(0.0376),tensor(0.0818)
4422,4422,tensor(0.0567),tensor(0.0376),tensor(0.0818)
4423,4423,tensor(0.0567),tensor(0.0376),tensor(0.0818)
4424,4424,tensor(0.0567),tensor(0.0376),tensor(0.0818)
4425,4425,tensor(0.0567),tensor(0.0376),tensor(0.0818)
4426,4426,tensor(0.0567),tensor(0.0376),tensor(0.0818)
4427,4427,tensor(0.0567),tensor(0.0376),tensor(0.0818)
4428,4428,tensor(0.0567),tensor(0.0376),tensor(0.0818)
4429,4429,tensor(0.0567),tensor(0.0376),tensor(0.0818)
4430,4430,tensor(0.0567),tensor(0.0376),tensor(0.0818)
4431,4431,tensor(0.0567),tensor(0.0376),tensor(0.0818)
4432,4432,tensor(0.0567),tensor(0.0376),tensor(0.0818)
4433,4433,tensor(0.0567),tensor(0.0376),tensor(0.0818)
4434,4434,tensor(0.0567),tensor(0.0376),tensor(0.0818)
4435,4435,tensor(0.0567),tensor(0.0376),tensor(0.0818)
4436,4436,tensor(0.0567),tensor(0.0376),tensor(0.0818)
4437,4437,tensor(0.0567),tensor(0.0376),tensor(0.0818)
4438,4438,tensor(0.0567),tensor(0.0376),tensor(0.0818)
4439,4439,tensor(0.0567),tensor(0.0376),tensor(0.0818)
4440,4440,tensor(0.0567),tensor(0.0376),tensor(0.0818)
4441,4441,tensor(0.0567),tensor(0.0376),tensor(0.0818)
4442,4442,tensor(0.0567),tensor(0.0376),tensor(0.0818)
4443,4443,tensor(0.0567),tensor(0.0376),tensor(0.0818)
4444,4444,tensor(0.0567),tensor(0.0376),tensor(0.0818)
4445,4445,tensor(0.0566),tensor(0.0376),tensor(0.0818)
4446,4446,tensor(0.0566),tensor(0.0376),tensor(0.0818)
4447,4447,tensor(0.0566),tensor(0.0376),tensor(0.0818)
4448,4448,tensor(0.0566),tensor(0.0376),tensor(0.0818)
4449,4449,tensor(0.0566),tensor(0.0376),tensor(0.0818)
4450,4450,tensor(0.0566),tensor(0.0376),tensor(0.0818)
4451,4451,tensor(0.0566),tensor(0.0376),tensor(0.0818)
4452,4452,tensor(0.0566),tensor(0.0376),tensor(0.0818)
4453,4453,tensor(0.0566),tensor(0.0376),tensor(0.0818)
4454,4454,tensor(0.0566),tensor(0.0376),tensor(0.0818)
4455,4455,tensor(0.0566),tensor(0.0376),tensor(0.0818)
4456,4456,tensor(0.0566),tensor(0.0376),tensor(0.0818)
4457,4457,tensor(0.0566),tensor(0.0376),tensor(0.0818)
4458,4458,tensor(0.0566),tensor(0.0376),tensor(0.0818)
4459,4459,tensor(0.0566),tensor(0.0376),tensor(0.0818)
4460,4460,tensor(0.0566),tensor(0.0376),tensor(0.0818)
4461,4461,tensor(0.0566),tensor(0.0376),tensor(0.0818)
4462,4462,tensor(0.0566),tensor(0.0376),tensor(0.0818)
4463,4463,tensor(0.0566),tensor(0.0376),tensor(0.0818)
4464,4464,tensor(0.0566),tensor(0.0376),tensor(0.0818)
4465,4465,tensor(0.0566),tensor(0.0376),tensor(0.0818)
4466,4466,tensor(0.0566),tensor(0.0376),tensor(0.0818)
4467,4467,tensor(0.0566),tensor(0.0376),tensor(0.0818)
4468,4468,tensor(0.0566),tensor(0.0376),tensor(0.0818)
4469,4469,tensor(0.0566),tensor(0.0376),tensor(0.0818)
4470,4470,tensor(0.0566),tensor(0.0376),tensor(0.0818)
4471,4471,tensor(0.0566),tensor(0.0376),tensor(0.0818)
4472,4472,tensor(0.0566),tensor(0.0376),tensor(0.0818)
4473,4473,tensor(0.0566),tensor(0.0376),tensor(0.0818)
4474,4474,tensor(0.0566),tensor(0.0376),tensor(0.0818)
4475,4475,tensor(0.0566),tensor(0.0376),tensor(0.0818)
4476,4476,tensor(0.0566),tensor(0.0376),tensor(0.0818)
4477,4477,tensor(0.0566),tensor(0.0376),tensor(0.0818)
4478,4478,tensor(0.0566),tensor(0.0376),tensor(0.0818)
4479,4479,tensor(0.0566),tensor(0.0376),tensor(0.0818)
4480,4480,tensor(0.0566),tensor(0.0376),tensor(0.0818)
4481,4481,tensor(0.0566),tensor(0.0376),tensor(0.0818)
4482,4482,tensor(0.0566),tensor(0.0376),tensor(0.0818)
4483,4483,tensor(0.0566),tensor(0.0376),tensor(0.0818)
4484,4484,tensor(0.0566),tensor(0.0376),tensor(0.0818)
4485,4485,tensor(0.0566),tensor(0.0376),tensor(0.0818)
4486,4486,tensor(0.0565),tensor(0.0376),tensor(0.0818)
4487,4487,tensor(0.0565),tensor(0.0376),tensor(0.0818)
4488,4488,tensor(0.0565),tensor(0.0376),tensor(0.0818)
4489,4489,tensor(0.0565),tensor(0.0376),tensor(0.0818)
4490,4490,tensor(0.0565),tensor(0.0376),tensor(0.0818)
4491,4491,tensor(0.0565),tensor(0.0376),tensor(0.0818)
4492,4492,tensor(0.0565),tensor(0.0376),tensor(0.0818)
4493,4493,tensor(0.0565),tensor(0.0376),tensor(0.0818)
4494,4494,tensor(0.0565),tensor(0.0376),tensor(0.0818)
4495,4495,tensor(0.0565),tensor(0.0376),tensor(0.0818)
4496,4496,tensor(0.0565),tensor(0.0376),tensor(0.0818)
4497,4497,tensor(0.0565),tensor(0.0376),tensor(0.0818)
4498,4498,tensor(0.0565),tensor(0.0376),tensor(0.0818)
4499,4499,tensor(0.0565),tensor(0.0376),tensor(0.0818)
4500,4500,tensor(0.0565),tensor(0.0376),tensor(0.0818)
4501,4501,tensor(0.0565),tensor(0.0376),tensor(0.0818)
4502,4502,tensor(0.0565),tensor(0.0376),tensor(0.0818)
4503,4503,tensor(0.0565),tensor(0.0376),tensor(0.0818)
4504,4504,tensor(0.0565),tensor(0.0376),tensor(0.0818)
4505,4505,tensor(0.0565),tensor(0.0376),tensor(0.0818)
4506,4506,tensor(0.0565),tensor(0.0376),tensor(0.0818)
4507,4507,tensor(0.0565),tensor(0.0375),tensor(0.0818)
4508,4508,tensor(0.0565),tensor(0.0375),tensor(0.0818)
4509,4509,tensor(0.0565),tensor(0.0375),tensor(0.0818)
4510,4510,tensor(0.0565),tensor(0.0375),tensor(0.0818)
4511,4511,tensor(0.0565),tensor(0.0375),tensor(0.0818)
4512,4512,tensor(0.0565),tensor(0.0375),tensor(0.0818)
4513,4513,tensor(0.0565),tensor(0.0375),tensor(0.0818)
4514,4514,tensor(0.0565),tensor(0.0375),tensor(0.0817)
4515,4515,tensor(0.0565),tensor(0.0375),tensor(0.0817)
4516,4516,tensor(0.0565),tensor(0.0375),tensor(0.0817)
4517,4517,tensor(0.0565),tensor(0.0375),tensor(0.0817)
4518,4518,tensor(0.0565),tensor(0.0375),tensor(0.0817)
4519,4519,tensor(0.0565),tensor(0.0375),tensor(0.0817)
4520,4520,tensor(0.0565),tensor(0.0375),tensor(0.0817)
4521,4521,tensor(0.0565),tensor(0.0375),tensor(0.0817)
4522,4522,tensor(0.0565),tensor(0.0375),tensor(0.0817)
4523,4523,tensor(0.0565),tensor(0.0375),tensor(0.0817)
4524,4524,tensor(0.0565),tensor(0.0375),tensor(0.0817)
4525,4525,tensor(0.0565),tensor(0.0375),tensor(0.0817)
4526,4526,tensor(0.0564),tensor(0.0375),tensor(0.0817)
4527,4527,tensor(0.0564),tensor(0.0375),tensor(0.0817)
4528,4528,tensor(0.0564),tensor(0.0375),tensor(0.0817)
4529,4529,tensor(0.0564),tensor(0.0375),tensor(0.0817)
4530,4530,tensor(0.0564),tensor(0.0375),tensor(0.0817)
4531,4531,tensor(0.0564),tensor(0.0375),tensor(0.0817)
4532,4532,tensor(0.0564),tensor(0.0375),tensor(0.0817)
4533,4533,tensor(0.0564),tensor(0.0375),tensor(0.0817)
4534,4534,tensor(0.0564),tensor(0.0375),tensor(0.0817)
4535,4535,tensor(0.0564),tensor(0.0375),tensor(0.0817)
4536,4536,tensor(0.0564),tensor(0.0375),tensor(0.0817)
4537,4537,tensor(0.0564),tensor(0.0375),tensor(0.0817)
4538,4538,tensor(0.0564),tensor(0.0375),tensor(0.0817)
4539,4539,tensor(0.0564),tensor(0.0375),tensor(0.0817)
4540,4540,tensor(0.0564),tensor(0.0375),tensor(0.0817)
4541,4541,tensor(0.0564),tensor(0.0375),tensor(0.0817)
4542,4542,tensor(0.0564),tensor(0.0375),tensor(0.0817)
4543,4543,tensor(0.0564),tensor(0.0375),tensor(0.0817)
4544,4544,tensor(0.0564),tensor(0.0375),tensor(0.0817)
4545,4545,tensor(0.0564),tensor(0.0375),tensor(0.0817)
4546,4546,tensor(0.0564),tensor(0.0375),tensor(0.0817)
4547,4547,tensor(0.0564),tensor(0.0375),tensor(0.0817)
4548,4548,tensor(0.0564),tensor(0.0375),tensor(0.0817)
4549,4549,tensor(0.0564),tensor(0.0375),tensor(0.0817)
4550,4550,tensor(0.0564),tensor(0.0375),tensor(0.0817)
4551,4551,tensor(0.0564),tensor(0.0375),tensor(0.0817)
4552,4552,tensor(0.0564),tensor(0.0375),tensor(0.0817)
4553,4553,tensor(0.0564),tensor(0.0375),tensor(0.0817)
4554,4554,tensor(0.0564),tensor(0.0375),tensor(0.0817)
4555,4555,tensor(0.0564),tensor(0.0375),tensor(0.0817)
4556,4556,tensor(0.0564),tensor(0.0375),tensor(0.0817)
4557,4557,tensor(0.0564),tensor(0.0375),tensor(0.0817)
4558,4558,tensor(0.0564),tensor(0.0375),tensor(0.0817)
4559,4559,tensor(0.0564),tensor(0.0375),tensor(0.0817)
4560,4560,tensor(0.0564),tensor(0.0375),tensor(0.0817)
4561,4561,tensor(0.0564),tensor(0.0375),tensor(0.0817)
4562,4562,tensor(0.0564),tensor(0.0375),tensor(0.0817)
4563,4563,tensor(0.0564),tensor(0.0375),tensor(0.0817)
4564,4564,tensor(0.0564),tensor(0.0375),tensor(0.0817)
4565,4565,tensor(0.0564),tensor(0.0375),tensor(0.0817)
4566,4566,tensor(0.0564),tensor(0.0375),tensor(0.0817)
4567,4567,tensor(0.0563),tensor(0.0375),tensor(0.0817)
4568,4568,tensor(0.0563),tensor(0.0375),tensor(0.0817)
4569,4569,tensor(0.0563),tensor(0.0375),tensor(0.0817)
4570,4570,tensor(0.0563),tensor(0.0375),tensor(0.0817)
4571,4571,tensor(0.0563),tensor(0.0375),tensor(0.0817)
4572,4572,tensor(0.0563),tensor(0.0375),tensor(0.0817)
4573,4573,tensor(0.0563),tensor(0.0375),tensor(0.0817)
4574,4574,tensor(0.0563),tensor(0.0375),tensor(0.0817)
4575,4575,tensor(0.0563),tensor(0.0375),tensor(0.0817)
4576,4576,tensor(0.0563),tensor(0.0375),tensor(0.0817)
4577,4577,tensor(0.0563),tensor(0.0375),tensor(0.0817)
4578,4578,tensor(0.0563),tensor(0.0375),tensor(0.0817)
4579,4579,tensor(0.0563),tensor(0.0375),tensor(0.0817)
4580,4580,tensor(0.0563),tensor(0.0375),tensor(0.0817)
4581,4581,tensor(0.0563),tensor(0.0375),tensor(0.0817)
4582,4582,tensor(0.0563),tensor(0.0375),tensor(0.0817)
4583,4583,tensor(0.0563),tensor(0.0375),tensor(0.0817)
4584,4584,tensor(0.0563),tensor(0.0375),tensor(0.0817)
4585,4585,tensor(0.0563),tensor(0.0375),tensor(0.0817)
4586,4586,tensor(0.0563),tensor(0.0375),tensor(0.0817)
4587,4587,tensor(0.0563),tensor(0.0375),tensor(0.0817)
4588,4588,tensor(0.0563),tensor(0.0375),tensor(0.0817)
4589,4589,tensor(0.0563),tensor(0.0375),tensor(0.0817)
4590,4590,tensor(0.0563),tensor(0.0375),tensor(0.0817)
4591,4591,tensor(0.0563),tensor(0.0375),tensor(0.0817)
4592,4592,tensor(0.0563),tensor(0.0375),tensor(0.0817)
4593,4593,tensor(0.0563),tensor(0.0375),tensor(0.0817)
4594,4594,tensor(0.0563),tensor(0.0375),tensor(0.0817)
4595,4595,tensor(0.0563),tensor(0.0375),tensor(0.0817)
4596,4596,tensor(0.0563),tensor(0.0375),tensor(0.0817)
4597,4597,tensor(0.0563),tensor(0.0375),tensor(0.0817)
4598,4598,tensor(0.0563),tensor(0.0375),tensor(0.0817)
4599,4599,tensor(0.0563),tensor(0.0375),tensor(0.0817)
4600,4600,tensor(0.0563),tensor(0.0375),tensor(0.0817)
4601,4601,tensor(0.0563),tensor(0.0375),tensor(0.0817)
4602,4602,tensor(0.0563),tensor(0.0375),tensor(0.0817)
4603,4603,tensor(0.0563),tensor(0.0375),tensor(0.0817)
4604,4604,tensor(0.0563),tensor(0.0375),tensor(0.0817)
4605,4605,tensor(0.0563),tensor(0.0375),tensor(0.0817)
4606,4606,tensor(0.0563),tensor(0.0375),tensor(0.0817)
4607,4607,tensor(0.0563),tensor(0.0375),tensor(0.0817)
4608,4608,tensor(0.0563),tensor(0.0375),tensor(0.0817)
4609,4609,tensor(0.0562),tensor(0.0375),tensor(0.0817)
4610,4610,tensor(0.0562),tensor(0.0375),tensor(0.0817)
4611,4611,tensor(0.0562),tensor(0.0375),tensor(0.0817)
4612,4612,tensor(0.0562),tensor(0.0374),tensor(0.0817)
4613,4613,tensor(0.0562),tensor(0.0374),tensor(0.0817)
4614,4614,tensor(0.0562),tensor(0.0374),tensor(0.0817)
4615,4615,tensor(0.0562),tensor(0.0374),tensor(0.0817)
4616,4616,tensor(0.0562),tensor(0.0374),tensor(0.0817)
4617,4617,tensor(0.0562),tensor(0.0374),tensor(0.0817)
4618,4618,tensor(0.0562),tensor(0.0374),tensor(0.0817)
4619,4619,tensor(0.0562),tensor(0.0374),tensor(0.0817)
4620,4620,tensor(0.0562),tensor(0.0374),tensor(0.0817)
4621,4621,tensor(0.0562),tensor(0.0374),tensor(0.0817)
4622,4622,tensor(0.0562),tensor(0.0374),tensor(0.0817)
4623,4623,tensor(0.0562),tensor(0.0374),tensor(0.0817)
4624,4624,tensor(0.0562),tensor(0.0374),tensor(0.0817)
4625,4625,tensor(0.0562),tensor(0.0374),tensor(0.0817)
4626,4626,tensor(0.0562),tensor(0.0374),tensor(0.0817)
4627,4627,tensor(0.0562),tensor(0.0374),tensor(0.0817)
4628,4628,tensor(0.0562),tensor(0.0374),tensor(0.0817)
4629,4629,tensor(0.0562),tensor(0.0374),tensor(0.0817)
4630,4630,tensor(0.0562),tensor(0.0374),tensor(0.0817)
4631,4631,tensor(0.0562),tensor(0.0374),tensor(0.0817)
4632,4632,tensor(0.0562),tensor(0.0374),tensor(0.0817)
4633,4633,tensor(0.0562),tensor(0.0374),tensor(0.0817)
4634,4634,tensor(0.0562),tensor(0.0374),tensor(0.0817)
4635,4635,tensor(0.0562),tensor(0.0374),tensor(0.0817)
4636,4636,tensor(0.0562),tensor(0.0374),tensor(0.0817)
4637,4637,tensor(0.0562),tensor(0.0374),tensor(0.0817)
4638,4638,tensor(0.0562),tensor(0.0374),tensor(0.0817)
4639,4639,tensor(0.0562),tensor(0.0374),tensor(0.0817)
4640,4640,tensor(0.0562),tensor(0.0374),tensor(0.0817)
4641,4641,tensor(0.0562),tensor(0.0374),tensor(0.0817)
4642,4642,tensor(0.0562),tensor(0.0374),tensor(0.0817)
4643,4643,tensor(0.0562),tensor(0.0374),tensor(0.0817)
4644,4644,tensor(0.0562),tensor(0.0374),tensor(0.0817)
4645,4645,tensor(0.0562),tensor(0.0374),tensor(0.0817)
4646,4646,tensor(0.0562),tensor(0.0374),tensor(0.0817)
4647,4647,tensor(0.0562),tensor(0.0374),tensor(0.0817)
4648,4648,tensor(0.0562),tensor(0.0374),tensor(0.0817)
4649,4649,tensor(0.0562),tensor(0.0374),tensor(0.0817)
4650,4650,tensor(0.0561),tensor(0.0374),tensor(0.0817)
4651,4651,tensor(0.0561),tensor(0.0374),tensor(0.0817)
4652,4652,tensor(0.0561),tensor(0.0374),tensor(0.0817)
4653,4653,tensor(0.0561),tensor(0.0374),tensor(0.0817)
4654,4654,tensor(0.0561),tensor(0.0374),tensor(0.0817)
4655,4655,tensor(0.0561),tensor(0.0374),tensor(0.0817)
4656,4656,tensor(0.0561),tensor(0.0374),tensor(0.0817)
4657,4657,tensor(0.0561),tensor(0.0374),tensor(0.0817)
4658,4658,tensor(0.0561),tensor(0.0374),tensor(0.0817)
4659,4659,tensor(0.0561),tensor(0.0374),tensor(0.0817)
4660,4660,tensor(0.0561),tensor(0.0374),tensor(0.0817)
4661,4661,tensor(0.0561),tensor(0.0374),tensor(0.0817)
4662,4662,tensor(0.0561),tensor(0.0374),tensor(0.0817)
4663,4663,tensor(0.0561),tensor(0.0374),tensor(0.0817)
4664,4664,tensor(0.0561),tensor(0.0374),tensor(0.0817)
4665,4665,tensor(0.0561),tensor(0.0374),tensor(0.0817)
4666,4666,tensor(0.0561),tensor(0.0374),tensor(0.0817)
4667,4667,tensor(0.0561),tensor(0.0374),tensor(0.0817)
4668,4668,tensor(0.0561),tensor(0.0374),tensor(0.0817)
4669,4669,tensor(0.0561),tensor(0.0374),tensor(0.0817)
4670,4670,tensor(0.0561),tensor(0.0374),tensor(0.0817)
4671,4671,tensor(0.0561),tensor(0.0374),tensor(0.0817)
4672,4672,tensor(0.0561),tensor(0.0374),tensor(0.0817)
4673,4673,tensor(0.0561),tensor(0.0374),tensor(0.0817)
4674,4674,tensor(0.0561),tensor(0.0374),tensor(0.0817)
4675,4675,tensor(0.0561),tensor(0.0374),tensor(0.0817)
4676,4676,tensor(0.0561),tensor(0.0374),tensor(0.0817)
4677,4677,tensor(0.0561),tensor(0.0374),tensor(0.0817)
4678,4678,tensor(0.0561),tensor(0.0374),tensor(0.0817)
4679,4679,tensor(0.0561),tensor(0.0374),tensor(0.0817)
4680,4680,tensor(0.0561),tensor(0.0374),tensor(0.0817)
4681,4681,tensor(0.0561),tensor(0.0374),tensor(0.0817)
4682,4682,tensor(0.0561),tensor(0.0374),tensor(0.0817)
4683,4683,tensor(0.0561),tensor(0.0374),tensor(0.0817)
4684,4684,tensor(0.0561),tensor(0.0374),tensor(0.0817)
4685,4685,tensor(0.0561),tensor(0.0374),tensor(0.0817)
4686,4686,tensor(0.0561),tensor(0.0374),tensor(0.0817)
4687,4687,tensor(0.0561),tensor(0.0374),tensor(0.0817)
4688,4688,tensor(0.0561),tensor(0.0374),tensor(0.0817)
4689,4689,tensor(0.0561),tensor(0.0374),tensor(0.0817)
4690,4690,tensor(0.0561),tensor(0.0374),tensor(0.0817)
4691,4691,tensor(0.0561),tensor(0.0374),tensor(0.0817)
4692,4692,tensor(0.0560),tensor(0.0374),tensor(0.0817)
4693,4693,tensor(0.0560),tensor(0.0374),tensor(0.0817)
4694,4694,tensor(0.0560),tensor(0.0374),tensor(0.0817)
4695,4695,tensor(0.0560),tensor(0.0374),tensor(0.0817)
4696,4696,tensor(0.0560),tensor(0.0374),tensor(0.0817)
4697,4697,tensor(0.0560),tensor(0.0374),tensor(0.0817)
4698,4698,tensor(0.0560),tensor(0.0374),tensor(0.0817)
4699,4699,tensor(0.0560),tensor(0.0374),tensor(0.0817)
4700,4700,tensor(0.0560),tensor(0.0374),tensor(0.0817)
4701,4701,tensor(0.0560),tensor(0.0374),tensor(0.0817)
4702,4702,tensor(0.0560),tensor(0.0374),tensor(0.0817)
4703,4703,tensor(0.0560),tensor(0.0374),tensor(0.0817)
4704,4704,tensor(0.0560),tensor(0.0374),tensor(0.0817)
4705,4705,tensor(0.0560),tensor(0.0374),tensor(0.0817)
4706,4706,tensor(0.0560),tensor(0.0374),tensor(0.0817)
4707,4707,tensor(0.0560),tensor(0.0374),tensor(0.0817)
4708,4708,tensor(0.0560),tensor(0.0374),tensor(0.0817)
4709,4709,tensor(0.0560),tensor(0.0374),tensor(0.0817)
4710,4710,tensor(0.0560),tensor(0.0374),tensor(0.0817)
4711,4711,tensor(0.0560),tensor(0.0374),tensor(0.0817)
4712,4712,tensor(0.0560),tensor(0.0374),tensor(0.0817)
4713,4713,tensor(0.0560),tensor(0.0374),tensor(0.0817)
4714,4714,tensor(0.0560),tensor(0.0374),tensor(0.0817)
4715,4715,tensor(0.0560),tensor(0.0374),tensor(0.0817)
4716,4716,tensor(0.0560),tensor(0.0373),tensor(0.0817)
4717,4717,tensor(0.0560),tensor(0.0373),tensor(0.0817)
4718,4718,tensor(0.0560),tensor(0.0373),tensor(0.0817)
4719,4719,tensor(0.0560),tensor(0.0373),tensor(0.0817)
4720,4720,tensor(0.0560),tensor(0.0373),tensor(0.0817)
4721,4721,tensor(0.0560),tensor(0.0373),tensor(0.0817)
4722,4722,tensor(0.0560),tensor(0.0373),tensor(0.0817)
4723,4723,tensor(0.0560),tensor(0.0373),tensor(0.0817)
4724,4724,tensor(0.0560),tensor(0.0373),tensor(0.0817)
4725,4725,tensor(0.0560),tensor(0.0373),tensor(0.0817)
4726,4726,tensor(0.0560),tensor(0.0373),tensor(0.0817)
4727,4727,tensor(0.0560),tensor(0.0373),tensor(0.0817)
4728,4728,tensor(0.0560),tensor(0.0373),tensor(0.0817)
4729,4729,tensor(0.0560),tensor(0.0373),tensor(0.0817)
4730,4730,tensor(0.0560),tensor(0.0373),tensor(0.0817)
4731,4731,tensor(0.0560),tensor(0.0373),tensor(0.0817)
4732,4732,tensor(0.0560),tensor(0.0373),tensor(0.0817)
4733,4733,tensor(0.0560),tensor(0.0373),tensor(0.0817)
4734,4734,tensor(0.0560),tensor(0.0373),tensor(0.0816)
4735,4735,tensor(0.0559),tensor(0.0373),tensor(0.0816)
4736,4736,tensor(0.0559),tensor(0.0373),tensor(0.0816)
4737,4737,tensor(0.0559),tensor(0.0373),tensor(0.0816)
4738,4738,tensor(0.0559),tensor(0.0373),tensor(0.0816)
4739,4739,tensor(0.0559),tensor(0.0373),tensor(0.0816)
4740,4740,tensor(0.0559),tensor(0.0373),tensor(0.0816)
4741,4741,tensor(0.0559),tensor(0.0373),tensor(0.0816)
4742,4742,tensor(0.0559),tensor(0.0373),tensor(0.0816)
4743,4743,tensor(0.0559),tensor(0.0373),tensor(0.0816)
4744,4744,tensor(0.0559),tensor(0.0373),tensor(0.0816)
4745,4745,tensor(0.0559),tensor(0.0373),tensor(0.0816)
4746,4746,tensor(0.0559),tensor(0.0373),tensor(0.0816)
4747,4747,tensor(0.0559),tensor(0.0373),tensor(0.0816)
4748,4748,tensor(0.0559),tensor(0.0373),tensor(0.0816)
4749,4749,tensor(0.0559),tensor(0.0373),tensor(0.0816)
4750,4750,tensor(0.0559),tensor(0.0373),tensor(0.0816)
4751,4751,tensor(0.0559),tensor(0.0373),tensor(0.0816)
4752,4752,tensor(0.0559),tensor(0.0373),tensor(0.0816)
4753,4753,tensor(0.0559),tensor(0.0373),tensor(0.0816)
4754,4754,tensor(0.0559),tensor(0.0373),tensor(0.0816)
4755,4755,tensor(0.0559),tensor(0.0373),tensor(0.0816)
4756,4756,tensor(0.0559),tensor(0.0373),tensor(0.0816)
4757,4757,tensor(0.0559),tensor(0.0373),tensor(0.0816)
4758,4758,tensor(0.0559),tensor(0.0373),tensor(0.0816)
4759,4759,tensor(0.0559),tensor(0.0373),tensor(0.0816)
4760,4760,tensor(0.0559),tensor(0.0373),tensor(0.0816)
4761,4761,tensor(0.0559),tensor(0.0373),tensor(0.0816)
4762,4762,tensor(0.0559),tensor(0.0373),tensor(0.0816)
4763,4763,tensor(0.0559),tensor(0.0373),tensor(0.0816)
4764,4764,tensor(0.0559),tensor(0.0373),tensor(0.0816)
4765,4765,tensor(0.0559),tensor(0.0373),tensor(0.0816)
4766,4766,tensor(0.0559),tensor(0.0373),tensor(0.0816)
4767,4767,tensor(0.0559),tensor(0.0373),tensor(0.0816)
4768,4768,tensor(0.0559),tensor(0.0373),tensor(0.0816)
4769,4769,tensor(0.0559),tensor(0.0373),tensor(0.0816)
4770,4770,tensor(0.0559),tensor(0.0373),tensor(0.0816)
4771,4771,tensor(0.0559),tensor(0.0373),tensor(0.0816)
4772,4772,tensor(0.0559),tensor(0.0373),tensor(0.0816)
4773,4773,tensor(0.0559),tensor(0.0373),tensor(0.0816)
4774,4774,tensor(0.0559),tensor(0.0373),tensor(0.0816)
4775,4775,tensor(0.0559),tensor(0.0373),tensor(0.0816)
4776,4776,tensor(0.0559),tensor(0.0373),tensor(0.0816)
4777,4777,tensor(0.0558),tensor(0.0373),tensor(0.0816)
4778,4778,tensor(0.0558),tensor(0.0373),tensor(0.0816)
4779,4779,tensor(0.0558),tensor(0.0373),tensor(0.0816)
4780,4780,tensor(0.0558),tensor(0.0373),tensor(0.0816)
4781,4781,tensor(0.0558),tensor(0.0373),tensor(0.0816)
4782,4782,tensor(0.0558),tensor(0.0373),tensor(0.0816)
4783,4783,tensor(0.0558),tensor(0.0373),tensor(0.0816)
4784,4784,tensor(0.0558),tensor(0.0373),tensor(0.0816)
4785,4785,tensor(0.0558),tensor(0.0373),tensor(0.0816)
4786,4786,tensor(0.0558),tensor(0.0373),tensor(0.0816)
4787,4787,tensor(0.0558),tensor(0.0373),tensor(0.0816)
4788,4788,tensor(0.0558),tensor(0.0373),tensor(0.0816)
4789,4789,tensor(0.0558),tensor(0.0373),tensor(0.0816)
4790,4790,tensor(0.0558),tensor(0.0373),tensor(0.0816)
4791,4791,tensor(0.0558),tensor(0.0373),tensor(0.0816)
4792,4792,tensor(0.0558),tensor(0.0373),tensor(0.0816)
4793,4793,tensor(0.0558),tensor(0.0373),tensor(0.0816)
4794,4794,tensor(0.0558),tensor(0.0373),tensor(0.0816)
4795,4795,tensor(0.0558),tensor(0.0373),tensor(0.0816)
4796,4796,tensor(0.0558),tensor(0.0373),tensor(0.0816)
4797,4797,tensor(0.0558),tensor(0.0373),tensor(0.0816)
4798,4798,tensor(0.0558),tensor(0.0373),tensor(0.0816)
4799,4799,tensor(0.0558),tensor(0.0373),tensor(0.0816)
4800,4800,tensor(0.0558),tensor(0.0373),tensor(0.0816)
4801,4801,tensor(0.0558),tensor(0.0373),tensor(0.0816)
4802,4802,tensor(0.0558),tensor(0.0373),tensor(0.0816)
4803,4803,tensor(0.0558),tensor(0.0373),tensor(0.0816)
4804,4804,tensor(0.0558),tensor(0.0373),tensor(0.0816)
4805,4805,tensor(0.0558),tensor(0.0373),tensor(0.0816)
4806,4806,tensor(0.0558),tensor(0.0373),tensor(0.0816)
4807,4807,tensor(0.0558),tensor(0.0373),tensor(0.0816)
4808,4808,tensor(0.0558),tensor(0.0373),tensor(0.0816)
4809,4809,tensor(0.0558),tensor(0.0373),tensor(0.0816)
4810,4810,tensor(0.0558),tensor(0.0373),tensor(0.0816)
4811,4811,tensor(0.0558),tensor(0.0373),tensor(0.0816)
4812,4812,tensor(0.0558),tensor(0.0373),tensor(0.0816)
4813,4813,tensor(0.0558),tensor(0.0373),tensor(0.0816)
4814,4814,tensor(0.0558),tensor(0.0373),tensor(0.0816)
4815,4815,tensor(0.0558),tensor(0.0373),tensor(0.0816)
4816,4816,tensor(0.0558),tensor(0.0373),tensor(0.0816)
4817,4817,tensor(0.0558),tensor(0.0373),tensor(0.0816)
4818,4818,tensor(0.0558),tensor(0.0373),tensor(0.0816)
4819,4819,tensor(0.0558),tensor(0.0372),tensor(0.0816)
4820,4820,tensor(0.0557),tensor(0.0372),tensor(0.0816)
4821,4821,tensor(0.0557),tensor(0.0372),tensor(0.0816)
4822,4822,tensor(0.0557),tensor(0.0372),tensor(0.0816)
4823,4823,tensor(0.0557),tensor(0.0372),tensor(0.0816)
4824,4824,tensor(0.0557),tensor(0.0372),tensor(0.0816)
4825,4825,tensor(0.0557),tensor(0.0372),tensor(0.0816)
4826,4826,tensor(0.0557),tensor(0.0372),tensor(0.0816)
4827,4827,tensor(0.0557),tensor(0.0372),tensor(0.0816)
4828,4828,tensor(0.0557),tensor(0.0372),tensor(0.0816)
4829,4829,tensor(0.0557),tensor(0.0372),tensor(0.0816)
4830,4830,tensor(0.0557),tensor(0.0372),tensor(0.0816)
4831,4831,tensor(0.0557),tensor(0.0372),tensor(0.0816)
4832,4832,tensor(0.0557),tensor(0.0372),tensor(0.0816)
4833,4833,tensor(0.0557),tensor(0.0372),tensor(0.0816)
4834,4834,tensor(0.0557),tensor(0.0372),tensor(0.0816)
4835,4835,tensor(0.0557),tensor(0.0372),tensor(0.0816)
4836,4836,tensor(0.0557),tensor(0.0372),tensor(0.0816)
4837,4837,tensor(0.0557),tensor(0.0372),tensor(0.0816)
4838,4838,tensor(0.0557),tensor(0.0372),tensor(0.0816)
4839,4839,tensor(0.0557),tensor(0.0372),tensor(0.0816)
4840,4840,tensor(0.0557),tensor(0.0372),tensor(0.0816)
4841,4841,tensor(0.0557),tensor(0.0372),tensor(0.0816)
4842,4842,tensor(0.0557),tensor(0.0372),tensor(0.0816)
4843,4843,tensor(0.0557),tensor(0.0372),tensor(0.0816)
4844,4844,tensor(0.0557),tensor(0.0372),tensor(0.0816)
4845,4845,tensor(0.0557),tensor(0.0372),tensor(0.0816)
4846,4846,tensor(0.0557),tensor(0.0372),tensor(0.0816)
4847,4847,tensor(0.0557),tensor(0.0372),tensor(0.0816)
4848,4848,tensor(0.0557),tensor(0.0372),tensor(0.0816)
4849,4849,tensor(0.0557),tensor(0.0372),tensor(0.0816)
4850,4850,tensor(0.0557),tensor(0.0372),tensor(0.0816)
4851,4851,tensor(0.0557),tensor(0.0372),tensor(0.0816)
4852,4852,tensor(0.0557),tensor(0.0372),tensor(0.0816)
4853,4853,tensor(0.0557),tensor(0.0372),tensor(0.0816)
4854,4854,tensor(0.0557),tensor(0.0372),tensor(0.0816)
4855,4855,tensor(0.0557),tensor(0.0372),tensor(0.0816)
4856,4856,tensor(0.0557),tensor(0.0372),tensor(0.0816)
4857,4857,tensor(0.0557),tensor(0.0372),tensor(0.0816)
4858,4858,tensor(0.0557),tensor(0.0372),tensor(0.0816)
4859,4859,tensor(0.0557),tensor(0.0372),tensor(0.0816)
4860,4860,tensor(0.0557),tensor(0.0372),tensor(0.0816)
4861,4861,tensor(0.0557),tensor(0.0372),tensor(0.0816)
4862,4862,tensor(0.0557),tensor(0.0372),tensor(0.0816)
4863,4863,tensor(0.0557),tensor(0.0372),tensor(0.0816)
4864,4864,tensor(0.0556),tensor(0.0372),tensor(0.0816)
4865,4865,tensor(0.0556),tensor(0.0372),tensor(0.0816)
4866,4866,tensor(0.0556),tensor(0.0372),tensor(0.0816)
4867,4867,tensor(0.0556),tensor(0.0372),tensor(0.0816)
4868,4868,tensor(0.0556),tensor(0.0372),tensor(0.0816)
4869,4869,tensor(0.0556),tensor(0.0372),tensor(0.0816)
4870,4870,tensor(0.0556),tensor(0.0372),tensor(0.0816)
4871,4871,tensor(0.0556),tensor(0.0372),tensor(0.0816)
4872,4872,tensor(0.0556),tensor(0.0372),tensor(0.0816)
4873,4873,tensor(0.0556),tensor(0.0372),tensor(0.0816)
4874,4874,tensor(0.0556),tensor(0.0372),tensor(0.0816)
4875,4875,tensor(0.0556),tensor(0.0372),tensor(0.0816)
4876,4876,tensor(0.0556),tensor(0.0372),tensor(0.0816)
4877,4877,tensor(0.0556),tensor(0.0372),tensor(0.0816)
4878,4878,tensor(0.0556),tensor(0.0372),tensor(0.0816)
4879,4879,tensor(0.0556),tensor(0.0372),tensor(0.0816)
4880,4880,tensor(0.0556),tensor(0.0372),tensor(0.0816)
4881,4881,tensor(0.0556),tensor(0.0372),tensor(0.0816)
4882,4882,tensor(0.0556),tensor(0.0372),tensor(0.0816)
4883,4883,tensor(0.0556),tensor(0.0372),tensor(0.0816)
4884,4884,tensor(0.0556),tensor(0.0372),tensor(0.0816)
4885,4885,tensor(0.0556),tensor(0.0372),tensor(0.0816)
4886,4886,tensor(0.0556),tensor(0.0372),tensor(0.0816)
4887,4887,tensor(0.0556),tensor(0.0372),tensor(0.0816)
4888,4888,tensor(0.0556),tensor(0.0372),tensor(0.0816)
4889,4889,tensor(0.0556),tensor(0.0372),tensor(0.0816)
4890,4890,tensor(0.0556),tensor(0.0372),tensor(0.0816)
4891,4891,tensor(0.0556),tensor(0.0372),tensor(0.0816)
4892,4892,tensor(0.0556),tensor(0.0372),tensor(0.0816)
4893,4893,tensor(0.0556),tensor(0.0372),tensor(0.0816)
4894,4894,tensor(0.0556),tensor(0.0372),tensor(0.0816)
4895,4895,tensor(0.0556),tensor(0.0372),tensor(0.0816)
4896,4896,tensor(0.0556),tensor(0.0372),tensor(0.0816)
4897,4897,tensor(0.0556),tensor(0.0372),tensor(0.0816)
4898,4898,tensor(0.0556),tensor(0.0372),tensor(0.0816)
4899,4899,tensor(0.0556),tensor(0.0372),tensor(0.0816)
4900,4900,tensor(0.0556),tensor(0.0372),tensor(0.0816)
4901,4901,tensor(0.0556),tensor(0.0372),tensor(0.0816)
4902,4902,tensor(0.0556),tensor(0.0372),tensor(0.0816)
4903,4903,tensor(0.0556),tensor(0.0372),tensor(0.0816)
4904,4904,tensor(0.0556),tensor(0.0372),tensor(0.0816)
4905,4905,tensor(0.0556),tensor(0.0372),tensor(0.0816)
4906,4906,tensor(0.0556),tensor(0.0372),tensor(0.0816)
4907,4907,tensor(0.0556),tensor(0.0372),tensor(0.0816)
4908,4908,tensor(0.0555),tensor(0.0372),tensor(0.0816)
4909,4909,tensor(0.0555),tensor(0.0372),tensor(0.0816)
4910,4910,tensor(0.0555),tensor(0.0372),tensor(0.0816)
4911,4911,tensor(0.0555),tensor(0.0372),tensor(0.0816)
4912,4912,tensor(0.0555),tensor(0.0372),tensor(0.0816)
4913,4913,tensor(0.0555),tensor(0.0372),tensor(0.0816)
4914,4914,tensor(0.0555),tensor(0.0372),tensor(0.0816)
4915,4915,tensor(0.0555),tensor(0.0372),tensor(0.0816)
4916,4916,tensor(0.0555),tensor(0.0372),tensor(0.0816)
4917,4917,tensor(0.0555),tensor(0.0372),tensor(0.0816)
4918,4918,tensor(0.0555),tensor(0.0372),tensor(0.0816)
4919,4919,tensor(0.0555),tensor(0.0372),tensor(0.0816)
4920,4920,tensor(0.0555),tensor(0.0372),tensor(0.0816)
4921,4921,tensor(0.0555),tensor(0.0372),tensor(0.0816)
4922,4922,tensor(0.0555),tensor(0.0371),tensor(0.0816)
4923,4923,tensor(0.0555),tensor(0.0371),tensor(0.0816)
4924,4924,tensor(0.0555),tensor(0.0371),tensor(0.0816)
4925,4925,tensor(0.0555),tensor(0.0371),tensor(0.0816)
4926,4926,tensor(0.0555),tensor(0.0371),tensor(0.0816)
4927,4927,tensor(0.0555),tensor(0.0371),tensor(0.0816)
4928,4928,tensor(0.0555),tensor(0.0371),tensor(0.0816)
4929,4929,tensor(0.0555),tensor(0.0371),tensor(0.0816)
4930,4930,tensor(0.0555),tensor(0.0371),tensor(0.0816)
4931,4931,tensor(0.0555),tensor(0.0371),tensor(0.0816)
4932,4932,tensor(0.0555),tensor(0.0371),tensor(0.0816)
4933,4933,tensor(0.0555),tensor(0.0371),tensor(0.0816)
4934,4934,tensor(0.0555),tensor(0.0371),tensor(0.0816)
4935,4935,tensor(0.0555),tensor(0.0371),tensor(0.0816)
4936,4936,tensor(0.0555),tensor(0.0371),tensor(0.0816)
4937,4937,tensor(0.0555),tensor(0.0371),tensor(0.0816)
4938,4938,tensor(0.0555),tensor(0.0371),tensor(0.0816)
4939,4939,tensor(0.0555),tensor(0.0371),tensor(0.0816)
4940,4940,tensor(0.0555),tensor(0.0371),tensor(0.0816)
4941,4941,tensor(0.0555),tensor(0.0371),tensor(0.0816)
4942,4942,tensor(0.0555),tensor(0.0371),tensor(0.0816)
4943,4943,tensor(0.0555),tensor(0.0371),tensor(0.0816)
4944,4944,tensor(0.0555),tensor(0.0371),tensor(0.0816)
4945,4945,tensor(0.0555),tensor(0.0371),tensor(0.0816)
4946,4946,tensor(0.0555),tensor(0.0371),tensor(0.0816)
4947,4947,tensor(0.0555),tensor(0.0371),tensor(0.0816)
4948,4948,tensor(0.0555),tensor(0.0371),tensor(0.0816)
4949,4949,tensor(0.0555),tensor(0.0371),tensor(0.0815)
4950,4950,tensor(0.0555),tensor(0.0371),tensor(0.0815)
4951,4951,tensor(0.0555),tensor(0.0371),tensor(0.0815)
4952,4952,tensor(0.0554),tensor(0.0371),tensor(0.0815)
4953,4953,tensor(0.0554),tensor(0.0371),tensor(0.0815)
4954,4954,tensor(0.0554),tensor(0.0371),tensor(0.0815)
4955,4955,tensor(0.0554),tensor(0.0371),tensor(0.0815)
4956,4956,tensor(0.0554),tensor(0.0371),tensor(0.0815)
4957,4957,tensor(0.0554),tensor(0.0371),tensor(0.0815)
4958,4958,tensor(0.0554),tensor(0.0371),tensor(0.0815)
4959,4959,tensor(0.0554),tensor(0.0371),tensor(0.0815)
4960,4960,tensor(0.0554),tensor(0.0371),tensor(0.0815)
4961,4961,tensor(0.0554),tensor(0.0371),tensor(0.0815)
4962,4962,tensor(0.0554),tensor(0.0371),tensor(0.0815)
4963,4963,tensor(0.0554),tensor(0.0371),tensor(0.0815)
4964,4964,tensor(0.0554),tensor(0.0371),tensor(0.0815)
4965,4965,tensor(0.0554),tensor(0.0371),tensor(0.0815)
4966,4966,tensor(0.0554),tensor(0.0371),tensor(0.0815)
4967,4967,tensor(0.0554),tensor(0.0371),tensor(0.0815)
4968,4968,tensor(0.0554),tensor(0.0371),tensor(0.0815)
4969,4969,tensor(0.0554),tensor(0.0371),tensor(0.0815)
4970,4970,tensor(0.0554),tensor(0.0371),tensor(0.0815)
4971,4971,tensor(0.0554),tensor(0.0371),tensor(0.0815)
4972,4972,tensor(0.0554),tensor(0.0371),tensor(0.0815)
4973,4973,tensor(0.0554),tensor(0.0371),tensor(0.0815)
4974,4974,tensor(0.0554),tensor(0.0371),tensor(0.0815)
4975,4975,tensor(0.0554),tensor(0.0371),tensor(0.0815)
4976,4976,tensor(0.0554),tensor(0.0371),tensor(0.0815)
4977,4977,tensor(0.0554),tensor(0.0371),tensor(0.0815)
4978,4978,tensor(0.0554),tensor(0.0371),tensor(0.0815)
4979,4979,tensor(0.0554),tensor(0.0371),tensor(0.0815)
4980,4980,tensor(0.0554),tensor(0.0371),tensor(0.0815)
4981,4981,tensor(0.0554),tensor(0.0371),tensor(0.0815)
4982,4982,tensor(0.0554),tensor(0.0371),tensor(0.0815)
4983,4983,tensor(0.0554),tensor(0.0371),tensor(0.0815)
4984,4984,tensor(0.0554),tensor(0.0371),tensor(0.0815)
4985,4985,tensor(0.0554),tensor(0.0371),tensor(0.0815)
4986,4986,tensor(0.0554),tensor(0.0371),tensor(0.0815)
4987,4987,tensor(0.0554),tensor(0.0371),tensor(0.0815)
4988,4988,tensor(0.0554),tensor(0.0371),tensor(0.0815)
4989,4989,tensor(0.0554),tensor(0.0371),tensor(0.0815)
4990,4990,tensor(0.0554),tensor(0.0371),tensor(0.0815)
4991,4991,tensor(0.0554),tensor(0.0371),tensor(0.0815)
4992,4992,tensor(0.0554),tensor(0.0371),tensor(0.0815)
4993,4993,tensor(0.0554),tensor(0.0371),tensor(0.0815)
4994,4994,tensor(0.0554),tensor(0.0371),tensor(0.0815)
4995,4995,tensor(0.0554),tensor(0.0371),tensor(0.0815)
4996,4996,tensor(0.0554),tensor(0.0371),tensor(0.0815)
4997,4997,tensor(0.0554),tensor(0.0371),tensor(0.0815)
4998,4998,tensor(0.0553),tensor(0.0371),tensor(0.0815)
4999,4999,tensor(0.0553),tensor(0.0371),tensor(0.0815)
5000,5000,tensor(0.0553),tensor(0.0371),tensor(0.0815)
5001,5001,tensor(0.0553),tensor(0.0371),tensor(0.0815)
5002,5002,tensor(0.0553),tensor(0.0371),tensor(0.0815)
5003,5003,tensor(0.0553),tensor(0.0371),tensor(0.0815)
5004,5004,tensor(0.0553),tensor(0.0371),tensor(0.0815)
5005,5005,tensor(0.0553),tensor(0.0371),tensor(0.0815)
5006,5006,tensor(0.0553),tensor(0.0371),tensor(0.0815)
5007,5007,tensor(0.0553),tensor(0.0371),tensor(0.0815)
5008,5008,tensor(0.0553),tensor(0.0371),tensor(0.0815)
5009,5009,tensor(0.0553),tensor(0.0371),tensor(0.0815)
5010,5010,tensor(0.0553),tensor(0.0371),tensor(0.0815)
5011,5011,tensor(0.0553),tensor(0.0371),tensor(0.0815)
5012,5012,tensor(0.0553),tensor(0.0371),tensor(0.0815)
5013,5013,tensor(0.0553),tensor(0.0371),tensor(0.0815)
5014,5014,tensor(0.0553),tensor(0.0371),tensor(0.0815)
5015,5015,tensor(0.0553),tensor(0.0371),tensor(0.0815)
5016,5016,tensor(0.0553),tensor(0.0371),tensor(0.0815)
5017,5017,tensor(0.0553),tensor(0.0371),tensor(0.0815)
5018,5018,tensor(0.0553),tensor(0.0371),tensor(0.0815)
5019,5019,tensor(0.0553),tensor(0.0371),tensor(0.0815)
5020,5020,tensor(0.0553),tensor(0.0371),tensor(0.0815)
5021,5021,tensor(0.0553),tensor(0.0371),tensor(0.0815)
5022,5022,tensor(0.0553),tensor(0.0371),tensor(0.0815)
5023,5023,tensor(0.0553),tensor(0.0370),tensor(0.0815)
5024,5024,tensor(0.0553),tensor(0.0370),tensor(0.0815)
5025,5025,tensor(0.0553),tensor(0.0370),tensor(0.0815)
5026,5026,tensor(0.0553),tensor(0.0370),tensor(0.0815)
5027,5027,tensor(0.0553),tensor(0.0370),tensor(0.0815)
5028,5028,tensor(0.0553),tensor(0.0370),tensor(0.0815)
5029,5029,tensor(0.0553),tensor(0.0370),tensor(0.0815)
5030,5030,tensor(0.0553),tensor(0.0370),tensor(0.0815)
5031,5031,tensor(0.0553),tensor(0.0370),tensor(0.0815)
5032,5032,tensor(0.0553),tensor(0.0370),tensor(0.0815)
5033,5033,tensor(0.0553),tensor(0.0370),tensor(0.0815)
5034,5034,tensor(0.0553),tensor(0.0370),tensor(0.0815)
5035,5035,tensor(0.0553),tensor(0.0370),tensor(0.0815)
5036,5036,tensor(0.0553),tensor(0.0370),tensor(0.0815)
5037,5037,tensor(0.0553),tensor(0.0370),tensor(0.0815)
5038,5038,tensor(0.0553),tensor(0.0370),tensor(0.0815)
5039,5039,tensor(0.0553),tensor(0.0370),tensor(0.0815)
5040,5040,tensor(0.0553),tensor(0.0370),tensor(0.0815)
5041,5041,tensor(0.0553),tensor(0.0370),tensor(0.0815)
5042,5042,tensor(0.0553),tensor(0.0370),tensor(0.0815)
5043,5043,tensor(0.0552),tensor(0.0370),tensor(0.0815)
5044,5044,tensor(0.0552),tensor(0.0370),tensor(0.0815)
5045,5045,tensor(0.0552),tensor(0.0370),tensor(0.0815)
5046,5046,tensor(0.0552),tensor(0.0370),tensor(0.0815)
5047,5047,tensor(0.0552),tensor(0.0370),tensor(0.0815)
5048,5048,tensor(0.0552),tensor(0.0370),tensor(0.0815)
5049,5049,tensor(0.0552),tensor(0.0370),tensor(0.0815)
5050,5050,tensor(0.0552),tensor(0.0370),tensor(0.0815)
5051,5051,tensor(0.0552),tensor(0.0370),tensor(0.0815)
5052,5052,tensor(0.0552),tensor(0.0370),tensor(0.0815)
5053,5053,tensor(0.0552),tensor(0.0370),tensor(0.0815)
5054,5054,tensor(0.0552),tensor(0.0370),tensor(0.0815)
5055,5055,tensor(0.0552),tensor(0.0370),tensor(0.0815)
5056,5056,tensor(0.0552),tensor(0.0370),tensor(0.0815)
5057,5057,tensor(0.0552),tensor(0.0370),tensor(0.0815)
5058,5058,tensor(0.0552),tensor(0.0370),tensor(0.0815)
5059,5059,tensor(0.0552),tensor(0.0370),tensor(0.0815)
5060,5060,tensor(0.0552),tensor(0.0370),tensor(0.0815)
5061,5061,tensor(0.0552),tensor(0.0370),tensor(0.0815)
5062,5062,tensor(0.0552),tensor(0.0370),tensor(0.0815)
5063,5063,tensor(0.0552),tensor(0.0370),tensor(0.0815)
5064,5064,tensor(0.0552),tensor(0.0370),tensor(0.0815)
5065,5065,tensor(0.0552),tensor(0.0370),tensor(0.0815)
5066,5066,tensor(0.0552),tensor(0.0370),tensor(0.0815)
5067,5067,tensor(0.0552),tensor(0.0370),tensor(0.0815)
5068,5068,tensor(0.0552),tensor(0.0370),tensor(0.0815)
5069,5069,tensor(0.0552),tensor(0.0370),tensor(0.0815)
5070,5070,tensor(0.0552),tensor(0.0370),tensor(0.0815)
5071,5071,tensor(0.0552),tensor(0.0370),tensor(0.0815)
5072,5072,tensor(0.0552),tensor(0.0370),tensor(0.0815)
5073,5073,tensor(0.0552),tensor(0.0370),tensor(0.0815)
5074,5074,tensor(0.0552),tensor(0.0370),tensor(0.0815)
5075,5075,tensor(0.0552),tensor(0.0370),tensor(0.0815)
5076,5076,tensor(0.0552),tensor(0.0370),tensor(0.0815)
5077,5077,tensor(0.0552),tensor(0.0370),tensor(0.0815)
5078,5078,tensor(0.0552),tensor(0.0370),tensor(0.0815)
5079,5079,tensor(0.0552),tensor(0.0370),tensor(0.0815)
5080,5080,tensor(0.0552),tensor(0.0370),tensor(0.0815)
5081,5081,tensor(0.0552),tensor(0.0370),tensor(0.0815)
5082,5082,tensor(0.0552),tensor(0.0370),tensor(0.0815)
5083,5083,tensor(0.0552),tensor(0.0370),tensor(0.0815)
5084,5084,tensor(0.0552),tensor(0.0370),tensor(0.0815)
5085,5085,tensor(0.0552),tensor(0.0370),tensor(0.0815)
5086,5086,tensor(0.0552),tensor(0.0370),tensor(0.0815)
5087,5087,tensor(0.0552),tensor(0.0370),tensor(0.0815)
5088,5088,tensor(0.0552),tensor(0.0370),tensor(0.0815)
5089,5089,tensor(0.0552),tensor(0.0370),tensor(0.0815)
5090,5090,tensor(0.0551),tensor(0.0370),tensor(0.0815)
5091,5091,tensor(0.0551),tensor(0.0370),tensor(0.0815)
5092,5092,tensor(0.0551),tensor(0.0370),tensor(0.0815)
5093,5093,tensor(0.0551),tensor(0.0370),tensor(0.0815)
5094,5094,tensor(0.0551),tensor(0.0370),tensor(0.0815)
5095,5095,tensor(0.0551),tensor(0.0370),tensor(0.0815)
5096,5096,tensor(0.0551),tensor(0.0370),tensor(0.0815)
5097,5097,tensor(0.0551),tensor(0.0370),tensor(0.0815)
5098,5098,tensor(0.0551),tensor(0.0370),tensor(0.0815)
5099,5099,tensor(0.0551),tensor(0.0370),tensor(0.0815)
5100,5100,tensor(0.0551),tensor(0.0370),tensor(0.0815)
5101,5101,tensor(0.0551),tensor(0.0370),tensor(0.0815)
5102,5102,tensor(0.0551),tensor(0.0370),tensor(0.0815)
5103,5103,tensor(0.0551),tensor(0.0370),tensor(0.0815)
5104,5104,tensor(0.0551),tensor(0.0370),tensor(0.0815)
5105,5105,tensor(0.0551),tensor(0.0370),tensor(0.0815)
5106,5106,tensor(0.0551),tensor(0.0370),tensor(0.0815)
5107,5107,tensor(0.0551),tensor(0.0370),tensor(0.0815)
5108,5108,tensor(0.0551),tensor(0.0370),tensor(0.0815)
5109,5109,tensor(0.0551),tensor(0.0370),tensor(0.0815)
5110,5110,tensor(0.0551),tensor(0.0370),tensor(0.0815)
5111,5111,tensor(0.0551),tensor(0.0370),tensor(0.0815)
5112,5112,tensor(0.0551),tensor(0.0370),tensor(0.0815)
5113,5113,tensor(0.0551),tensor(0.0370),tensor(0.0815)
5114,5114,tensor(0.0551),tensor(0.0370),tensor(0.0815)
5115,5115,tensor(0.0551),tensor(0.0370),tensor(0.0815)
5116,5116,tensor(0.0551),tensor(0.0370),tensor(0.0815)
5117,5117,tensor(0.0551),tensor(0.0370),tensor(0.0815)
5118,5118,tensor(0.0551),tensor(0.0370),tensor(0.0815)
5119,5119,tensor(0.0551),tensor(0.0370),tensor(0.0815)
5120,5120,tensor(0.0551),tensor(0.0370),tensor(0.0815)
5121,5121,tensor(0.0551),tensor(0.0370),tensor(0.0815)
5122,5122,tensor(0.0551),tensor(0.0370),tensor(0.0815)
5123,5123,tensor(0.0551),tensor(0.0370),tensor(0.0815)
5124,5124,tensor(0.0551),tensor(0.0369),tensor(0.0815)
5125,5125,tensor(0.0551),tensor(0.0369),tensor(0.0815)
5126,5126,tensor(0.0551),tensor(0.0369),tensor(0.0815)
5127,5127,tensor(0.0551),tensor(0.0369),tensor(0.0815)
5128,5128,tensor(0.0551),tensor(0.0369),tensor(0.0815)
5129,5129,tensor(0.0551),tensor(0.0369),tensor(0.0815)
5130,5130,tensor(0.0551),tensor(0.0369),tensor(0.0815)
5131,5131,tensor(0.0551),tensor(0.0369),tensor(0.0815)
5132,5132,tensor(0.0551),tensor(0.0369),tensor(0.0815)
5133,5133,tensor(0.0551),tensor(0.0369),tensor(0.0815)
5134,5134,tensor(0.0551),tensor(0.0369),tensor(0.0815)
5135,5135,tensor(0.0551),tensor(0.0369),tensor(0.0815)
5136,5136,tensor(0.0551),tensor(0.0369),tensor(0.0815)
5137,5137,tensor(0.0550),tensor(0.0369),tensor(0.0815)
5138,5138,tensor(0.0550),tensor(0.0369),tensor(0.0815)
5139,5139,tensor(0.0550),tensor(0.0369),tensor(0.0815)
5140,5140,tensor(0.0550),tensor(0.0369),tensor(0.0815)
5141,5141,tensor(0.0550),tensor(0.0369),tensor(0.0815)
5142,5142,tensor(0.0550),tensor(0.0369),tensor(0.0815)
5143,5143,tensor(0.0550),tensor(0.0369),tensor(0.0815)
5144,5144,tensor(0.0550),tensor(0.0369),tensor(0.0815)
5145,5145,tensor(0.0550),tensor(0.0369),tensor(0.0815)
5146,5146,tensor(0.0550),tensor(0.0369),tensor(0.0815)
5147,5147,tensor(0.0550),tensor(0.0369),tensor(0.0815)
5148,5148,tensor(0.0550),tensor(0.0369),tensor(0.0815)
5149,5149,tensor(0.0550),tensor(0.0369),tensor(0.0815)
5150,5150,tensor(0.0550),tensor(0.0369),tensor(0.0815)
5151,5151,tensor(0.0550),tensor(0.0369),tensor(0.0815)
5152,5152,tensor(0.0550),tensor(0.0369),tensor(0.0815)
5153,5153,tensor(0.0550),tensor(0.0369),tensor(0.0815)
5154,5154,tensor(0.0550),tensor(0.0369),tensor(0.0815)
5155,5155,tensor(0.0550),tensor(0.0369),tensor(0.0815)
5156,5156,tensor(0.0550),tensor(0.0369),tensor(0.0815)
5157,5157,tensor(0.0550),tensor(0.0369),tensor(0.0815)
5158,5158,tensor(0.0550),tensor(0.0369),tensor(0.0815)
5159,5159,tensor(0.0550),tensor(0.0369),tensor(0.0815)
5160,5160,tensor(0.0550),tensor(0.0369),tensor(0.0814)
5161,5161,tensor(0.0550),tensor(0.0369),tensor(0.0814)
5162,5162,tensor(0.0550),tensor(0.0369),tensor(0.0814)
5163,5163,tensor(0.0550),tensor(0.0369),tensor(0.0814)
5164,5164,tensor(0.0550),tensor(0.0369),tensor(0.0814)
5165,5165,tensor(0.0550),tensor(0.0369),tensor(0.0814)
5166,5166,tensor(0.0550),tensor(0.0369),tensor(0.0814)
5167,5167,tensor(0.0550),tensor(0.0369),tensor(0.0814)
5168,5168,tensor(0.0550),tensor(0.0369),tensor(0.0814)
5169,5169,tensor(0.0550),tensor(0.0369),tensor(0.0814)
5170,5170,tensor(0.0550),tensor(0.0369),tensor(0.0814)
5171,5171,tensor(0.0550),tensor(0.0369),tensor(0.0814)
5172,5172,tensor(0.0550),tensor(0.0369),tensor(0.0814)
5173,5173,tensor(0.0550),tensor(0.0369),tensor(0.0814)
5174,5174,tensor(0.0550),tensor(0.0369),tensor(0.0814)
5175,5175,tensor(0.0550),tensor(0.0369),tensor(0.0814)
5176,5176,tensor(0.0550),tensor(0.0369),tensor(0.0814)
5177,5177,tensor(0.0550),tensor(0.0369),tensor(0.0814)
5178,5178,tensor(0.0550),tensor(0.0369),tensor(0.0814)
5179,5179,tensor(0.0550),tensor(0.0369),tensor(0.0814)
5180,5180,tensor(0.0550),tensor(0.0369),tensor(0.0814)
5181,5181,tensor(0.0550),tensor(0.0369),tensor(0.0814)
5182,5182,tensor(0.0550),tensor(0.0369),tensor(0.0814)
5183,5183,tensor(0.0550),tensor(0.0369),tensor(0.0814)
5184,5184,tensor(0.0550),tensor(0.0369),tensor(0.0814)
5185,5185,tensor(0.0549),tensor(0.0369),tensor(0.0814)
5186,5186,tensor(0.0549),tensor(0.0369),tensor(0.0814)
5187,5187,tensor(0.0549),tensor(0.0369),tensor(0.0814)
5188,5188,tensor(0.0549),tensor(0.0369),tensor(0.0814)
5189,5189,tensor(0.0549),tensor(0.0369),tensor(0.0814)
5190,5190,tensor(0.0549),tensor(0.0369),tensor(0.0814)
5191,5191,tensor(0.0549),tensor(0.0369),tensor(0.0814)
5192,5192,tensor(0.0549),tensor(0.0369),tensor(0.0814)
5193,5193,tensor(0.0549),tensor(0.0369),tensor(0.0814)
5194,5194,tensor(0.0549),tensor(0.0369),tensor(0.0814)
5195,5195,tensor(0.0549),tensor(0.0369),tensor(0.0814)
5196,5196,tensor(0.0549),tensor(0.0369),tensor(0.0814)
5197,5197,tensor(0.0549),tensor(0.0369),tensor(0.0814)
5198,5198,tensor(0.0549),tensor(0.0369),tensor(0.0814)
5199,5199,tensor(0.0549),tensor(0.0369),tensor(0.0814)
5200,5200,tensor(0.0549),tensor(0.0369),tensor(0.0814)
5201,5201,tensor(0.0549),tensor(0.0369),tensor(0.0814)
5202,5202,tensor(0.0549),tensor(0.0369),tensor(0.0814)
5203,5203,tensor(0.0549),tensor(0.0369),tensor(0.0814)
5204,5204,tensor(0.0549),tensor(0.0369),tensor(0.0814)
5205,5205,tensor(0.0549),tensor(0.0369),tensor(0.0814)
5206,5206,tensor(0.0549),tensor(0.0369),tensor(0.0814)
5207,5207,tensor(0.0549),tensor(0.0369),tensor(0.0814)
5208,5208,tensor(0.0549),tensor(0.0369),tensor(0.0814)
5209,5209,tensor(0.0549),tensor(0.0369),tensor(0.0814)
5210,5210,tensor(0.0549),tensor(0.0369),tensor(0.0814)
5211,5211,tensor(0.0549),tensor(0.0369),tensor(0.0814)
5212,5212,tensor(0.0549),tensor(0.0369),tensor(0.0814)
5213,5213,tensor(0.0549),tensor(0.0369),tensor(0.0814)
5214,5214,tensor(0.0549),tensor(0.0369),tensor(0.0814)
5215,5215,tensor(0.0549),tensor(0.0369),tensor(0.0814)
5216,5216,tensor(0.0549),tensor(0.0369),tensor(0.0814)
5217,5217,tensor(0.0549),tensor(0.0369),tensor(0.0814)
5218,5218,tensor(0.0549),tensor(0.0369),tensor(0.0814)
5219,5219,tensor(0.0549),tensor(0.0369),tensor(0.0814)
5220,5220,tensor(0.0549),tensor(0.0369),tensor(0.0814)
5221,5221,tensor(0.0549),tensor(0.0369),tensor(0.0814)
5222,5222,tensor(0.0549),tensor(0.0369),tensor(0.0814)
5223,5223,tensor(0.0549),tensor(0.0369),tensor(0.0814)
5224,5224,tensor(0.0549),tensor(0.0369),tensor(0.0814)
5225,5225,tensor(0.0549),tensor(0.0368),tensor(0.0814)
5226,5226,tensor(0.0549),tensor(0.0368),tensor(0.0814)
5227,5227,tensor(0.0549),tensor(0.0368),tensor(0.0814)
5228,5228,tensor(0.0549),tensor(0.0368),tensor(0.0814)
5229,5229,tensor(0.0549),tensor(0.0368),tensor(0.0814)
5230,5230,tensor(0.0549),tensor(0.0368),tensor(0.0814)
5231,5231,tensor(0.0549),tensor(0.0368),tensor(0.0814)
5232,5232,tensor(0.0549),tensor(0.0368),tensor(0.0814)
5233,5233,tensor(0.0549),tensor(0.0368),tensor(0.0814)
5234,5234,tensor(0.0548),tensor(0.0368),tensor(0.0814)
5235,5235,tensor(0.0548),tensor(0.0368),tensor(0.0814)
5236,5236,tensor(0.0548),tensor(0.0368),tensor(0.0814)
5237,5237,tensor(0.0548),tensor(0.0368),tensor(0.0814)
5238,5238,tensor(0.0548),tensor(0.0368),tensor(0.0814)
5239,5239,tensor(0.0548),tensor(0.0368),tensor(0.0814)
5240,5240,tensor(0.0548),tensor(0.0368),tensor(0.0814)
5241,5241,tensor(0.0548),tensor(0.0368),tensor(0.0814)
5242,5242,tensor(0.0548),tensor(0.0368),tensor(0.0814)
5243,5243,tensor(0.0548),tensor(0.0368),tensor(0.0814)
5244,5244,tensor(0.0548),tensor(0.0368),tensor(0.0814)
5245,5245,tensor(0.0548),tensor(0.0368),tensor(0.0814)
5246,5246,tensor(0.0548),tensor(0.0368),tensor(0.0814)
5247,5247,tensor(0.0548),tensor(0.0368),tensor(0.0814)
5248,5248,tensor(0.0548),tensor(0.0368),tensor(0.0814)
5249,5249,tensor(0.0548),tensor(0.0368),tensor(0.0814)
5250,5250,tensor(0.0548),tensor(0.0368),tensor(0.0814)
5251,5251,tensor(0.0548),tensor(0.0368),tensor(0.0814)
5252,5252,tensor(0.0548),tensor(0.0368),tensor(0.0814)
5253,5253,tensor(0.0548),tensor(0.0368),tensor(0.0814)
5254,5254,tensor(0.0548),tensor(0.0368),tensor(0.0814)
5255,5255,tensor(0.0548),tensor(0.0368),tensor(0.0814)
5256,5256,tensor(0.0548),tensor(0.0368),tensor(0.0814)
5257,5257,tensor(0.0548),tensor(0.0368),tensor(0.0814)
5258,5258,tensor(0.0548),tensor(0.0368),tensor(0.0814)
5259,5259,tensor(0.0548),tensor(0.0368),tensor(0.0814)
5260,5260,tensor(0.0548),tensor(0.0368),tensor(0.0814)
5261,5261,tensor(0.0548),tensor(0.0368),tensor(0.0814)
5262,5262,tensor(0.0548),tensor(0.0368),tensor(0.0814)
5263,5263,tensor(0.0548),tensor(0.0368),tensor(0.0814)
5264,5264,tensor(0.0548),tensor(0.0368),tensor(0.0814)
5265,5265,tensor(0.0548),tensor(0.0368),tensor(0.0814)
5266,5266,tensor(0.0548),tensor(0.0368),tensor(0.0814)
5267,5267,tensor(0.0548),tensor(0.0368),tensor(0.0814)
5268,5268,tensor(0.0548),tensor(0.0368),tensor(0.0814)
5269,5269,tensor(0.0548),tensor(0.0368),tensor(0.0814)
5270,5270,tensor(0.0548),tensor(0.0368),tensor(0.0814)
5271,5271,tensor(0.0548),tensor(0.0368),tensor(0.0814)
5272,5272,tensor(0.0548),tensor(0.0368),tensor(0.0814)
5273,5273,tensor(0.0548),tensor(0.0368),tensor(0.0814)
5274,5274,tensor(0.0548),tensor(0.0368),tensor(0.0814)
5275,5275,tensor(0.0548),tensor(0.0368),tensor(0.0814)
5276,5276,tensor(0.0548),tensor(0.0368),tensor(0.0814)
5277,5277,tensor(0.0548),tensor(0.0368),tensor(0.0814)
5278,5278,tensor(0.0548),tensor(0.0368),tensor(0.0814)
5279,5279,tensor(0.0548),tensor(0.0368),tensor(0.0814)
5280,5280,tensor(0.0548),tensor(0.0368),tensor(0.0814)
5281,5281,tensor(0.0548),tensor(0.0368),tensor(0.0814)
5282,5282,tensor(0.0548),tensor(0.0368),tensor(0.0814)
5283,5283,tensor(0.0548),tensor(0.0368),tensor(0.0814)
5284,5284,tensor(0.0547),tensor(0.0368),tensor(0.0814)
5285,5285,tensor(0.0547),tensor(0.0368),tensor(0.0814)
5286,5286,tensor(0.0547),tensor(0.0368),tensor(0.0814)
5287,5287,tensor(0.0547),tensor(0.0368),tensor(0.0814)
5288,5288,tensor(0.0547),tensor(0.0368),tensor(0.0814)
5289,5289,tensor(0.0547),tensor(0.0368),tensor(0.0814)
5290,5290,tensor(0.0547),tensor(0.0368),tensor(0.0814)
5291,5291,tensor(0.0547),tensor(0.0368),tensor(0.0814)
5292,5292,tensor(0.0547),tensor(0.0368),tensor(0.0814)
5293,5293,tensor(0.0547),tensor(0.0368),tensor(0.0814)
5294,5294,tensor(0.0547),tensor(0.0368),tensor(0.0814)
5295,5295,tensor(0.0547),tensor(0.0368),tensor(0.0814)
5296,5296,tensor(0.0547),tensor(0.0368),tensor(0.0814)
5297,5297,tensor(0.0547),tensor(0.0368),tensor(0.0814)
5298,5298,tensor(0.0547),tensor(0.0368),tensor(0.0814)
5299,5299,tensor(0.0547),tensor(0.0368),tensor(0.0814)
5300,5300,tensor(0.0547),tensor(0.0368),tensor(0.0814)
5301,5301,tensor(0.0547),tensor(0.0368),tensor(0.0814)
5302,5302,tensor(0.0547),tensor(0.0368),tensor(0.0814)
5303,5303,tensor(0.0547),tensor(0.0368),tensor(0.0814)
5304,5304,tensor(0.0547),tensor(0.0368),tensor(0.0814)
5305,5305,tensor(0.0547),tensor(0.0368),tensor(0.0814)
5306,5306,tensor(0.0547),tensor(0.0368),tensor(0.0814)
5307,5307,tensor(0.0547),tensor(0.0368),tensor(0.0814)
5308,5308,tensor(0.0547),tensor(0.0368),tensor(0.0814)
5309,5309,tensor(0.0547),tensor(0.0368),tensor(0.0814)
5310,5310,tensor(0.0547),tensor(0.0368),tensor(0.0814)
5311,5311,tensor(0.0547),tensor(0.0368),tensor(0.0814)
5312,5312,tensor(0.0547),tensor(0.0368),tensor(0.0814)
5313,5313,tensor(0.0547),tensor(0.0368),tensor(0.0814)
5314,5314,tensor(0.0547),tensor(0.0368),tensor(0.0814)
5315,5315,tensor(0.0547),tensor(0.0368),tensor(0.0814)
5316,5316,tensor(0.0547),tensor(0.0368),tensor(0.0814)
5317,5317,tensor(0.0547),tensor(0.0368),tensor(0.0814)
5318,5318,tensor(0.0547),tensor(0.0368),tensor(0.0814)
5319,5319,tensor(0.0547),tensor(0.0368),tensor(0.0814)
5320,5320,tensor(0.0547),tensor(0.0368),tensor(0.0814)
5321,5321,tensor(0.0547),tensor(0.0368),tensor(0.0814)
5322,5322,tensor(0.0547),tensor(0.0368),tensor(0.0814)
5323,5323,tensor(0.0547),tensor(0.0368),tensor(0.0814)
5324,5324,tensor(0.0547),tensor(0.0368),tensor(0.0814)
5325,5325,tensor(0.0547),tensor(0.0368),tensor(0.0814)
5326,5326,tensor(0.0547),tensor(0.0367),tensor(0.0814)
5327,5327,tensor(0.0547),tensor(0.0367),tensor(0.0814)
5328,5328,tensor(0.0547),tensor(0.0367),tensor(0.0814)
5329,5329,tensor(0.0547),tensor(0.0367),tensor(0.0814)
5330,5330,tensor(0.0547),tensor(0.0367),tensor(0.0814)
5331,5331,tensor(0.0547),tensor(0.0367),tensor(0.0814)
5332,5332,tensor(0.0547),tensor(0.0367),tensor(0.0814)
5333,5333,tensor(0.0547),tensor(0.0367),tensor(0.0814)
5334,5334,tensor(0.0547),tensor(0.0367),tensor(0.0814)
5335,5335,tensor(0.0546),tensor(0.0367),tensor(0.0814)
5336,5336,tensor(0.0546),tensor(0.0367),tensor(0.0814)
5337,5337,tensor(0.0546),tensor(0.0367),tensor(0.0814)
5338,5338,tensor(0.0546),tensor(0.0367),tensor(0.0814)
5339,5339,tensor(0.0546),tensor(0.0367),tensor(0.0814)
5340,5340,tensor(0.0546),tensor(0.0367),tensor(0.0814)
5341,5341,tensor(0.0546),tensor(0.0367),tensor(0.0814)
5342,5342,tensor(0.0546),tensor(0.0367),tensor(0.0814)
5343,5343,tensor(0.0546),tensor(0.0367),tensor(0.0814)
5344,5344,tensor(0.0546),tensor(0.0367),tensor(0.0814)
5345,5345,tensor(0.0546),tensor(0.0367),tensor(0.0814)
5346,5346,tensor(0.0546),tensor(0.0367),tensor(0.0814)
5347,5347,tensor(0.0546),tensor(0.0367),tensor(0.0814)
5348,5348,tensor(0.0546),tensor(0.0367),tensor(0.0814)
5349,5349,tensor(0.0546),tensor(0.0367),tensor(0.0814)
5350,5350,tensor(0.0546),tensor(0.0367),tensor(0.0814)
5351,5351,tensor(0.0546),tensor(0.0367),tensor(0.0814)
5352,5352,tensor(0.0546),tensor(0.0367),tensor(0.0814)
5353,5353,tensor(0.0546),tensor(0.0367),tensor(0.0814)
5354,5354,tensor(0.0546),tensor(0.0367),tensor(0.0814)
5355,5355,tensor(0.0546),tensor(0.0367),tensor(0.0814)
5356,5356,tensor(0.0546),tensor(0.0367),tensor(0.0814)
5357,5357,tensor(0.0546),tensor(0.0367),tensor(0.0814)
5358,5358,tensor(0.0546),tensor(0.0367),tensor(0.0814)
5359,5359,tensor(0.0546),tensor(0.0367),tensor(0.0814)
5360,5360,tensor(0.0546),tensor(0.0367),tensor(0.0814)
5361,5361,tensor(0.0546),tensor(0.0367),tensor(0.0814)
5362,5362,tensor(0.0546),tensor(0.0367),tensor(0.0814)
5363,5363,tensor(0.0546),tensor(0.0367),tensor(0.0814)
5364,5364,tensor(0.0546),tensor(0.0367),tensor(0.0814)
5365,5365,tensor(0.0546),tensor(0.0367),tensor(0.0814)
5366,5366,tensor(0.0546),tensor(0.0367),tensor(0.0814)
5367,5367,tensor(0.0546),tensor(0.0367),tensor(0.0814)
5368,5368,tensor(0.0546),tensor(0.0367),tensor(0.0814)
5369,5369,tensor(0.0546),tensor(0.0367),tensor(0.0813)
5370,5370,tensor(0.0546),tensor(0.0367),tensor(0.0813)
5371,5371,tensor(0.0546),tensor(0.0367),tensor(0.0813)
5372,5372,tensor(0.0546),tensor(0.0367),tensor(0.0813)
5373,5373,tensor(0.0546),tensor(0.0367),tensor(0.0813)
5374,5374,tensor(0.0546),tensor(0.0367),tensor(0.0813)
5375,5375,tensor(0.0546),tensor(0.0367),tensor(0.0813)
5376,5376,tensor(0.0546),tensor(0.0367),tensor(0.0813)
5377,5377,tensor(0.0546),tensor(0.0367),tensor(0.0813)
5378,5378,tensor(0.0546),tensor(0.0367),tensor(0.0813)
5379,5379,tensor(0.0546),tensor(0.0367),tensor(0.0813)
5380,5380,tensor(0.0546),tensor(0.0367),tensor(0.0813)
5381,5381,tensor(0.0546),tensor(0.0367),tensor(0.0813)
5382,5382,tensor(0.0546),tensor(0.0367),tensor(0.0813)
5383,5383,tensor(0.0546),tensor(0.0367),tensor(0.0813)
5384,5384,tensor(0.0546),tensor(0.0367),tensor(0.0813)
5385,5385,tensor(0.0546),tensor(0.0367),tensor(0.0813)
5386,5386,tensor(0.0546),tensor(0.0367),tensor(0.0813)
5387,5387,tensor(0.0546),tensor(0.0367),tensor(0.0813)
5388,5388,tensor(0.0545),tensor(0.0367),tensor(0.0813)
5389,5389,tensor(0.0545),tensor(0.0367),tensor(0.0813)
5390,5390,tensor(0.0545),tensor(0.0367),tensor(0.0813)
5391,5391,tensor(0.0545),tensor(0.0367),tensor(0.0813)
5392,5392,tensor(0.0545),tensor(0.0367),tensor(0.0813)
5393,5393,tensor(0.0545),tensor(0.0367),tensor(0.0813)
5394,5394,tensor(0.0545),tensor(0.0367),tensor(0.0813)
5395,5395,tensor(0.0545),tensor(0.0367),tensor(0.0813)
5396,5396,tensor(0.0545),tensor(0.0367),tensor(0.0813)
5397,5397,tensor(0.0545),tensor(0.0367),tensor(0.0813)
5398,5398,tensor(0.0545),tensor(0.0367),tensor(0.0813)
5399,5399,tensor(0.0545),tensor(0.0367),tensor(0.0813)
5400,5400,tensor(0.0545),tensor(0.0367),tensor(0.0813)
5401,5401,tensor(0.0545),tensor(0.0367),tensor(0.0813)
5402,5402,tensor(0.0545),tensor(0.0367),tensor(0.0813)
5403,5403,tensor(0.0545),tensor(0.0367),tensor(0.0813)
5404,5404,tensor(0.0545),tensor(0.0367),tensor(0.0813)
5405,5405,tensor(0.0545),tensor(0.0367),tensor(0.0813)
5406,5406,tensor(0.0545),tensor(0.0367),tensor(0.0813)
5407,5407,tensor(0.0545),tensor(0.0367),tensor(0.0813)
5408,5408,tensor(0.0545),tensor(0.0367),tensor(0.0813)
5409,5409,tensor(0.0545),tensor(0.0367),tensor(0.0813)
5410,5410,tensor(0.0545),tensor(0.0367),tensor(0.0813)
5411,5411,tensor(0.0545),tensor(0.0367),tensor(0.0813)
5412,5412,tensor(0.0545),tensor(0.0367),tensor(0.0813)
5413,5413,tensor(0.0545),tensor(0.0367),tensor(0.0813)
5414,5414,tensor(0.0545),tensor(0.0367),tensor(0.0813)
5415,5415,tensor(0.0545),tensor(0.0367),tensor(0.0813)
5416,5416,tensor(0.0545),tensor(0.0367),tensor(0.0813)
5417,5417,tensor(0.0545),tensor(0.0367),tensor(0.0813)
5418,5418,tensor(0.0545),tensor(0.0367),tensor(0.0813)
5419,5419,tensor(0.0545),tensor(0.0367),tensor(0.0813)
5420,5420,tensor(0.0545),tensor(0.0367),tensor(0.0813)
5421,5421,tensor(0.0545),tensor(0.0367),tensor(0.0813)
5422,5422,tensor(0.0545),tensor(0.0367),tensor(0.0813)
5423,5423,tensor(0.0545),tensor(0.0367),tensor(0.0813)
5424,5424,tensor(0.0545),tensor(0.0367),tensor(0.0813)
5425,5425,tensor(0.0545),tensor(0.0367),tensor(0.0813)
5426,5426,tensor(0.0545),tensor(0.0366),tensor(0.0813)
5427,5427,tensor(0.0545),tensor(0.0366),tensor(0.0813)
5428,5428,tensor(0.0545),tensor(0.0366),tensor(0.0813)
5429,5429,tensor(0.0545),tensor(0.0366),tensor(0.0813)
5430,5430,tensor(0.0545),tensor(0.0366),tensor(0.0813)
5431,5431,tensor(0.0545),tensor(0.0366),tensor(0.0813)
5432,5432,tensor(0.0545),tensor(0.0366),tensor(0.0813)
5433,5433,tensor(0.0545),tensor(0.0366),tensor(0.0813)
5434,5434,tensor(0.0545),tensor(0.0366),tensor(0.0813)
5435,5435,tensor(0.0545),tensor(0.0366),tensor(0.0813)
5436,5436,tensor(0.0545),tensor(0.0366),tensor(0.0813)
5437,5437,tensor(0.0545),tensor(0.0366),tensor(0.0813)
5438,5438,tensor(0.0545),tensor(0.0366),tensor(0.0813)
5439,5439,tensor(0.0545),tensor(0.0366),tensor(0.0813)
5440,5440,tensor(0.0545),tensor(0.0366),tensor(0.0813)
5441,5441,tensor(0.0544),tensor(0.0366),tensor(0.0813)
5442,5442,tensor(0.0544),tensor(0.0366),tensor(0.0813)
5443,5443,tensor(0.0544),tensor(0.0366),tensor(0.0813)
5444,5444,tensor(0.0544),tensor(0.0366),tensor(0.0813)
5445,5445,tensor(0.0544),tensor(0.0366),tensor(0.0813)
5446,5446,tensor(0.0544),tensor(0.0366),tensor(0.0813)
5447,5447,tensor(0.0544),tensor(0.0366),tensor(0.0813)
5448,5448,tensor(0.0544),tensor(0.0366),tensor(0.0813)
5449,5449,tensor(0.0544),tensor(0.0366),tensor(0.0813)
5450,5450,tensor(0.0544),tensor(0.0366),tensor(0.0813)
5451,5451,tensor(0.0544),tensor(0.0366),tensor(0.0813)
5452,5452,tensor(0.0544),tensor(0.0366),tensor(0.0813)
5453,5453,tensor(0.0544),tensor(0.0366),tensor(0.0813)
5454,5454,tensor(0.0544),tensor(0.0366),tensor(0.0813)
5455,5455,tensor(0.0544),tensor(0.0366),tensor(0.0813)
5456,5456,tensor(0.0544),tensor(0.0366),tensor(0.0813)
5457,5457,tensor(0.0544),tensor(0.0366),tensor(0.0813)
5458,5458,tensor(0.0544),tensor(0.0366),tensor(0.0813)
5459,5459,tensor(0.0544),tensor(0.0366),tensor(0.0813)
5460,5460,tensor(0.0544),tensor(0.0366),tensor(0.0813)
5461,5461,tensor(0.0544),tensor(0.0366),tensor(0.0813)
5462,5462,tensor(0.0544),tensor(0.0366),tensor(0.0813)
5463,5463,tensor(0.0544),tensor(0.0366),tensor(0.0813)
5464,5464,tensor(0.0544),tensor(0.0366),tensor(0.0813)
5465,5465,tensor(0.0544),tensor(0.0366),tensor(0.0813)
5466,5466,tensor(0.0544),tensor(0.0366),tensor(0.0813)
5467,5467,tensor(0.0544),tensor(0.0366),tensor(0.0813)
5468,5468,tensor(0.0544),tensor(0.0366),tensor(0.0813)
5469,5469,tensor(0.0544),tensor(0.0366),tensor(0.0813)
5470,5470,tensor(0.0544),tensor(0.0366),tensor(0.0813)
5471,5471,tensor(0.0544),tensor(0.0366),tensor(0.0813)
5472,5472,tensor(0.0544),tensor(0.0366),tensor(0.0813)
5473,5473,tensor(0.0544),tensor(0.0366),tensor(0.0813)
5474,5474,tensor(0.0544),tensor(0.0366),tensor(0.0813)
5475,5475,tensor(0.0544),tensor(0.0366),tensor(0.0813)
5476,5476,tensor(0.0544),tensor(0.0366),tensor(0.0813)
5477,5477,tensor(0.0544),tensor(0.0366),tensor(0.0813)
5478,5478,tensor(0.0544),tensor(0.0366),tensor(0.0813)
5479,5479,tensor(0.0544),tensor(0.0366),tensor(0.0813)
5480,5480,tensor(0.0544),tensor(0.0366),tensor(0.0813)
5481,5481,tensor(0.0544),tensor(0.0366),tensor(0.0813)
5482,5482,tensor(0.0544),tensor(0.0366),tensor(0.0813)
5483,5483,tensor(0.0544),tensor(0.0366),tensor(0.0813)
5484,5484,tensor(0.0544),tensor(0.0366),tensor(0.0813)
5485,5485,tensor(0.0544),tensor(0.0366),tensor(0.0813)
5486,5486,tensor(0.0544),tensor(0.0366),tensor(0.0813)
5487,5487,tensor(0.0544),tensor(0.0366),tensor(0.0813)
5488,5488,tensor(0.0544),tensor(0.0366),tensor(0.0813)
5489,5489,tensor(0.0544),tensor(0.0366),tensor(0.0813)
5490,5490,tensor(0.0544),tensor(0.0366),tensor(0.0813)
5491,5491,tensor(0.0544),tensor(0.0366),tensor(0.0813)
5492,5492,tensor(0.0544),tensor(0.0366),tensor(0.0813)
5493,5493,tensor(0.0544),tensor(0.0366),tensor(0.0813)
5494,5494,tensor(0.0544),tensor(0.0366),tensor(0.0813)
5495,5495,tensor(0.0544),tensor(0.0366),tensor(0.0813)
5496,5496,tensor(0.0544),tensor(0.0366),tensor(0.0813)
5497,5497,tensor(0.0543),tensor(0.0366),tensor(0.0813)
5498,5498,tensor(0.0543),tensor(0.0366),tensor(0.0813)
5499,5499,tensor(0.0543),tensor(0.0366),tensor(0.0813)
5500,5500,tensor(0.0543),tensor(0.0366),tensor(0.0813)
5501,5501,tensor(0.0543),tensor(0.0366),tensor(0.0813)
5502,5502,tensor(0.0543),tensor(0.0366),tensor(0.0813)
5503,5503,tensor(0.0543),tensor(0.0366),tensor(0.0813)
5504,5504,tensor(0.0543),tensor(0.0366),tensor(0.0813)
5505,5505,tensor(0.0543),tensor(0.0366),tensor(0.0813)
5506,5506,tensor(0.0543),tensor(0.0366),tensor(0.0813)
5507,5507,tensor(0.0543),tensor(0.0366),tensor(0.0813)
5508,5508,tensor(0.0543),tensor(0.0366),tensor(0.0813)
5509,5509,tensor(0.0543),tensor(0.0366),tensor(0.0813)
5510,5510,tensor(0.0543),tensor(0.0366),tensor(0.0813)
5511,5511,tensor(0.0543),tensor(0.0366),tensor(0.0813)
5512,5512,tensor(0.0543),tensor(0.0366),tensor(0.0813)
5513,5513,tensor(0.0543),tensor(0.0366),tensor(0.0813)
5514,5514,tensor(0.0543),tensor(0.0366),tensor(0.0813)
5515,5515,tensor(0.0543),tensor(0.0366),tensor(0.0813)
5516,5516,tensor(0.0543),tensor(0.0366),tensor(0.0813)
5517,5517,tensor(0.0543),tensor(0.0366),tensor(0.0813)
5518,5518,tensor(0.0543),tensor(0.0366),tensor(0.0813)
5519,5519,tensor(0.0543),tensor(0.0366),tensor(0.0813)
5520,5520,tensor(0.0543),tensor(0.0366),tensor(0.0813)
5521,5521,tensor(0.0543),tensor(0.0366),tensor(0.0813)
5522,5522,tensor(0.0543),tensor(0.0366),tensor(0.0813)
5523,5523,tensor(0.0543),tensor(0.0366),tensor(0.0813)
5524,5524,tensor(0.0543),tensor(0.0366),tensor(0.0813)
5525,5525,tensor(0.0543),tensor(0.0366),tensor(0.0813)
5526,5526,tensor(0.0543),tensor(0.0366),tensor(0.0813)
5527,5527,tensor(0.0543),tensor(0.0366),tensor(0.0813)
5528,5528,tensor(0.0543),tensor(0.0366),tensor(0.0813)
5529,5529,tensor(0.0543),tensor(0.0366),tensor(0.0813)
5530,5530,tensor(0.0543),tensor(0.0366),tensor(0.0813)
5531,5531,tensor(0.0543),tensor(0.0366),tensor(0.0813)
5532,5532,tensor(0.0543),tensor(0.0365),tensor(0.0813)
5533,5533,tensor(0.0543),tensor(0.0365),tensor(0.0813)
5534,5534,tensor(0.0543),tensor(0.0365),tensor(0.0813)
5535,5535,tensor(0.0543),tensor(0.0365),tensor(0.0813)
5536,5536,tensor(0.0543),tensor(0.0365),tensor(0.0813)
5537,5537,tensor(0.0543),tensor(0.0365),tensor(0.0813)
5538,5538,tensor(0.0543),tensor(0.0365),tensor(0.0813)
5539,5539,tensor(0.0543),tensor(0.0365),tensor(0.0813)
5540,5540,tensor(0.0543),tensor(0.0365),tensor(0.0813)
5541,5541,tensor(0.0543),tensor(0.0365),tensor(0.0813)
5542,5542,tensor(0.0543),tensor(0.0365),tensor(0.0813)
5543,5543,tensor(0.0543),tensor(0.0365),tensor(0.0813)
5544,5544,tensor(0.0543),tensor(0.0365),tensor(0.0813)
5545,5545,tensor(0.0543),tensor(0.0365),tensor(0.0813)
5546,5546,tensor(0.0543),tensor(0.0365),tensor(0.0813)
5547,5547,tensor(0.0543),tensor(0.0365),tensor(0.0813)
5548,5548,tensor(0.0543),tensor(0.0365),tensor(0.0813)
5549,5549,tensor(0.0543),tensor(0.0365),tensor(0.0813)
5550,5550,tensor(0.0543),tensor(0.0365),tensor(0.0813)
5551,5551,tensor(0.0543),tensor(0.0365),tensor(0.0813)
5552,5552,tensor(0.0543),tensor(0.0365),tensor(0.0813)
5553,5553,tensor(0.0542),tensor(0.0365),tensor(0.0813)
5554,5554,tensor(0.0542),tensor(0.0365),tensor(0.0813)
5555,5555,tensor(0.0542),tensor(0.0365),tensor(0.0813)
5556,5556,tensor(0.0542),tensor(0.0365),tensor(0.0813)
5557,5557,tensor(0.0542),tensor(0.0365),tensor(0.0813)
5558,5558,tensor(0.0542),tensor(0.0365),tensor(0.0813)
5559,5559,tensor(0.0542),tensor(0.0365),tensor(0.0813)
5560,5560,tensor(0.0542),tensor(0.0365),tensor(0.0813)
5561,5561,tensor(0.0542),tensor(0.0365),tensor(0.0813)
5562,5562,tensor(0.0542),tensor(0.0365),tensor(0.0813)
5563,5563,tensor(0.0542),tensor(0.0365),tensor(0.0813)
5564,5564,tensor(0.0542),tensor(0.0365),tensor(0.0813)
5565,5565,tensor(0.0542),tensor(0.0365),tensor(0.0813)
5566,5566,tensor(0.0542),tensor(0.0365),tensor(0.0813)
5567,5567,tensor(0.0542),tensor(0.0365),tensor(0.0813)
5568,5568,tensor(0.0542),tensor(0.0365),tensor(0.0813)
5569,5569,tensor(0.0542),tensor(0.0365),tensor(0.0813)
5570,5570,tensor(0.0542),tensor(0.0365),tensor(0.0813)
5571,5571,tensor(0.0542),tensor(0.0365),tensor(0.0813)
5572,5572,tensor(0.0542),tensor(0.0365),tensor(0.0813)
5573,5573,tensor(0.0542),tensor(0.0365),tensor(0.0813)
5574,5574,tensor(0.0542),tensor(0.0365),tensor(0.0813)
5575,5575,tensor(0.0542),tensor(0.0365),tensor(0.0813)
5576,5576,tensor(0.0542),tensor(0.0365),tensor(0.0813)
5577,5577,tensor(0.0542),tensor(0.0365),tensor(0.0813)
5578,5578,tensor(0.0542),tensor(0.0365),tensor(0.0813)
5579,5579,tensor(0.0542),tensor(0.0365),tensor(0.0813)
5580,5580,tensor(0.0542),tensor(0.0365),tensor(0.0813)
5581,5581,tensor(0.0542),tensor(0.0365),tensor(0.0813)
5582,5582,tensor(0.0542),tensor(0.0365),tensor(0.0812)
5583,5583,tensor(0.0542),tensor(0.0365),tensor(0.0812)
5584,5584,tensor(0.0542),tensor(0.0365),tensor(0.0812)
5585,5585,tensor(0.0542),tensor(0.0365),tensor(0.0812)
5586,5586,tensor(0.0542),tensor(0.0365),tensor(0.0812)
5587,5587,tensor(0.0542),tensor(0.0365),tensor(0.0812)
5588,5588,tensor(0.0542),tensor(0.0365),tensor(0.0812)
5589,5589,tensor(0.0542),tensor(0.0365),tensor(0.0812)
5590,5590,tensor(0.0542),tensor(0.0365),tensor(0.0812)
5591,5591,tensor(0.0542),tensor(0.0365),tensor(0.0812)
5592,5592,tensor(0.0542),tensor(0.0365),tensor(0.0812)
5593,5593,tensor(0.0542),tensor(0.0365),tensor(0.0812)
5594,5594,tensor(0.0542),tensor(0.0365),tensor(0.0812)
5595,5595,tensor(0.0542),tensor(0.0365),tensor(0.0812)
5596,5596,tensor(0.0542),tensor(0.0365),tensor(0.0812)
5597,5597,tensor(0.0542),tensor(0.0365),tensor(0.0812)
5598,5598,tensor(0.0542),tensor(0.0365),tensor(0.0812)
5599,5599,tensor(0.0542),tensor(0.0365),tensor(0.0812)
5600,5600,tensor(0.0542),tensor(0.0365),tensor(0.0812)
5601,5601,tensor(0.0542),tensor(0.0365),tensor(0.0812)
5602,5602,tensor(0.0542),tensor(0.0365),tensor(0.0812)
5603,5603,tensor(0.0542),tensor(0.0365),tensor(0.0812)
5604,5604,tensor(0.0542),tensor(0.0365),tensor(0.0812)
5605,5605,tensor(0.0542),tensor(0.0365),tensor(0.0812)
5606,5606,tensor(0.0542),tensor(0.0365),tensor(0.0812)
5607,5607,tensor(0.0542),tensor(0.0365),tensor(0.0812)
5608,5608,tensor(0.0542),tensor(0.0365),tensor(0.0812)
5609,5609,tensor(0.0542),tensor(0.0365),tensor(0.0812)
5610,5610,tensor(0.0542),tensor(0.0365),tensor(0.0812)
5611,5611,tensor(0.0542),tensor(0.0365),tensor(0.0812)
5612,5612,tensor(0.0541),tensor(0.0365),tensor(0.0812)
5613,5613,tensor(0.0541),tensor(0.0365),tensor(0.0812)
5614,5614,tensor(0.0541),tensor(0.0365),tensor(0.0812)
5615,5615,tensor(0.0541),tensor(0.0365),tensor(0.0812)
5616,5616,tensor(0.0541),tensor(0.0365),tensor(0.0812)
5617,5617,tensor(0.0541),tensor(0.0365),tensor(0.0812)
5618,5618,tensor(0.0541),tensor(0.0365),tensor(0.0812)
5619,5619,tensor(0.0541),tensor(0.0365),tensor(0.0812)
5620,5620,tensor(0.0541),tensor(0.0365),tensor(0.0812)
5621,5621,tensor(0.0541),tensor(0.0365),tensor(0.0812)
5622,5622,tensor(0.0541),tensor(0.0365),tensor(0.0812)
5623,5623,tensor(0.0541),tensor(0.0365),tensor(0.0812)
5624,5624,tensor(0.0541),tensor(0.0365),tensor(0.0812)
5625,5625,tensor(0.0541),tensor(0.0365),tensor(0.0812)
5626,5626,tensor(0.0541),tensor(0.0365),tensor(0.0812)
5627,5627,tensor(0.0541),tensor(0.0365),tensor(0.0812)
5628,5628,tensor(0.0541),tensor(0.0365),tensor(0.0812)
5629,5629,tensor(0.0541),tensor(0.0365),tensor(0.0812)
5630,5630,tensor(0.0541),tensor(0.0365),tensor(0.0812)
5631,5631,tensor(0.0541),tensor(0.0365),tensor(0.0812)
5632,5632,tensor(0.0541),tensor(0.0365),tensor(0.0812)
5633,5633,tensor(0.0541),tensor(0.0364),tensor(0.0812)
5634,5634,tensor(0.0541),tensor(0.0364),tensor(0.0812)
5635,5635,tensor(0.0541),tensor(0.0364),tensor(0.0812)
5636,5636,tensor(0.0541),tensor(0.0364),tensor(0.0812)
5637,5637,tensor(0.0541),tensor(0.0364),tensor(0.0812)
5638,5638,tensor(0.0541),tensor(0.0364),tensor(0.0812)
5639,5639,tensor(0.0541),tensor(0.0364),tensor(0.0812)
5640,5640,tensor(0.0541),tensor(0.0364),tensor(0.0812)
5641,5641,tensor(0.0541),tensor(0.0364),tensor(0.0812)
5642,5642,tensor(0.0541),tensor(0.0364),tensor(0.0812)
5643,5643,tensor(0.0541),tensor(0.0364),tensor(0.0812)
5644,5644,tensor(0.0541),tensor(0.0364),tensor(0.0812)
5645,5645,tensor(0.0541),tensor(0.0364),tensor(0.0812)
5646,5646,tensor(0.0541),tensor(0.0364),tensor(0.0812)
5647,5647,tensor(0.0541),tensor(0.0364),tensor(0.0812)
5648,5648,tensor(0.0541),tensor(0.0364),tensor(0.0812)
5649,5649,tensor(0.0541),tensor(0.0364),tensor(0.0812)
5650,5650,tensor(0.0541),tensor(0.0364),tensor(0.0812)
5651,5651,tensor(0.0541),tensor(0.0364),tensor(0.0812)
5652,5652,tensor(0.0541),tensor(0.0364),tensor(0.0812)
5653,5653,tensor(0.0541),tensor(0.0364),tensor(0.0812)
5654,5654,tensor(0.0541),tensor(0.0364),tensor(0.0812)
5655,5655,tensor(0.0541),tensor(0.0364),tensor(0.0812)
5656,5656,tensor(0.0541),tensor(0.0364),tensor(0.0812)
5657,5657,tensor(0.0541),tensor(0.0364),tensor(0.0812)
5658,5658,tensor(0.0541),tensor(0.0364),tensor(0.0812)
5659,5659,tensor(0.0541),tensor(0.0364),tensor(0.0812)
5660,5660,tensor(0.0541),tensor(0.0364),tensor(0.0812)
5661,5661,tensor(0.0541),tensor(0.0364),tensor(0.0812)
5662,5662,tensor(0.0541),tensor(0.0364),tensor(0.0812)
5663,5663,tensor(0.0541),tensor(0.0364),tensor(0.0812)
5664,5664,tensor(0.0541),tensor(0.0364),tensor(0.0812)
5665,5665,tensor(0.0541),tensor(0.0364),tensor(0.0812)
5666,5666,tensor(0.0541),tensor(0.0364),tensor(0.0812)
5667,5667,tensor(0.0541),tensor(0.0364),tensor(0.0812)
5668,5668,tensor(0.0541),tensor(0.0364),tensor(0.0812)
5669,5669,tensor(0.0541),tensor(0.0364),tensor(0.0812)
5670,5670,tensor(0.0541),tensor(0.0364),tensor(0.0812)
5671,5671,tensor(0.0541),tensor(0.0364),tensor(0.0812)
5672,5672,tensor(0.0541),tensor(0.0364),tensor(0.0812)
5673,5673,tensor(0.0540),tensor(0.0364),tensor(0.0812)
5674,5674,tensor(0.0540),tensor(0.0364),tensor(0.0812)
5675,5675,tensor(0.0540),tensor(0.0364),tensor(0.0812)
5676,5676,tensor(0.0540),tensor(0.0364),tensor(0.0812)
5677,5677,tensor(0.0540),tensor(0.0364),tensor(0.0812)
5678,5678,tensor(0.0540),tensor(0.0364),tensor(0.0812)
5679,5679,tensor(0.0540),tensor(0.0364),tensor(0.0812)
5680,5680,tensor(0.0540),tensor(0.0364),tensor(0.0812)
5681,5681,tensor(0.0540),tensor(0.0364),tensor(0.0812)
5682,5682,tensor(0.0540),tensor(0.0364),tensor(0.0812)
5683,5683,tensor(0.0540),tensor(0.0364),tensor(0.0812)
5684,5684,tensor(0.0540),tensor(0.0364),tensor(0.0812)
5685,5685,tensor(0.0540),tensor(0.0364),tensor(0.0812)
5686,5686,tensor(0.0540),tensor(0.0364),tensor(0.0812)
5687,5687,tensor(0.0540),tensor(0.0364),tensor(0.0812)
5688,5688,tensor(0.0540),tensor(0.0364),tensor(0.0812)
5689,5689,tensor(0.0540),tensor(0.0364),tensor(0.0812)
5690,5690,tensor(0.0540),tensor(0.0364),tensor(0.0812)
5691,5691,tensor(0.0540),tensor(0.0364),tensor(0.0812)
5692,5692,tensor(0.0540),tensor(0.0364),tensor(0.0812)
5693,5693,tensor(0.0540),tensor(0.0364),tensor(0.0812)
5694,5694,tensor(0.0540),tensor(0.0364),tensor(0.0812)
5695,5695,tensor(0.0540),tensor(0.0364),tensor(0.0812)
5696,5696,tensor(0.0540),tensor(0.0364),tensor(0.0812)
5697,5697,tensor(0.0540),tensor(0.0364),tensor(0.0812)
5698,5698,tensor(0.0540),tensor(0.0364),tensor(0.0812)
5699,5699,tensor(0.0540),tensor(0.0364),tensor(0.0812)
5700,5700,tensor(0.0540),tensor(0.0364),tensor(0.0812)
5701,5701,tensor(0.0540),tensor(0.0364),tensor(0.0812)
5702,5702,tensor(0.0540),tensor(0.0364),tensor(0.0812)
5703,5703,tensor(0.0540),tensor(0.0364),tensor(0.0812)
5704,5704,tensor(0.0540),tensor(0.0364),tensor(0.0812)
5705,5705,tensor(0.0540),tensor(0.0364),tensor(0.0812)
5706,5706,tensor(0.0540),tensor(0.0364),tensor(0.0812)
5707,5707,tensor(0.0540),tensor(0.0364),tensor(0.0812)
5708,5708,tensor(0.0540),tensor(0.0364),tensor(0.0812)
5709,5709,tensor(0.0540),tensor(0.0364),tensor(0.0812)
5710,5710,tensor(0.0540),tensor(0.0364),tensor(0.0812)
5711,5711,tensor(0.0540),tensor(0.0364),tensor(0.0812)
5712,5712,tensor(0.0540),tensor(0.0364),tensor(0.0812)
5713,5713,tensor(0.0540),tensor(0.0364),tensor(0.0812)
5714,5714,tensor(0.0540),tensor(0.0364),tensor(0.0812)
5715,5715,tensor(0.0540),tensor(0.0364),tensor(0.0812)
5716,5716,tensor(0.0540),tensor(0.0364),tensor(0.0812)
5717,5717,tensor(0.0540),tensor(0.0364),tensor(0.0812)
5718,5718,tensor(0.0540),tensor(0.0364),tensor(0.0812)
5719,5719,tensor(0.0540),tensor(0.0364),tensor(0.0812)
5720,5720,tensor(0.0540),tensor(0.0364),tensor(0.0812)
5721,5721,tensor(0.0540),tensor(0.0364),tensor(0.0812)
5722,5722,tensor(0.0540),tensor(0.0364),tensor(0.0812)
5723,5723,tensor(0.0540),tensor(0.0364),tensor(0.0812)
5724,5724,tensor(0.0540),tensor(0.0364),tensor(0.0812)
5725,5725,tensor(0.0540),tensor(0.0364),tensor(0.0812)
5726,5726,tensor(0.0540),tensor(0.0364),tensor(0.0812)
5727,5727,tensor(0.0540),tensor(0.0364),tensor(0.0812)
5728,5728,tensor(0.0540),tensor(0.0364),tensor(0.0812)
5729,5729,tensor(0.0540),tensor(0.0364),tensor(0.0812)
5730,5730,tensor(0.0540),tensor(0.0364),tensor(0.0812)
5731,5731,tensor(0.0540),tensor(0.0364),tensor(0.0812)
5732,5732,tensor(0.0540),tensor(0.0364),tensor(0.0812)
5733,5733,tensor(0.0540),tensor(0.0364),tensor(0.0812)
5734,5734,tensor(0.0540),tensor(0.0364),tensor(0.0812)
5735,5735,tensor(0.0540),tensor(0.0364),tensor(0.0812)
5736,5736,tensor(0.0539),tensor(0.0364),tensor(0.0812)
5737,5737,tensor(0.0539),tensor(0.0364),tensor(0.0812)
5738,5738,tensor(0.0539),tensor(0.0363),tensor(0.0812)
5739,5739,tensor(0.0539),tensor(0.0363),tensor(0.0812)
5740,5740,tensor(0.0539),tensor(0.0363),tensor(0.0812)
5741,5741,tensor(0.0539),tensor(0.0363),tensor(0.0812)
5742,5742,tensor(0.0539),tensor(0.0363),tensor(0.0812)
5743,5743,tensor(0.0539),tensor(0.0363),tensor(0.0812)
5744,5744,tensor(0.0539),tensor(0.0363),tensor(0.0812)
5745,5745,tensor(0.0539),tensor(0.0363),tensor(0.0812)
5746,5746,tensor(0.0539),tensor(0.0363),tensor(0.0812)
5747,5747,tensor(0.0539),tensor(0.0363),tensor(0.0812)
5748,5748,tensor(0.0539),tensor(0.0363),tensor(0.0812)
5749,5749,tensor(0.0539),tensor(0.0363),tensor(0.0812)
5750,5750,tensor(0.0539),tensor(0.0363),tensor(0.0812)
5751,5751,tensor(0.0539),tensor(0.0363),tensor(0.0812)
5752,5752,tensor(0.0539),tensor(0.0363),tensor(0.0812)
5753,5753,tensor(0.0539),tensor(0.0363),tensor(0.0812)
5754,5754,tensor(0.0539),tensor(0.0363),tensor(0.0812)
5755,5755,tensor(0.0539),tensor(0.0363),tensor(0.0812)
5756,5756,tensor(0.0539),tensor(0.0363),tensor(0.0812)
5757,5757,tensor(0.0539),tensor(0.0363),tensor(0.0812)
5758,5758,tensor(0.0539),tensor(0.0363),tensor(0.0812)
5759,5759,tensor(0.0539),tensor(0.0363),tensor(0.0812)
5760,5760,tensor(0.0539),tensor(0.0363),tensor(0.0812)
5761,5761,tensor(0.0539),tensor(0.0363),tensor(0.0812)
5762,5762,tensor(0.0539),tensor(0.0363),tensor(0.0812)
5763,5763,tensor(0.0539),tensor(0.0363),tensor(0.0812)
5764,5764,tensor(0.0539),tensor(0.0363),tensor(0.0812)
5765,5765,tensor(0.0539),tensor(0.0363),tensor(0.0812)
5766,5766,tensor(0.0539),tensor(0.0363),tensor(0.0812)
5767,5767,tensor(0.0539),tensor(0.0363),tensor(0.0812)
5768,5768,tensor(0.0539),tensor(0.0363),tensor(0.0812)
5769,5769,tensor(0.0539),tensor(0.0363),tensor(0.0812)
5770,5770,tensor(0.0539),tensor(0.0363),tensor(0.0812)
5771,5771,tensor(0.0539),tensor(0.0363),tensor(0.0812)
5772,5772,tensor(0.0539),tensor(0.0363),tensor(0.0812)
5773,5773,tensor(0.0539),tensor(0.0363),tensor(0.0812)
5774,5774,tensor(0.0539),tensor(0.0363),tensor(0.0812)
5775,5775,tensor(0.0539),tensor(0.0363),tensor(0.0812)
5776,5776,tensor(0.0539),tensor(0.0363),tensor(0.0812)
5777,5777,tensor(0.0539),tensor(0.0363),tensor(0.0812)
5778,5778,tensor(0.0539),tensor(0.0363),tensor(0.0812)
5779,5779,tensor(0.0539),tensor(0.0363),tensor(0.0812)
5780,5780,tensor(0.0539),tensor(0.0363),tensor(0.0812)
5781,5781,tensor(0.0539),tensor(0.0363),tensor(0.0812)
5782,5782,tensor(0.0539),tensor(0.0363),tensor(0.0812)
5783,5783,tensor(0.0539),tensor(0.0363),tensor(0.0812)
5784,5784,tensor(0.0539),tensor(0.0363),tensor(0.0812)
5785,5785,tensor(0.0539),tensor(0.0363),tensor(0.0812)
5786,5786,tensor(0.0539),tensor(0.0363),tensor(0.0812)
5787,5787,tensor(0.0539),tensor(0.0363),tensor(0.0812)
5788,5788,tensor(0.0539),tensor(0.0363),tensor(0.0812)
5789,5789,tensor(0.0539),tensor(0.0363),tensor(0.0812)
5790,5790,tensor(0.0539),tensor(0.0363),tensor(0.0812)
5791,5791,tensor(0.0539),tensor(0.0363),tensor(0.0812)
5792,5792,tensor(0.0539),tensor(0.0363),tensor(0.0812)
5793,5793,tensor(0.0539),tensor(0.0363),tensor(0.0812)
5794,5794,tensor(0.0539),tensor(0.0363),tensor(0.0812)
5795,5795,tensor(0.0539),tensor(0.0363),tensor(0.0812)
5796,5796,tensor(0.0539),tensor(0.0363),tensor(0.0812)
5797,5797,tensor(0.0539),tensor(0.0363),tensor(0.0812)
5798,5798,tensor(0.0539),tensor(0.0363),tensor(0.0811)
5799,5799,tensor(0.0539),tensor(0.0363),tensor(0.0811)
5800,5800,tensor(0.0539),tensor(0.0363),tensor(0.0811)
5801,5801,tensor(0.0539),tensor(0.0363),tensor(0.0811)
5802,5802,tensor(0.0538),tensor(0.0363),tensor(0.0811)
5803,5803,tensor(0.0538),tensor(0.0363),tensor(0.0811)
5804,5804,tensor(0.0538),tensor(0.0363),tensor(0.0811)
5805,5805,tensor(0.0538),tensor(0.0363),tensor(0.0811)
5806,5806,tensor(0.0538),tensor(0.0363),tensor(0.0811)
5807,5807,tensor(0.0538),tensor(0.0363),tensor(0.0811)
5808,5808,tensor(0.0538),tensor(0.0363),tensor(0.0811)
5809,5809,tensor(0.0538),tensor(0.0363),tensor(0.0811)
5810,5810,tensor(0.0538),tensor(0.0363),tensor(0.0811)
5811,5811,tensor(0.0538),tensor(0.0363),tensor(0.0811)
5812,5812,tensor(0.0538),tensor(0.0363),tensor(0.0811)
5813,5813,tensor(0.0538),tensor(0.0363),tensor(0.0811)
5814,5814,tensor(0.0538),tensor(0.0363),tensor(0.0811)
5815,5815,tensor(0.0538),tensor(0.0363),tensor(0.0811)
5816,5816,tensor(0.0538),tensor(0.0363),tensor(0.0811)
5817,5817,tensor(0.0538),tensor(0.0363),tensor(0.0811)
5818,5818,tensor(0.0538),tensor(0.0363),tensor(0.0811)
5819,5819,tensor(0.0538),tensor(0.0363),tensor(0.0811)
5820,5820,tensor(0.0538),tensor(0.0363),tensor(0.0811)
5821,5821,tensor(0.0538),tensor(0.0363),tensor(0.0811)
5822,5822,tensor(0.0538),tensor(0.0363),tensor(0.0811)
5823,5823,tensor(0.0538),tensor(0.0363),tensor(0.0811)
5824,5824,tensor(0.0538),tensor(0.0363),tensor(0.0811)
5825,5825,tensor(0.0538),tensor(0.0363),tensor(0.0811)
5826,5826,tensor(0.0538),tensor(0.0363),tensor(0.0811)
5827,5827,tensor(0.0538),tensor(0.0363),tensor(0.0811)
5828,5828,tensor(0.0538),tensor(0.0363),tensor(0.0811)
5829,5829,tensor(0.0538),tensor(0.0363),tensor(0.0811)
5830,5830,tensor(0.0538),tensor(0.0363),tensor(0.0811)
5831,5831,tensor(0.0538),tensor(0.0363),tensor(0.0811)
5832,5832,tensor(0.0538),tensor(0.0363),tensor(0.0811)
5833,5833,tensor(0.0538),tensor(0.0363),tensor(0.0811)
5834,5834,tensor(0.0538),tensor(0.0363),tensor(0.0811)
5835,5835,tensor(0.0538),tensor(0.0363),tensor(0.0811)
5836,5836,tensor(0.0538),tensor(0.0363),tensor(0.0811)
5837,5837,tensor(0.0538),tensor(0.0363),tensor(0.0811)
5838,5838,tensor(0.0538),tensor(0.0363),tensor(0.0811)
5839,5839,tensor(0.0538),tensor(0.0363),tensor(0.0811)
5840,5840,tensor(0.0538),tensor(0.0363),tensor(0.0811)
5841,5841,tensor(0.0538),tensor(0.0363),tensor(0.0811)
5842,5842,tensor(0.0538),tensor(0.0363),tensor(0.0811)
5843,5843,tensor(0.0538),tensor(0.0363),tensor(0.0811)
5844,5844,tensor(0.0538),tensor(0.0362),tensor(0.0811)
5845,5845,tensor(0.0538),tensor(0.0362),tensor(0.0811)
5846,5846,tensor(0.0538),tensor(0.0362),tensor(0.0811)
5847,5847,tensor(0.0538),tensor(0.0362),tensor(0.0811)
5848,5848,tensor(0.0538),tensor(0.0362),tensor(0.0811)
5849,5849,tensor(0.0538),tensor(0.0362),tensor(0.0811)
5850,5850,tensor(0.0538),tensor(0.0362),tensor(0.0811)
5851,5851,tensor(0.0538),tensor(0.0362),tensor(0.0811)
5852,5852,tensor(0.0538),tensor(0.0362),tensor(0.0811)
5853,5853,tensor(0.0538),tensor(0.0362),tensor(0.0811)
5854,5854,tensor(0.0538),tensor(0.0362),tensor(0.0811)
5855,5855,tensor(0.0538),tensor(0.0362),tensor(0.0811)
5856,5856,tensor(0.0538),tensor(0.0362),tensor(0.0811)
5857,5857,tensor(0.0538),tensor(0.0362),tensor(0.0811)
5858,5858,tensor(0.0538),tensor(0.0362),tensor(0.0811)
5859,5859,tensor(0.0538),tensor(0.0362),tensor(0.0811)
5860,5860,tensor(0.0538),tensor(0.0362),tensor(0.0811)
5861,5861,tensor(0.0538),tensor(0.0362),tensor(0.0811)
5862,5862,tensor(0.0538),tensor(0.0362),tensor(0.0811)
5863,5863,tensor(0.0538),tensor(0.0362),tensor(0.0811)
5864,5864,tensor(0.0538),tensor(0.0362),tensor(0.0811)
5865,5865,tensor(0.0538),tensor(0.0362),tensor(0.0811)
5866,5866,tensor(0.0538),tensor(0.0362),tensor(0.0811)
5867,5867,tensor(0.0538),tensor(0.0362),tensor(0.0811)
5868,5868,tensor(0.0538),tensor(0.0362),tensor(0.0811)
5869,5869,tensor(0.0538),tensor(0.0362),tensor(0.0811)
5870,5870,tensor(0.0538),tensor(0.0362),tensor(0.0811)
5871,5871,tensor(0.0537),tensor(0.0362),tensor(0.0811)
5872,5872,tensor(0.0537),tensor(0.0362),tensor(0.0811)
5873,5873,tensor(0.0537),tensor(0.0362),tensor(0.0811)
5874,5874,tensor(0.0537),tensor(0.0362),tensor(0.0811)
5875,5875,tensor(0.0537),tensor(0.0362),tensor(0.0811)
5876,5876,tensor(0.0537),tensor(0.0362),tensor(0.0811)
5877,5877,tensor(0.0537),tensor(0.0362),tensor(0.0811)
5878,5878,tensor(0.0537),tensor(0.0362),tensor(0.0811)
5879,5879,tensor(0.0537),tensor(0.0362),tensor(0.0811)
5880,5880,tensor(0.0537),tensor(0.0362),tensor(0.0811)
5881,5881,tensor(0.0537),tensor(0.0362),tensor(0.0811)
5882,5882,tensor(0.0537),tensor(0.0362),tensor(0.0811)
5883,5883,tensor(0.0537),tensor(0.0362),tensor(0.0811)
5884,5884,tensor(0.0537),tensor(0.0362),tensor(0.0811)
5885,5885,tensor(0.0537),tensor(0.0362),tensor(0.0811)
5886,5886,tensor(0.0537),tensor(0.0362),tensor(0.0811)
5887,5887,tensor(0.0537),tensor(0.0362),tensor(0.0811)
5888,5888,tensor(0.0537),tensor(0.0362),tensor(0.0811)
5889,5889,tensor(0.0537),tensor(0.0362),tensor(0.0811)
5890,5890,tensor(0.0537),tensor(0.0362),tensor(0.0811)
5891,5891,tensor(0.0537),tensor(0.0362),tensor(0.0811)
5892,5892,tensor(0.0537),tensor(0.0362),tensor(0.0811)
5893,5893,tensor(0.0537),tensor(0.0362),tensor(0.0811)
5894,5894,tensor(0.0537),tensor(0.0362),tensor(0.0811)
5895,5895,tensor(0.0537),tensor(0.0362),tensor(0.0811)
5896,5896,tensor(0.0537),tensor(0.0362),tensor(0.0811)
5897,5897,tensor(0.0537),tensor(0.0362),tensor(0.0811)
5898,5898,tensor(0.0537),tensor(0.0362),tensor(0.0811)
5899,5899,tensor(0.0537),tensor(0.0362),tensor(0.0811)
5900,5900,tensor(0.0537),tensor(0.0362),tensor(0.0811)
5901,5901,tensor(0.0537),tensor(0.0362),tensor(0.0811)
5902,5902,tensor(0.0537),tensor(0.0362),tensor(0.0811)
5903,5903,tensor(0.0537),tensor(0.0362),tensor(0.0811)
5904,5904,tensor(0.0537),tensor(0.0362),tensor(0.0811)
5905,5905,tensor(0.0537),tensor(0.0362),tensor(0.0811)
5906,5906,tensor(0.0537),tensor(0.0362),tensor(0.0811)
5907,5907,tensor(0.0537),tensor(0.0362),tensor(0.0811)
5908,5908,tensor(0.0537),tensor(0.0362),tensor(0.0811)
5909,5909,tensor(0.0537),tensor(0.0362),tensor(0.0811)
5910,5910,tensor(0.0537),tensor(0.0362),tensor(0.0811)
5911,5911,tensor(0.0537),tensor(0.0362),tensor(0.0811)
5912,5912,tensor(0.0537),tensor(0.0362),tensor(0.0811)
5913,5913,tensor(0.0537),tensor(0.0362),tensor(0.0811)
5914,5914,tensor(0.0537),tensor(0.0362),tensor(0.0811)
5915,5915,tensor(0.0537),tensor(0.0362),tensor(0.0811)
5916,5916,tensor(0.0537),tensor(0.0362),tensor(0.0811)
5917,5917,tensor(0.0537),tensor(0.0362),tensor(0.0811)
5918,5918,tensor(0.0537),tensor(0.0362),tensor(0.0811)
5919,5919,tensor(0.0537),tensor(0.0362),tensor(0.0811)
5920,5920,tensor(0.0537),tensor(0.0362),tensor(0.0811)
5921,5921,tensor(0.0537),tensor(0.0362),tensor(0.0811)
5922,5922,tensor(0.0537),tensor(0.0362),tensor(0.0811)
5923,5923,tensor(0.0537),tensor(0.0362),tensor(0.0811)
5924,5924,tensor(0.0537),tensor(0.0362),tensor(0.0811)
5925,5925,tensor(0.0537),tensor(0.0362),tensor(0.0811)
5926,5926,tensor(0.0537),tensor(0.0362),tensor(0.0811)
5927,5927,tensor(0.0537),tensor(0.0362),tensor(0.0811)
5928,5928,tensor(0.0537),tensor(0.0362),tensor(0.0811)
5929,5929,tensor(0.0537),tensor(0.0362),tensor(0.0811)
5930,5930,tensor(0.0537),tensor(0.0362),tensor(0.0811)
5931,5931,tensor(0.0537),tensor(0.0362),tensor(0.0811)
5932,5932,tensor(0.0537),tensor(0.0362),tensor(0.0811)
5933,5933,tensor(0.0537),tensor(0.0362),tensor(0.0811)
5934,5934,tensor(0.0537),tensor(0.0362),tensor(0.0811)
5935,5935,tensor(0.0537),tensor(0.0362),tensor(0.0811)
5936,5936,tensor(0.0537),tensor(0.0362),tensor(0.0811)
5937,5937,tensor(0.0537),tensor(0.0362),tensor(0.0811)
5938,5938,tensor(0.0537),tensor(0.0362),tensor(0.0811)
5939,5939,tensor(0.0537),tensor(0.0362),tensor(0.0811)
5940,5940,tensor(0.0537),tensor(0.0362),tensor(0.0811)
5941,5941,tensor(0.0537),tensor(0.0362),tensor(0.0811)
5942,5942,tensor(0.0537),tensor(0.0362),tensor(0.0811)
5943,5943,tensor(0.0537),tensor(0.0362),tensor(0.0811)
5944,5944,tensor(0.0536),tensor(0.0362),tensor(0.0811)
5945,5945,tensor(0.0536),tensor(0.0362),tensor(0.0811)
5946,5946,tensor(0.0536),tensor(0.0362),tensor(0.0811)
5947,5947,tensor(0.0536),tensor(0.0362),tensor(0.0811)
5948,5948,tensor(0.0536),tensor(0.0362),tensor(0.0811)
5949,5949,tensor(0.0536),tensor(0.0362),tensor(0.0811)
5950,5950,tensor(0.0536),tensor(0.0362),tensor(0.0811)
5951,5951,tensor(0.0536),tensor(0.0361),tensor(0.0811)
5952,5952,tensor(0.0536),tensor(0.0361),tensor(0.0811)
5953,5953,tensor(0.0536),tensor(0.0361),tensor(0.0811)
5954,5954,tensor(0.0536),tensor(0.0361),tensor(0.0811)
5955,5955,tensor(0.0536),tensor(0.0361),tensor(0.0811)
5956,5956,tensor(0.0536),tensor(0.0361),tensor(0.0811)
5957,5957,tensor(0.0536),tensor(0.0361),tensor(0.0811)
5958,5958,tensor(0.0536),tensor(0.0361),tensor(0.0811)
5959,5959,tensor(0.0536),tensor(0.0361),tensor(0.0811)
5960,5960,tensor(0.0536),tensor(0.0361),tensor(0.0811)
5961,5961,tensor(0.0536),tensor(0.0361),tensor(0.0811)
5962,5962,tensor(0.0536),tensor(0.0361),tensor(0.0811)
5963,5963,tensor(0.0536),tensor(0.0361),tensor(0.0811)
5964,5964,tensor(0.0536),tensor(0.0361),tensor(0.0811)
5965,5965,tensor(0.0536),tensor(0.0361),tensor(0.0811)
5966,5966,tensor(0.0536),tensor(0.0361),tensor(0.0811)
5967,5967,tensor(0.0536),tensor(0.0361),tensor(0.0811)
5968,5968,tensor(0.0536),tensor(0.0361),tensor(0.0811)
5969,5969,tensor(0.0536),tensor(0.0361),tensor(0.0811)
5970,5970,tensor(0.0536),tensor(0.0361),tensor(0.0811)
5971,5971,tensor(0.0536),tensor(0.0361),tensor(0.0811)
5972,5972,tensor(0.0536),tensor(0.0361),tensor(0.0811)
5973,5973,tensor(0.0536),tensor(0.0361),tensor(0.0811)
5974,5974,tensor(0.0536),tensor(0.0361),tensor(0.0811)
5975,5975,tensor(0.0536),tensor(0.0361),tensor(0.0811)
5976,5976,tensor(0.0536),tensor(0.0361),tensor(0.0811)
5977,5977,tensor(0.0536),tensor(0.0361),tensor(0.0811)
5978,5978,tensor(0.0536),tensor(0.0361),tensor(0.0811)
5979,5979,tensor(0.0536),tensor(0.0361),tensor(0.0811)
5980,5980,tensor(0.0536),tensor(0.0361),tensor(0.0811)
5981,5981,tensor(0.0536),tensor(0.0361),tensor(0.0811)
5982,5982,tensor(0.0536),tensor(0.0361),tensor(0.0811)
5983,5983,tensor(0.0536),tensor(0.0361),tensor(0.0811)
5984,5984,tensor(0.0536),tensor(0.0361),tensor(0.0811)
5985,5985,tensor(0.0536),tensor(0.0361),tensor(0.0811)
5986,5986,tensor(0.0536),tensor(0.0361),tensor(0.0811)
5987,5987,tensor(0.0536),tensor(0.0361),tensor(0.0811)
5988,5988,tensor(0.0536),tensor(0.0361),tensor(0.0811)
5989,5989,tensor(0.0536),tensor(0.0361),tensor(0.0811)
5990,5990,tensor(0.0536),tensor(0.0361),tensor(0.0811)
5991,5991,tensor(0.0536),tensor(0.0361),tensor(0.0811)
5992,5992,tensor(0.0536),tensor(0.0361),tensor(0.0811)
5993,5993,tensor(0.0536),tensor(0.0361),tensor(0.0811)
5994,5994,tensor(0.0536),tensor(0.0361),tensor(0.0811)
5995,5995,tensor(0.0536),tensor(0.0361),tensor(0.0811)
5996,5996,tensor(0.0536),tensor(0.0361),tensor(0.0811)
5997,5997,tensor(0.0536),tensor(0.0361),tensor(0.0811)
5998,5998,tensor(0.0536),tensor(0.0361),tensor(0.0811)
5999,5999,tensor(0.0536),tensor(0.0361),tensor(0.0811)
6000,6000,tensor(0.0536),tensor(0.0361),tensor(0.0811)
6001,6001,tensor(0.0536),tensor(0.0361),tensor(0.0811)
6002,6002,tensor(0.0536),tensor(0.0361),tensor(0.0811)
6003,6003,tensor(0.0536),tensor(0.0361),tensor(0.0811)
6004,6004,tensor(0.0536),tensor(0.0361),tensor(0.0811)
6005,6005,tensor(0.0536),tensor(0.0361),tensor(0.0811)
6006,6006,tensor(0.0536),tensor(0.0361),tensor(0.0811)
6007,6007,tensor(0.0536),tensor(0.0361),tensor(0.0811)
6008,6008,tensor(0.0536),tensor(0.0361),tensor(0.0811)
6009,6009,tensor(0.0536),tensor(0.0361),tensor(0.0811)
6010,6010,tensor(0.0536),tensor(0.0361),tensor(0.0811)
6011,6011,tensor(0.0536),tensor(0.0361),tensor(0.0811)
6012,6012,tensor(0.0536),tensor(0.0361),tensor(0.0811)
6013,6013,tensor(0.0536),tensor(0.0361),tensor(0.0811)
6014,6014,tensor(0.0536),tensor(0.0361),tensor(0.0811)
6015,6015,tensor(0.0536),tensor(0.0361),tensor(0.0811)
6016,6016,tensor(0.0536),tensor(0.0361),tensor(0.0811)
6017,6017,tensor(0.0536),tensor(0.0361),tensor(0.0811)
6018,6018,tensor(0.0536),tensor(0.0361),tensor(0.0811)
6019,6019,tensor(0.0536),tensor(0.0361),tensor(0.0811)
6020,6020,tensor(0.0536),tensor(0.0361),tensor(0.0810)
6021,6021,tensor(0.0535),tensor(0.0361),tensor(0.0810)
6022,6022,tensor(0.0535),tensor(0.0361),tensor(0.0810)
6023,6023,tensor(0.0535),tensor(0.0361),tensor(0.0810)
6024,6024,tensor(0.0535),tensor(0.0361),tensor(0.0810)
6025,6025,tensor(0.0535),tensor(0.0361),tensor(0.0810)
6026,6026,tensor(0.0535),tensor(0.0361),tensor(0.0810)
6027,6027,tensor(0.0535),tensor(0.0361),tensor(0.0810)
6028,6028,tensor(0.0535),tensor(0.0361),tensor(0.0810)
6029,6029,tensor(0.0535),tensor(0.0361),tensor(0.0810)
6030,6030,tensor(0.0535),tensor(0.0361),tensor(0.0810)
6031,6031,tensor(0.0535),tensor(0.0361),tensor(0.0810)
6032,6032,tensor(0.0535),tensor(0.0361),tensor(0.0810)
6033,6033,tensor(0.0535),tensor(0.0361),tensor(0.0810)
6034,6034,tensor(0.0535),tensor(0.0361),tensor(0.0810)
6035,6035,tensor(0.0535),tensor(0.0361),tensor(0.0810)
6036,6036,tensor(0.0535),tensor(0.0361),tensor(0.0810)
6037,6037,tensor(0.0535),tensor(0.0361),tensor(0.0810)
6038,6038,tensor(0.0535),tensor(0.0361),tensor(0.0810)
6039,6039,tensor(0.0535),tensor(0.0361),tensor(0.0810)
6040,6040,tensor(0.0535),tensor(0.0361),tensor(0.0810)
6041,6041,tensor(0.0535),tensor(0.0361),tensor(0.0810)
6042,6042,tensor(0.0535),tensor(0.0361),tensor(0.0810)
6043,6043,tensor(0.0535),tensor(0.0361),tensor(0.0810)
6044,6044,tensor(0.0535),tensor(0.0361),tensor(0.0810)
6045,6045,tensor(0.0535),tensor(0.0361),tensor(0.0810)
6046,6046,tensor(0.0535),tensor(0.0361),tensor(0.0810)
6047,6047,tensor(0.0535),tensor(0.0361),tensor(0.0810)
6048,6048,tensor(0.0535),tensor(0.0361),tensor(0.0810)
6049,6049,tensor(0.0535),tensor(0.0361),tensor(0.0810)
6050,6050,tensor(0.0535),tensor(0.0361),tensor(0.0810)
6051,6051,tensor(0.0535),tensor(0.0361),tensor(0.0810)
6052,6052,tensor(0.0535),tensor(0.0361),tensor(0.0810)
6053,6053,tensor(0.0535),tensor(0.0361),tensor(0.0810)
6054,6054,tensor(0.0535),tensor(0.0361),tensor(0.0810)
6055,6055,tensor(0.0535),tensor(0.0361),tensor(0.0810)
6056,6056,tensor(0.0535),tensor(0.0361),tensor(0.0810)
6057,6057,tensor(0.0535),tensor(0.0361),tensor(0.0810)
6058,6058,tensor(0.0535),tensor(0.0361),tensor(0.0810)
6059,6059,tensor(0.0535),tensor(0.0361),tensor(0.0810)
6060,6060,tensor(0.0535),tensor(0.0361),tensor(0.0810)
6061,6061,tensor(0.0535),tensor(0.0360),tensor(0.0810)
6062,6062,tensor(0.0535),tensor(0.0360),tensor(0.0810)
6063,6063,tensor(0.0535),tensor(0.0360),tensor(0.0810)
6064,6064,tensor(0.0535),tensor(0.0360),tensor(0.0810)
6065,6065,tensor(0.0535),tensor(0.0360),tensor(0.0810)
6066,6066,tensor(0.0535),tensor(0.0360),tensor(0.0810)
6067,6067,tensor(0.0535),tensor(0.0360),tensor(0.0810)
6068,6068,tensor(0.0535),tensor(0.0360),tensor(0.0810)
6069,6069,tensor(0.0535),tensor(0.0360),tensor(0.0810)
6070,6070,tensor(0.0535),tensor(0.0360),tensor(0.0810)
6071,6071,tensor(0.0535),tensor(0.0360),tensor(0.0810)
6072,6072,tensor(0.0535),tensor(0.0360),tensor(0.0810)
6073,6073,tensor(0.0535),tensor(0.0360),tensor(0.0810)
6074,6074,tensor(0.0535),tensor(0.0360),tensor(0.0810)
6075,6075,tensor(0.0535),tensor(0.0360),tensor(0.0810)
6076,6076,tensor(0.0535),tensor(0.0360),tensor(0.0810)
6077,6077,tensor(0.0535),tensor(0.0360),tensor(0.0810)
6078,6078,tensor(0.0535),tensor(0.0360),tensor(0.0810)
6079,6079,tensor(0.0535),tensor(0.0360),tensor(0.0810)
6080,6080,tensor(0.0535),tensor(0.0360),tensor(0.0810)
6081,6081,tensor(0.0535),tensor(0.0360),tensor(0.0810)
6082,6082,tensor(0.0535),tensor(0.0360),tensor(0.0810)
6083,6083,tensor(0.0535),tensor(0.0360),tensor(0.0810)
6084,6084,tensor(0.0535),tensor(0.0360),tensor(0.0810)
6085,6085,tensor(0.0535),tensor(0.0360),tensor(0.0810)
6086,6086,tensor(0.0535),tensor(0.0360),tensor(0.0810)
6087,6087,tensor(0.0535),tensor(0.0360),tensor(0.0810)
6088,6088,tensor(0.0535),tensor(0.0360),tensor(0.0810)
6089,6089,tensor(0.0535),tensor(0.0360),tensor(0.0810)
6090,6090,tensor(0.0535),tensor(0.0360),tensor(0.0810)
6091,6091,tensor(0.0535),tensor(0.0360),tensor(0.0810)
6092,6092,tensor(0.0535),tensor(0.0360),tensor(0.0810)
6093,6093,tensor(0.0535),tensor(0.0360),tensor(0.0810)
6094,6094,tensor(0.0535),tensor(0.0360),tensor(0.0810)
6095,6095,tensor(0.0535),tensor(0.0360),tensor(0.0810)
6096,6096,tensor(0.0535),tensor(0.0360),tensor(0.0810)
6097,6097,tensor(0.0535),tensor(0.0360),tensor(0.0810)
6098,6098,tensor(0.0535),tensor(0.0360),tensor(0.0810)
6099,6099,tensor(0.0535),tensor(0.0360),tensor(0.0810)
6100,6100,tensor(0.0535),tensor(0.0360),tensor(0.0810)
6101,6101,tensor(0.0535),tensor(0.0360),tensor(0.0810)
6102,6102,tensor(0.0535),tensor(0.0360),tensor(0.0810)
6103,6103,tensor(0.0534),tensor(0.0360),tensor(0.0810)
6104,6104,tensor(0.0534),tensor(0.0360),tensor(0.0810)
6105,6105,tensor(0.0534),tensor(0.0360),tensor(0.0810)
6106,6106,tensor(0.0534),tensor(0.0360),tensor(0.0810)
6107,6107,tensor(0.0534),tensor(0.0360),tensor(0.0810)
6108,6108,tensor(0.0534),tensor(0.0360),tensor(0.0810)
6109,6109,tensor(0.0534),tensor(0.0360),tensor(0.0810)
6110,6110,tensor(0.0534),tensor(0.0360),tensor(0.0810)
6111,6111,tensor(0.0534),tensor(0.0360),tensor(0.0810)
6112,6112,tensor(0.0534),tensor(0.0360),tensor(0.0810)
6113,6113,tensor(0.0534),tensor(0.0360),tensor(0.0810)
6114,6114,tensor(0.0534),tensor(0.0360),tensor(0.0810)
6115,6115,tensor(0.0534),tensor(0.0360),tensor(0.0810)
6116,6116,tensor(0.0534),tensor(0.0360),tensor(0.0810)
6117,6117,tensor(0.0534),tensor(0.0360),tensor(0.0810)
6118,6118,tensor(0.0534),tensor(0.0360),tensor(0.0810)
6119,6119,tensor(0.0534),tensor(0.0360),tensor(0.0810)
6120,6120,tensor(0.0534),tensor(0.0360),tensor(0.0810)
6121,6121,tensor(0.0534),tensor(0.0360),tensor(0.0810)
6122,6122,tensor(0.0534),tensor(0.0360),tensor(0.0810)
6123,6123,tensor(0.0534),tensor(0.0360),tensor(0.0810)
6124,6124,tensor(0.0534),tensor(0.0360),tensor(0.0810)
6125,6125,tensor(0.0534),tensor(0.0360),tensor(0.0810)
6126,6126,tensor(0.0534),tensor(0.0360),tensor(0.0810)
6127,6127,tensor(0.0534),tensor(0.0360),tensor(0.0810)
6128,6128,tensor(0.0534),tensor(0.0360),tensor(0.0810)
6129,6129,tensor(0.0534),tensor(0.0360),tensor(0.0810)
6130,6130,tensor(0.0534),tensor(0.0360),tensor(0.0810)
6131,6131,tensor(0.0534),tensor(0.0360),tensor(0.0810)
6132,6132,tensor(0.0534),tensor(0.0360),tensor(0.0810)
6133,6133,tensor(0.0534),tensor(0.0360),tensor(0.0810)
6134,6134,tensor(0.0534),tensor(0.0360),tensor(0.0810)
6135,6135,tensor(0.0534),tensor(0.0360),tensor(0.0810)
6136,6136,tensor(0.0534),tensor(0.0360),tensor(0.0810)
6137,6137,tensor(0.0534),tensor(0.0360),tensor(0.0810)
6138,6138,tensor(0.0534),tensor(0.0360),tensor(0.0810)
6139,6139,tensor(0.0534),tensor(0.0360),tensor(0.0810)
6140,6140,tensor(0.0534),tensor(0.0360),tensor(0.0810)
6141,6141,tensor(0.0534),tensor(0.0360),tensor(0.0810)
6142,6142,tensor(0.0534),tensor(0.0360),tensor(0.0810)
6143,6143,tensor(0.0534),tensor(0.0360),tensor(0.0810)
6144,6144,tensor(0.0534),tensor(0.0360),tensor(0.0810)
6145,6145,tensor(0.0534),tensor(0.0360),tensor(0.0810)
6146,6146,tensor(0.0534),tensor(0.0360),tensor(0.0810)
6147,6147,tensor(0.0534),tensor(0.0360),tensor(0.0810)
6148,6148,tensor(0.0534),tensor(0.0360),tensor(0.0810)
6149,6149,tensor(0.0534),tensor(0.0360),tensor(0.0810)
6150,6150,tensor(0.0534),tensor(0.0360),tensor(0.0810)
6151,6151,tensor(0.0534),tensor(0.0360),tensor(0.0810)
6152,6152,tensor(0.0534),tensor(0.0360),tensor(0.0810)
6153,6153,tensor(0.0534),tensor(0.0360),tensor(0.0810)
6154,6154,tensor(0.0534),tensor(0.0360),tensor(0.0810)
6155,6155,tensor(0.0534),tensor(0.0360),tensor(0.0810)
6156,6156,tensor(0.0534),tensor(0.0360),tensor(0.0810)
6157,6157,tensor(0.0534),tensor(0.0360),tensor(0.0810)
6158,6158,tensor(0.0534),tensor(0.0360),tensor(0.0810)
6159,6159,tensor(0.0534),tensor(0.0360),tensor(0.0810)
6160,6160,tensor(0.0534),tensor(0.0360),tensor(0.0810)
6161,6161,tensor(0.0534),tensor(0.0360),tensor(0.0810)
6162,6162,tensor(0.0534),tensor(0.0360),tensor(0.0810)
6163,6163,tensor(0.0534),tensor(0.0360),tensor(0.0810)
6164,6164,tensor(0.0534),tensor(0.0360),tensor(0.0810)
6165,6165,tensor(0.0534),tensor(0.0360),tensor(0.0810)
6166,6166,tensor(0.0534),tensor(0.0360),tensor(0.0810)
6167,6167,tensor(0.0534),tensor(0.0360),tensor(0.0810)
6168,6168,tensor(0.0534),tensor(0.0360),tensor(0.0810)
6169,6169,tensor(0.0534),tensor(0.0360),tensor(0.0810)
6170,6170,tensor(0.0534),tensor(0.0360),tensor(0.0810)
6171,6171,tensor(0.0534),tensor(0.0360),tensor(0.0810)
6172,6172,tensor(0.0534),tensor(0.0360),tensor(0.0810)
6173,6173,tensor(0.0534),tensor(0.0360),tensor(0.0810)
6174,6174,tensor(0.0534),tensor(0.0360),tensor(0.0810)
6175,6175,tensor(0.0534),tensor(0.0359),tensor(0.0810)
6176,6176,tensor(0.0534),tensor(0.0359),tensor(0.0810)
6177,6177,tensor(0.0534),tensor(0.0359),tensor(0.0810)
6178,6178,tensor(0.0534),tensor(0.0359),tensor(0.0810)
6179,6179,tensor(0.0534),tensor(0.0359),tensor(0.0810)
6180,6180,tensor(0.0534),tensor(0.0359),tensor(0.0810)
6181,6181,tensor(0.0534),tensor(0.0359),tensor(0.0810)
6182,6182,tensor(0.0534),tensor(0.0359),tensor(0.0810)
6183,6183,tensor(0.0534),tensor(0.0359),tensor(0.0810)
6184,6184,tensor(0.0534),tensor(0.0359),tensor(0.0810)
6185,6185,tensor(0.0534),tensor(0.0359),tensor(0.0810)
6186,6186,tensor(0.0534),tensor(0.0359),tensor(0.0810)
6187,6187,tensor(0.0534),tensor(0.0359),tensor(0.0810)
6188,6188,tensor(0.0534),tensor(0.0359),tensor(0.0810)
6189,6189,tensor(0.0534),tensor(0.0359),tensor(0.0810)
6190,6190,tensor(0.0534),tensor(0.0359),tensor(0.0810)
6191,6191,tensor(0.0534),tensor(0.0359),tensor(0.0810)
6192,6192,tensor(0.0533),tensor(0.0359),tensor(0.0810)
6193,6193,tensor(0.0533),tensor(0.0359),tensor(0.0810)
6194,6194,tensor(0.0533),tensor(0.0359),tensor(0.0810)
6195,6195,tensor(0.0533),tensor(0.0359),tensor(0.0810)
6196,6196,tensor(0.0533),tensor(0.0359),tensor(0.0810)
6197,6197,tensor(0.0533),tensor(0.0359),tensor(0.0810)
6198,6198,tensor(0.0533),tensor(0.0359),tensor(0.0810)
6199,6199,tensor(0.0533),tensor(0.0359),tensor(0.0810)
6200,6200,tensor(0.0533),tensor(0.0359),tensor(0.0810)
6201,6201,tensor(0.0533),tensor(0.0359),tensor(0.0810)
6202,6202,tensor(0.0533),tensor(0.0359),tensor(0.0810)
6203,6203,tensor(0.0533),tensor(0.0359),tensor(0.0810)
6204,6204,tensor(0.0533),tensor(0.0359),tensor(0.0810)
6205,6205,tensor(0.0533),tensor(0.0359),tensor(0.0810)
6206,6206,tensor(0.0533),tensor(0.0359),tensor(0.0810)
6207,6207,tensor(0.0533),tensor(0.0359),tensor(0.0810)
6208,6208,tensor(0.0533),tensor(0.0359),tensor(0.0810)
6209,6209,tensor(0.0533),tensor(0.0359),tensor(0.0810)
6210,6210,tensor(0.0533),tensor(0.0359),tensor(0.0810)
6211,6211,tensor(0.0533),tensor(0.0359),tensor(0.0810)
6212,6212,tensor(0.0533),tensor(0.0359),tensor(0.0810)
6213,6213,tensor(0.0533),tensor(0.0359),tensor(0.0810)
6214,6214,tensor(0.0533),tensor(0.0359),tensor(0.0810)
6215,6215,tensor(0.0533),tensor(0.0359),tensor(0.0810)
6216,6216,tensor(0.0533),tensor(0.0359),tensor(0.0810)
6217,6217,tensor(0.0533),tensor(0.0359),tensor(0.0810)
6218,6218,tensor(0.0533),tensor(0.0359),tensor(0.0810)
6219,6219,tensor(0.0533),tensor(0.0359),tensor(0.0810)
6220,6220,tensor(0.0533),tensor(0.0359),tensor(0.0810)
6221,6221,tensor(0.0533),tensor(0.0359),tensor(0.0810)
6222,6222,tensor(0.0533),tensor(0.0359),tensor(0.0810)
6223,6223,tensor(0.0533),tensor(0.0359),tensor(0.0810)
6224,6224,tensor(0.0533),tensor(0.0359),tensor(0.0810)
6225,6225,tensor(0.0533),tensor(0.0359),tensor(0.0810)
6226,6226,tensor(0.0533),tensor(0.0359),tensor(0.0810)
6227,6227,tensor(0.0533),tensor(0.0359),tensor(0.0810)
6228,6228,tensor(0.0533),tensor(0.0359),tensor(0.0810)
6229,6229,tensor(0.0533),tensor(0.0359),tensor(0.0810)
6230,6230,tensor(0.0533),tensor(0.0359),tensor(0.0810)
6231,6231,tensor(0.0533),tensor(0.0359),tensor(0.0810)
6232,6232,tensor(0.0533),tensor(0.0359),tensor(0.0810)
6233,6233,tensor(0.0533),tensor(0.0359),tensor(0.0810)
6234,6234,tensor(0.0533),tensor(0.0359),tensor(0.0810)
6235,6235,tensor(0.0533),tensor(0.0359),tensor(0.0810)
6236,6236,tensor(0.0533),tensor(0.0359),tensor(0.0810)
6237,6237,tensor(0.0533),tensor(0.0359),tensor(0.0810)
6238,6238,tensor(0.0533),tensor(0.0359),tensor(0.0810)
6239,6239,tensor(0.0533),tensor(0.0359),tensor(0.0810)
6240,6240,tensor(0.0533),tensor(0.0359),tensor(0.0810)
6241,6241,tensor(0.0533),tensor(0.0359),tensor(0.0810)
6242,6242,tensor(0.0533),tensor(0.0359),tensor(0.0810)
6243,6243,tensor(0.0533),tensor(0.0359),tensor(0.0810)
6244,6244,tensor(0.0533),tensor(0.0359),tensor(0.0810)
6245,6245,tensor(0.0533),tensor(0.0359),tensor(0.0810)
6246,6246,tensor(0.0533),tensor(0.0359),tensor(0.0810)
6247,6247,tensor(0.0533),tensor(0.0359),tensor(0.0810)
6248,6248,tensor(0.0533),tensor(0.0359),tensor(0.0810)
6249,6249,tensor(0.0533),tensor(0.0359),tensor(0.0810)
6250,6250,tensor(0.0533),tensor(0.0359),tensor(0.0810)
6251,6251,tensor(0.0533),tensor(0.0359),tensor(0.0810)
6252,6252,tensor(0.0533),tensor(0.0359),tensor(0.0810)
6253,6253,tensor(0.0533),tensor(0.0359),tensor(0.0810)
6254,6254,tensor(0.0533),tensor(0.0359),tensor(0.0809)
6255,6255,tensor(0.0533),tensor(0.0359),tensor(0.0809)
6256,6256,tensor(0.0533),tensor(0.0359),tensor(0.0809)
6257,6257,tensor(0.0533),tensor(0.0359),tensor(0.0809)
6258,6258,tensor(0.0533),tensor(0.0359),tensor(0.0809)
6259,6259,tensor(0.0533),tensor(0.0359),tensor(0.0809)
6260,6260,tensor(0.0533),tensor(0.0359),tensor(0.0809)
6261,6261,tensor(0.0533),tensor(0.0359),tensor(0.0809)
6262,6262,tensor(0.0533),tensor(0.0359),tensor(0.0809)
6263,6263,tensor(0.0533),tensor(0.0359),tensor(0.0809)
6264,6264,tensor(0.0533),tensor(0.0359),tensor(0.0809)
6265,6265,tensor(0.0533),tensor(0.0359),tensor(0.0809)
6266,6266,tensor(0.0533),tensor(0.0359),tensor(0.0809)
6267,6267,tensor(0.0533),tensor(0.0359),tensor(0.0809)
6268,6268,tensor(0.0533),tensor(0.0359),tensor(0.0809)
6269,6269,tensor(0.0533),tensor(0.0359),tensor(0.0809)
6270,6270,tensor(0.0533),tensor(0.0359),tensor(0.0809)
6271,6271,tensor(0.0533),tensor(0.0359),tensor(0.0809)
6272,6272,tensor(0.0533),tensor(0.0359),tensor(0.0809)
6273,6273,tensor(0.0533),tensor(0.0359),tensor(0.0809)
6274,6274,tensor(0.0533),tensor(0.0359),tensor(0.0809)
6275,6275,tensor(0.0533),tensor(0.0359),tensor(0.0809)
6276,6276,tensor(0.0533),tensor(0.0359),tensor(0.0809)
6277,6277,tensor(0.0533),tensor(0.0359),tensor(0.0809)
6278,6278,tensor(0.0533),tensor(0.0359),tensor(0.0809)
6279,6279,tensor(0.0533),tensor(0.0359),tensor(0.0809)
6280,6280,tensor(0.0533),tensor(0.0359),tensor(0.0809)
6281,6281,tensor(0.0533),tensor(0.0359),tensor(0.0809)
6282,6282,tensor(0.0533),tensor(0.0359),tensor(0.0809)
6283,6283,tensor(0.0533),tensor(0.0359),tensor(0.0809)
6284,6284,tensor(0.0533),tensor(0.0359),tensor(0.0809)
6285,6285,tensor(0.0533),tensor(0.0359),tensor(0.0809)
6286,6286,tensor(0.0533),tensor(0.0359),tensor(0.0809)
6287,6287,tensor(0.0533),tensor(0.0359),tensor(0.0809)
6288,6288,tensor(0.0533),tensor(0.0359),tensor(0.0809)
6289,6289,tensor(0.0532),tensor(0.0359),tensor(0.0809)
6290,6290,tensor(0.0532),tensor(0.0359),tensor(0.0809)
6291,6291,tensor(0.0532),tensor(0.0358),tensor(0.0809)
6292,6292,tensor(0.0532),tensor(0.0358),tensor(0.0809)
6293,6293,tensor(0.0532),tensor(0.0358),tensor(0.0809)
6294,6294,tensor(0.0532),tensor(0.0358),tensor(0.0809)
6295,6295,tensor(0.0532),tensor(0.0358),tensor(0.0809)
6296,6296,tensor(0.0532),tensor(0.0358),tensor(0.0809)
6297,6297,tensor(0.0532),tensor(0.0358),tensor(0.0809)
6298,6298,tensor(0.0532),tensor(0.0358),tensor(0.0809)
6299,6299,tensor(0.0532),tensor(0.0358),tensor(0.0809)
6300,6300,tensor(0.0532),tensor(0.0358),tensor(0.0809)
6301,6301,tensor(0.0532),tensor(0.0358),tensor(0.0809)
6302,6302,tensor(0.0532),tensor(0.0358),tensor(0.0809)
6303,6303,tensor(0.0532),tensor(0.0358),tensor(0.0809)
6304,6304,tensor(0.0532),tensor(0.0358),tensor(0.0809)
6305,6305,tensor(0.0532),tensor(0.0358),tensor(0.0809)
6306,6306,tensor(0.0532),tensor(0.0358),tensor(0.0809)
6307,6307,tensor(0.0532),tensor(0.0358),tensor(0.0809)
6308,6308,tensor(0.0532),tensor(0.0358),tensor(0.0809)
6309,6309,tensor(0.0532),tensor(0.0358),tensor(0.0809)
6310,6310,tensor(0.0532),tensor(0.0358),tensor(0.0809)
6311,6311,tensor(0.0532),tensor(0.0358),tensor(0.0809)
6312,6312,tensor(0.0532),tensor(0.0358),tensor(0.0809)
6313,6313,tensor(0.0532),tensor(0.0358),tensor(0.0809)
6314,6314,tensor(0.0532),tensor(0.0358),tensor(0.0809)
6315,6315,tensor(0.0532),tensor(0.0358),tensor(0.0809)
6316,6316,tensor(0.0532),tensor(0.0358),tensor(0.0809)
6317,6317,tensor(0.0532),tensor(0.0358),tensor(0.0809)
6318,6318,tensor(0.0532),tensor(0.0358),tensor(0.0809)
6319,6319,tensor(0.0532),tensor(0.0358),tensor(0.0809)
6320,6320,tensor(0.0532),tensor(0.0358),tensor(0.0809)
6321,6321,tensor(0.0532),tensor(0.0358),tensor(0.0809)
6322,6322,tensor(0.0532),tensor(0.0358),tensor(0.0809)
6323,6323,tensor(0.0532),tensor(0.0358),tensor(0.0809)
6324,6324,tensor(0.0532),tensor(0.0358),tensor(0.0809)
6325,6325,tensor(0.0532),tensor(0.0358),tensor(0.0809)
6326,6326,tensor(0.0532),tensor(0.0358),tensor(0.0809)
6327,6327,tensor(0.0532),tensor(0.0358),tensor(0.0809)
6328,6328,tensor(0.0532),tensor(0.0358),tensor(0.0809)
6329,6329,tensor(0.0532),tensor(0.0358),tensor(0.0809)
6330,6330,tensor(0.0532),tensor(0.0358),tensor(0.0809)
6331,6331,tensor(0.0532),tensor(0.0358),tensor(0.0809)
6332,6332,tensor(0.0532),tensor(0.0358),tensor(0.0809)
6333,6333,tensor(0.0532),tensor(0.0358),tensor(0.0809)
6334,6334,tensor(0.0532),tensor(0.0358),tensor(0.0809)
6335,6335,tensor(0.0532),tensor(0.0358),tensor(0.0809)
6336,6336,tensor(0.0532),tensor(0.0358),tensor(0.0809)
6337,6337,tensor(0.0532),tensor(0.0358),tensor(0.0809)
6338,6338,tensor(0.0532),tensor(0.0358),tensor(0.0809)
6339,6339,tensor(0.0532),tensor(0.0358),tensor(0.0809)
6340,6340,tensor(0.0532),tensor(0.0358),tensor(0.0809)
6341,6341,tensor(0.0532),tensor(0.0358),tensor(0.0809)
6342,6342,tensor(0.0532),tensor(0.0358),tensor(0.0809)
6343,6343,tensor(0.0532),tensor(0.0358),tensor(0.0809)
6344,6344,tensor(0.0532),tensor(0.0358),tensor(0.0809)
6345,6345,tensor(0.0532),tensor(0.0358),tensor(0.0809)
6346,6346,tensor(0.0532),tensor(0.0358),tensor(0.0809)
6347,6347,tensor(0.0532),tensor(0.0358),tensor(0.0809)
6348,6348,tensor(0.0532),tensor(0.0358),tensor(0.0809)
6349,6349,tensor(0.0532),tensor(0.0358),tensor(0.0809)
6350,6350,tensor(0.0532),tensor(0.0358),tensor(0.0809)
6351,6351,tensor(0.0532),tensor(0.0358),tensor(0.0809)
6352,6352,tensor(0.0532),tensor(0.0358),tensor(0.0809)
6353,6353,tensor(0.0532),tensor(0.0358),tensor(0.0809)
6354,6354,tensor(0.0532),tensor(0.0358),tensor(0.0809)
6355,6355,tensor(0.0532),tensor(0.0358),tensor(0.0809)
6356,6356,tensor(0.0532),tensor(0.0358),tensor(0.0809)
6357,6357,tensor(0.0532),tensor(0.0358),tensor(0.0809)
6358,6358,tensor(0.0532),tensor(0.0358),tensor(0.0809)
6359,6359,tensor(0.0532),tensor(0.0358),tensor(0.0809)
6360,6360,tensor(0.0532),tensor(0.0358),tensor(0.0809)
6361,6361,tensor(0.0532),tensor(0.0358),tensor(0.0809)
6362,6362,tensor(0.0532),tensor(0.0358),tensor(0.0809)
6363,6363,tensor(0.0532),tensor(0.0358),tensor(0.0809)
6364,6364,tensor(0.0532),tensor(0.0358),tensor(0.0809)
6365,6365,tensor(0.0532),tensor(0.0358),tensor(0.0809)
6366,6366,tensor(0.0532),tensor(0.0358),tensor(0.0809)
6367,6367,tensor(0.0532),tensor(0.0358),tensor(0.0809)
6368,6368,tensor(0.0532),tensor(0.0358),tensor(0.0809)
6369,6369,tensor(0.0532),tensor(0.0358),tensor(0.0809)
6370,6370,tensor(0.0532),tensor(0.0358),tensor(0.0809)
6371,6371,tensor(0.0532),tensor(0.0358),tensor(0.0809)
6372,6372,tensor(0.0532),tensor(0.0358),tensor(0.0809)
6373,6373,tensor(0.0532),tensor(0.0358),tensor(0.0809)
6374,6374,tensor(0.0532),tensor(0.0358),tensor(0.0809)
6375,6375,tensor(0.0532),tensor(0.0358),tensor(0.0809)
6376,6376,tensor(0.0532),tensor(0.0358),tensor(0.0809)
6377,6377,tensor(0.0532),tensor(0.0358),tensor(0.0809)
6378,6378,tensor(0.0532),tensor(0.0358),tensor(0.0809)
6379,6379,tensor(0.0532),tensor(0.0358),tensor(0.0809)
6380,6380,tensor(0.0532),tensor(0.0358),tensor(0.0809)
6381,6381,tensor(0.0532),tensor(0.0358),tensor(0.0809)
6382,6382,tensor(0.0532),tensor(0.0358),tensor(0.0809)
6383,6383,tensor(0.0532),tensor(0.0358),tensor(0.0809)
6384,6384,tensor(0.0532),tensor(0.0358),tensor(0.0809)
6385,6385,tensor(0.0532),tensor(0.0358),tensor(0.0809)
6386,6386,tensor(0.0532),tensor(0.0358),tensor(0.0809)
6387,6387,tensor(0.0532),tensor(0.0358),tensor(0.0809)
6388,6388,tensor(0.0532),tensor(0.0358),tensor(0.0809)
6389,6389,tensor(0.0532),tensor(0.0358),tensor(0.0809)
6390,6390,tensor(0.0532),tensor(0.0358),tensor(0.0809)
6391,6391,tensor(0.0532),tensor(0.0358),tensor(0.0809)
6392,6392,tensor(0.0532),tensor(0.0358),tensor(0.0809)
6393,6393,tensor(0.0532),tensor(0.0358),tensor(0.0809)
6394,6394,tensor(0.0532),tensor(0.0358),tensor(0.0809)
6395,6395,tensor(0.0532),tensor(0.0358),tensor(0.0809)
6396,6396,tensor(0.0531),tensor(0.0358),tensor(0.0809)
6397,6397,tensor(0.0531),tensor(0.0358),tensor(0.0809)
6398,6398,tensor(0.0531),tensor(0.0358),tensor(0.0809)
6399,6399,tensor(0.0531),tensor(0.0358),tensor(0.0809)
6400,6400,tensor(0.0531),tensor(0.0358),tensor(0.0809)
6401,6401,tensor(0.0531),tensor(0.0358),tensor(0.0809)
6402,6402,tensor(0.0531),tensor(0.0358),tensor(0.0809)
6403,6403,tensor(0.0531),tensor(0.0358),tensor(0.0809)
6404,6404,tensor(0.0531),tensor(0.0358),tensor(0.0809)
6405,6405,tensor(0.0531),tensor(0.0358),tensor(0.0809)
6406,6406,tensor(0.0531),tensor(0.0358),tensor(0.0809)
6407,6407,tensor(0.0531),tensor(0.0358),tensor(0.0809)
6408,6408,tensor(0.0531),tensor(0.0358),tensor(0.0809)
6409,6409,tensor(0.0531),tensor(0.0358),tensor(0.0809)
6410,6410,tensor(0.0531),tensor(0.0358),tensor(0.0809)
6411,6411,tensor(0.0531),tensor(0.0358),tensor(0.0809)
6412,6412,tensor(0.0531),tensor(0.0358),tensor(0.0809)
6413,6413,tensor(0.0531),tensor(0.0357),tensor(0.0809)
6414,6414,tensor(0.0531),tensor(0.0357),tensor(0.0809)
6415,6415,tensor(0.0531),tensor(0.0357),tensor(0.0809)
6416,6416,tensor(0.0531),tensor(0.0357),tensor(0.0809)
6417,6417,tensor(0.0531),tensor(0.0357),tensor(0.0809)
6418,6418,tensor(0.0531),tensor(0.0357),tensor(0.0809)
6419,6419,tensor(0.0531),tensor(0.0357),tensor(0.0809)
6420,6420,tensor(0.0531),tensor(0.0357),tensor(0.0809)
6421,6421,tensor(0.0531),tensor(0.0357),tensor(0.0809)
6422,6422,tensor(0.0531),tensor(0.0357),tensor(0.0809)
6423,6423,tensor(0.0531),tensor(0.0357),tensor(0.0809)
6424,6424,tensor(0.0531),tensor(0.0357),tensor(0.0809)
6425,6425,tensor(0.0531),tensor(0.0357),tensor(0.0809)
6426,6426,tensor(0.0531),tensor(0.0357),tensor(0.0809)
6427,6427,tensor(0.0531),tensor(0.0357),tensor(0.0809)
6428,6428,tensor(0.0531),tensor(0.0357),tensor(0.0809)
6429,6429,tensor(0.0531),tensor(0.0357),tensor(0.0809)
6430,6430,tensor(0.0531),tensor(0.0357),tensor(0.0809)
6431,6431,tensor(0.0531),tensor(0.0357),tensor(0.0809)
6432,6432,tensor(0.0531),tensor(0.0357),tensor(0.0809)
6433,6433,tensor(0.0531),tensor(0.0357),tensor(0.0809)
6434,6434,tensor(0.0531),tensor(0.0357),tensor(0.0809)
6435,6435,tensor(0.0531),tensor(0.0357),tensor(0.0809)
6436,6436,tensor(0.0531),tensor(0.0357),tensor(0.0809)
6437,6437,tensor(0.0531),tensor(0.0357),tensor(0.0809)
6438,6438,tensor(0.0531),tensor(0.0357),tensor(0.0809)
6439,6439,tensor(0.0531),tensor(0.0357),tensor(0.0809)
6440,6440,tensor(0.0531),tensor(0.0357),tensor(0.0809)
6441,6441,tensor(0.0531),tensor(0.0357),tensor(0.0809)
6442,6442,tensor(0.0531),tensor(0.0357),tensor(0.0809)
6443,6443,tensor(0.0531),tensor(0.0357),tensor(0.0809)
6444,6444,tensor(0.0531),tensor(0.0357),tensor(0.0809)
6445,6445,tensor(0.0531),tensor(0.0357),tensor(0.0809)
6446,6446,tensor(0.0531),tensor(0.0357),tensor(0.0809)
6447,6447,tensor(0.0531),tensor(0.0357),tensor(0.0809)
6448,6448,tensor(0.0531),tensor(0.0357),tensor(0.0809)
6449,6449,tensor(0.0531),tensor(0.0357),tensor(0.0809)
6450,6450,tensor(0.0531),tensor(0.0357),tensor(0.0809)
6451,6451,tensor(0.0531),tensor(0.0357),tensor(0.0809)
6452,6452,tensor(0.0531),tensor(0.0357),tensor(0.0809)
6453,6453,tensor(0.0531),tensor(0.0357),tensor(0.0809)
6454,6454,tensor(0.0531),tensor(0.0357),tensor(0.0809)
6455,6455,tensor(0.0531),tensor(0.0357),tensor(0.0809)
6456,6456,tensor(0.0531),tensor(0.0357),tensor(0.0809)
6457,6457,tensor(0.0531),tensor(0.0357),tensor(0.0809)
6458,6458,tensor(0.0531),tensor(0.0357),tensor(0.0809)
6459,6459,tensor(0.0531),tensor(0.0357),tensor(0.0809)
6460,6460,tensor(0.0531),tensor(0.0357),tensor(0.0809)
6461,6461,tensor(0.0531),tensor(0.0357),tensor(0.0809)
6462,6462,tensor(0.0531),tensor(0.0357),tensor(0.0809)
6463,6463,tensor(0.0531),tensor(0.0357),tensor(0.0809)
6464,6464,tensor(0.0531),tensor(0.0357),tensor(0.0809)
6465,6465,tensor(0.0531),tensor(0.0357),tensor(0.0809)
6466,6466,tensor(0.0531),tensor(0.0357),tensor(0.0809)
6467,6467,tensor(0.0531),tensor(0.0357),tensor(0.0809)
6468,6468,tensor(0.0531),tensor(0.0357),tensor(0.0809)
6469,6469,tensor(0.0531),tensor(0.0357),tensor(0.0809)
6470,6470,tensor(0.0531),tensor(0.0357),tensor(0.0809)
6471,6471,tensor(0.0531),tensor(0.0357),tensor(0.0809)
6472,6472,tensor(0.0531),tensor(0.0357),tensor(0.0809)
6473,6473,tensor(0.0531),tensor(0.0357),tensor(0.0809)
6474,6474,tensor(0.0531),tensor(0.0357),tensor(0.0809)
6475,6475,tensor(0.0531),tensor(0.0357),tensor(0.0809)
6476,6476,tensor(0.0531),tensor(0.0357),tensor(0.0809)
6477,6477,tensor(0.0531),tensor(0.0357),tensor(0.0809)
6478,6478,tensor(0.0531),tensor(0.0357),tensor(0.0809)
6479,6479,tensor(0.0531),tensor(0.0357),tensor(0.0809)
6480,6480,tensor(0.0531),tensor(0.0357),tensor(0.0809)
6481,6481,tensor(0.0531),tensor(0.0357),tensor(0.0809)
6482,6482,tensor(0.0531),tensor(0.0357),tensor(0.0809)
6483,6483,tensor(0.0531),tensor(0.0357),tensor(0.0809)
6484,6484,tensor(0.0531),tensor(0.0357),tensor(0.0809)
6485,6485,tensor(0.0531),tensor(0.0357),tensor(0.0809)
6486,6486,tensor(0.0531),tensor(0.0357),tensor(0.0809)
6487,6487,tensor(0.0531),tensor(0.0357),tensor(0.0809)
6488,6488,tensor(0.0531),tensor(0.0357),tensor(0.0809)
6489,6489,tensor(0.0531),tensor(0.0357),tensor(0.0809)
6490,6490,tensor(0.0531),tensor(0.0357),tensor(0.0809)
6491,6491,tensor(0.0531),tensor(0.0357),tensor(0.0809)
6492,6492,tensor(0.0531),tensor(0.0357),tensor(0.0809)
6493,6493,tensor(0.0531),tensor(0.0357),tensor(0.0809)
6494,6494,tensor(0.0531),tensor(0.0357),tensor(0.0809)
6495,6495,tensor(0.0531),tensor(0.0357),tensor(0.0809)
6496,6496,tensor(0.0531),tensor(0.0357),tensor(0.0809)
6497,6497,tensor(0.0531),tensor(0.0357),tensor(0.0809)
6498,6498,tensor(0.0531),tensor(0.0357),tensor(0.0809)
6499,6499,tensor(0.0531),tensor(0.0357),tensor(0.0809)
6500,6500,tensor(0.0531),tensor(0.0357),tensor(0.0809)
6501,6501,tensor(0.0531),tensor(0.0357),tensor(0.0809)
6502,6502,tensor(0.0531),tensor(0.0357),tensor(0.0809)
6503,6503,tensor(0.0531),tensor(0.0357),tensor(0.0809)
6504,6504,tensor(0.0531),tensor(0.0357),tensor(0.0808)
6505,6505,tensor(0.0531),tensor(0.0357),tensor(0.0808)
6506,6506,tensor(0.0531),tensor(0.0357),tensor(0.0808)
6507,6507,tensor(0.0531),tensor(0.0357),tensor(0.0808)
6508,6508,tensor(0.0531),tensor(0.0357),tensor(0.0808)
6509,6509,tensor(0.0531),tensor(0.0357),tensor(0.0808)
6510,6510,tensor(0.0531),tensor(0.0357),tensor(0.0808)
6511,6511,tensor(0.0531),tensor(0.0357),tensor(0.0808)
6512,6512,tensor(0.0531),tensor(0.0357),tensor(0.0808)
6513,6513,tensor(0.0531),tensor(0.0357),tensor(0.0808)
6514,6514,tensor(0.0531),tensor(0.0357),tensor(0.0808)
6515,6515,tensor(0.0531),tensor(0.0357),tensor(0.0808)
6516,6516,tensor(0.0531),tensor(0.0357),tensor(0.0808)
6517,6517,tensor(0.0531),tensor(0.0357),tensor(0.0808)
6518,6518,tensor(0.0530),tensor(0.0357),tensor(0.0808)
6519,6519,tensor(0.0530),tensor(0.0357),tensor(0.0808)
6520,6520,tensor(0.0530),tensor(0.0357),tensor(0.0808)
6521,6521,tensor(0.0530),tensor(0.0357),tensor(0.0808)
6522,6522,tensor(0.0530),tensor(0.0357),tensor(0.0808)
6523,6523,tensor(0.0530),tensor(0.0357),tensor(0.0808)
6524,6524,tensor(0.0530),tensor(0.0357),tensor(0.0808)
6525,6525,tensor(0.0530),tensor(0.0357),tensor(0.0808)
6526,6526,tensor(0.0530),tensor(0.0357),tensor(0.0808)
6527,6527,tensor(0.0530),tensor(0.0357),tensor(0.0808)
6528,6528,tensor(0.0530),tensor(0.0357),tensor(0.0808)
6529,6529,tensor(0.0530),tensor(0.0357),tensor(0.0808)
6530,6530,tensor(0.0530),tensor(0.0357),tensor(0.0808)
6531,6531,tensor(0.0530),tensor(0.0357),tensor(0.0808)
6532,6532,tensor(0.0530),tensor(0.0357),tensor(0.0808)
6533,6533,tensor(0.0530),tensor(0.0357),tensor(0.0808)
6534,6534,tensor(0.0530),tensor(0.0357),tensor(0.0808)
6535,6535,tensor(0.0530),tensor(0.0357),tensor(0.0808)
6536,6536,tensor(0.0530),tensor(0.0357),tensor(0.0808)
6537,6537,tensor(0.0530),tensor(0.0357),tensor(0.0808)
6538,6538,tensor(0.0530),tensor(0.0357),tensor(0.0808)
6539,6539,tensor(0.0530),tensor(0.0356),tensor(0.0808)
6540,6540,tensor(0.0530),tensor(0.0356),tensor(0.0808)
6541,6541,tensor(0.0530),tensor(0.0356),tensor(0.0808)
6542,6542,tensor(0.0530),tensor(0.0356),tensor(0.0808)
6543,6543,tensor(0.0530),tensor(0.0356),tensor(0.0808)
6544,6544,tensor(0.0530),tensor(0.0356),tensor(0.0808)
6545,6545,tensor(0.0530),tensor(0.0356),tensor(0.0808)
6546,6546,tensor(0.0530),tensor(0.0356),tensor(0.0808)
6547,6547,tensor(0.0530),tensor(0.0356),tensor(0.0808)
6548,6548,tensor(0.0530),tensor(0.0356),tensor(0.0808)
6549,6549,tensor(0.0530),tensor(0.0356),tensor(0.0808)
6550,6550,tensor(0.0530),tensor(0.0356),tensor(0.0808)
6551,6551,tensor(0.0530),tensor(0.0356),tensor(0.0808)
6552,6552,tensor(0.0530),tensor(0.0356),tensor(0.0808)
6553,6553,tensor(0.0530),tensor(0.0356),tensor(0.0808)
6554,6554,tensor(0.0530),tensor(0.0356),tensor(0.0808)
6555,6555,tensor(0.0530),tensor(0.0356),tensor(0.0808)
6556,6556,tensor(0.0530),tensor(0.0356),tensor(0.0808)
6557,6557,tensor(0.0530),tensor(0.0356),tensor(0.0808)
6558,6558,tensor(0.0530),tensor(0.0356),tensor(0.0808)
6559,6559,tensor(0.0530),tensor(0.0356),tensor(0.0808)
6560,6560,tensor(0.0530),tensor(0.0356),tensor(0.0808)
6561,6561,tensor(0.0530),tensor(0.0356),tensor(0.0808)
6562,6562,tensor(0.0530),tensor(0.0356),tensor(0.0808)
6563,6563,tensor(0.0530),tensor(0.0356),tensor(0.0808)
6564,6564,tensor(0.0530),tensor(0.0356),tensor(0.0808)
6565,6565,tensor(0.0530),tensor(0.0356),tensor(0.0808)
6566,6566,tensor(0.0530),tensor(0.0356),tensor(0.0808)
6567,6567,tensor(0.0530),tensor(0.0356),tensor(0.0808)
6568,6568,tensor(0.0530),tensor(0.0356),tensor(0.0808)
6569,6569,tensor(0.0530),tensor(0.0356),tensor(0.0808)
6570,6570,tensor(0.0530),tensor(0.0356),tensor(0.0808)
6571,6571,tensor(0.0530),tensor(0.0356),tensor(0.0808)
6572,6572,tensor(0.0530),tensor(0.0356),tensor(0.0808)
6573,6573,tensor(0.0530),tensor(0.0356),tensor(0.0808)
6574,6574,tensor(0.0530),tensor(0.0356),tensor(0.0808)
6575,6575,tensor(0.0530),tensor(0.0356),tensor(0.0808)
6576,6576,tensor(0.0530),tensor(0.0356),tensor(0.0808)
6577,6577,tensor(0.0530),tensor(0.0356),tensor(0.0808)
6578,6578,tensor(0.0530),tensor(0.0356),tensor(0.0808)
6579,6579,tensor(0.0530),tensor(0.0356),tensor(0.0808)
6580,6580,tensor(0.0530),tensor(0.0356),tensor(0.0808)
6581,6581,tensor(0.0530),tensor(0.0356),tensor(0.0808)
6582,6582,tensor(0.0530),tensor(0.0356),tensor(0.0808)
6583,6583,tensor(0.0530),tensor(0.0356),tensor(0.0808)
6584,6584,tensor(0.0530),tensor(0.0356),tensor(0.0808)
6585,6585,tensor(0.0530),tensor(0.0356),tensor(0.0808)
6586,6586,tensor(0.0530),tensor(0.0356),tensor(0.0808)
6587,6587,tensor(0.0530),tensor(0.0356),tensor(0.0808)
6588,6588,tensor(0.0530),tensor(0.0356),tensor(0.0808)
6589,6589,tensor(0.0530),tensor(0.0356),tensor(0.0808)
6590,6590,tensor(0.0530),tensor(0.0356),tensor(0.0808)
6591,6591,tensor(0.0530),tensor(0.0356),tensor(0.0808)
6592,6592,tensor(0.0530),tensor(0.0356),tensor(0.0808)
6593,6593,tensor(0.0530),tensor(0.0356),tensor(0.0808)
6594,6594,tensor(0.0530),tensor(0.0356),tensor(0.0808)
6595,6595,tensor(0.0530),tensor(0.0356),tensor(0.0808)
6596,6596,tensor(0.0530),tensor(0.0356),tensor(0.0808)
6597,6597,tensor(0.0530),tensor(0.0356),tensor(0.0808)
6598,6598,tensor(0.0530),tensor(0.0356),tensor(0.0808)
6599,6599,tensor(0.0530),tensor(0.0356),tensor(0.0808)
6600,6600,tensor(0.0530),tensor(0.0356),tensor(0.0808)
6601,6601,tensor(0.0530),tensor(0.0356),tensor(0.0808)
6602,6602,tensor(0.0530),tensor(0.0356),tensor(0.0808)
6603,6603,tensor(0.0530),tensor(0.0356),tensor(0.0808)
6604,6604,tensor(0.0530),tensor(0.0356),tensor(0.0808)
6605,6605,tensor(0.0530),tensor(0.0356),tensor(0.0808)
6606,6606,tensor(0.0530),tensor(0.0356),tensor(0.0808)
6607,6607,tensor(0.0530),tensor(0.0356),tensor(0.0808)
6608,6608,tensor(0.0530),tensor(0.0356),tensor(0.0808)
6609,6609,tensor(0.0530),tensor(0.0356),tensor(0.0808)
6610,6610,tensor(0.0530),tensor(0.0356),tensor(0.0808)
6611,6611,tensor(0.0530),tensor(0.0356),tensor(0.0808)
6612,6612,tensor(0.0530),tensor(0.0356),tensor(0.0808)
6613,6613,tensor(0.0530),tensor(0.0356),tensor(0.0808)
6614,6614,tensor(0.0530),tensor(0.0356),tensor(0.0808)
6615,6615,tensor(0.0530),tensor(0.0356),tensor(0.0808)
6616,6616,tensor(0.0530),tensor(0.0356),tensor(0.0808)
6617,6617,tensor(0.0530),tensor(0.0356),tensor(0.0808)
6618,6618,tensor(0.0530),tensor(0.0356),tensor(0.0808)
6619,6619,tensor(0.0530),tensor(0.0356),tensor(0.0808)
6620,6620,tensor(0.0530),tensor(0.0356),tensor(0.0808)
6621,6621,tensor(0.0530),tensor(0.0356),tensor(0.0808)
6622,6622,tensor(0.0530),tensor(0.0356),tensor(0.0808)
6623,6623,tensor(0.0530),tensor(0.0356),tensor(0.0808)
6624,6624,tensor(0.0530),tensor(0.0356),tensor(0.0808)
6625,6625,tensor(0.0530),tensor(0.0356),tensor(0.0808)
6626,6626,tensor(0.0530),tensor(0.0356),tensor(0.0808)
6627,6627,tensor(0.0530),tensor(0.0356),tensor(0.0808)
6628,6628,tensor(0.0530),tensor(0.0356),tensor(0.0808)
6629,6629,tensor(0.0530),tensor(0.0356),tensor(0.0808)
6630,6630,tensor(0.0530),tensor(0.0356),tensor(0.0808)
6631,6631,tensor(0.0530),tensor(0.0356),tensor(0.0808)
6632,6632,tensor(0.0530),tensor(0.0356),tensor(0.0808)
6633,6633,tensor(0.0530),tensor(0.0356),tensor(0.0808)
6634,6634,tensor(0.0530),tensor(0.0356),tensor(0.0808)
6635,6635,tensor(0.0530),tensor(0.0356),tensor(0.0808)
6636,6636,tensor(0.0530),tensor(0.0356),tensor(0.0808)
6637,6637,tensor(0.0530),tensor(0.0356),tensor(0.0808)
6638,6638,tensor(0.0530),tensor(0.0356),tensor(0.0808)
6639,6639,tensor(0.0530),tensor(0.0356),tensor(0.0808)
6640,6640,tensor(0.0530),tensor(0.0356),tensor(0.0808)
6641,6641,tensor(0.0530),tensor(0.0356),tensor(0.0808)
6642,6642,tensor(0.0530),tensor(0.0356),tensor(0.0808)
6643,6643,tensor(0.0530),tensor(0.0356),tensor(0.0808)
6644,6644,tensor(0.0530),tensor(0.0356),tensor(0.0808)
6645,6645,tensor(0.0530),tensor(0.0356),tensor(0.0808)
6646,6646,tensor(0.0530),tensor(0.0356),tensor(0.0808)
6647,6647,tensor(0.0530),tensor(0.0356),tensor(0.0808)
6648,6648,tensor(0.0530),tensor(0.0356),tensor(0.0808)
6649,6649,tensor(0.0530),tensor(0.0356),tensor(0.0808)
6650,6650,tensor(0.0530),tensor(0.0356),tensor(0.0808)
6651,6651,tensor(0.0530),tensor(0.0356),tensor(0.0808)
6652,6652,tensor(0.0530),tensor(0.0356),tensor(0.0808)
6653,6653,tensor(0.0530),tensor(0.0356),tensor(0.0808)
6654,6654,tensor(0.0530),tensor(0.0356),tensor(0.0808)
6655,6655,tensor(0.0530),tensor(0.0356),tensor(0.0808)
6656,6656,tensor(0.0530),tensor(0.0356),tensor(0.0808)
6657,6657,tensor(0.0530),tensor(0.0356),tensor(0.0808)
6658,6658,tensor(0.0530),tensor(0.0356),tensor(0.0808)
6659,6659,tensor(0.0530),tensor(0.0356),tensor(0.0808)
6660,6660,tensor(0.0529),tensor(0.0356),tensor(0.0808)
6661,6661,tensor(0.0529),tensor(0.0356),tensor(0.0808)
6662,6662,tensor(0.0529),tensor(0.0356),tensor(0.0808)
6663,6663,tensor(0.0529),tensor(0.0356),tensor(0.0808)
6664,6664,tensor(0.0529),tensor(0.0356),tensor(0.0808)
6665,6665,tensor(0.0529),tensor(0.0356),tensor(0.0808)
6666,6666,tensor(0.0529),tensor(0.0356),tensor(0.0808)
6667,6667,tensor(0.0529),tensor(0.0356),tensor(0.0808)
6668,6668,tensor(0.0529),tensor(0.0356),tensor(0.0808)
6669,6669,tensor(0.0529),tensor(0.0356),tensor(0.0808)
6670,6670,tensor(0.0529),tensor(0.0356),tensor(0.0808)
6671,6671,tensor(0.0529),tensor(0.0356),tensor(0.0808)
6672,6672,tensor(0.0529),tensor(0.0355),tensor(0.0808)
6673,6673,tensor(0.0529),tensor(0.0355),tensor(0.0808)
6674,6674,tensor(0.0529),tensor(0.0355),tensor(0.0808)
6675,6675,tensor(0.0529),tensor(0.0355),tensor(0.0808)
6676,6676,tensor(0.0529),tensor(0.0355),tensor(0.0808)
6677,6677,tensor(0.0529),tensor(0.0355),tensor(0.0808)
6678,6678,tensor(0.0529),tensor(0.0355),tensor(0.0808)
6679,6679,tensor(0.0529),tensor(0.0355),tensor(0.0808)
6680,6680,tensor(0.0529),tensor(0.0355),tensor(0.0808)
6681,6681,tensor(0.0529),tensor(0.0355),tensor(0.0808)
6682,6682,tensor(0.0529),tensor(0.0355),tensor(0.0808)
6683,6683,tensor(0.0529),tensor(0.0355),tensor(0.0808)
6684,6684,tensor(0.0529),tensor(0.0355),tensor(0.0808)
6685,6685,tensor(0.0529),tensor(0.0355),tensor(0.0808)
6686,6686,tensor(0.0529),tensor(0.0355),tensor(0.0808)
6687,6687,tensor(0.0529),tensor(0.0355),tensor(0.0808)
6688,6688,tensor(0.0529),tensor(0.0355),tensor(0.0808)
6689,6689,tensor(0.0529),tensor(0.0355),tensor(0.0808)
6690,6690,tensor(0.0529),tensor(0.0355),tensor(0.0808)
6691,6691,tensor(0.0529),tensor(0.0355),tensor(0.0808)
6692,6692,tensor(0.0529),tensor(0.0355),tensor(0.0808)
6693,6693,tensor(0.0529),tensor(0.0355),tensor(0.0808)
6694,6694,tensor(0.0529),tensor(0.0355),tensor(0.0808)
6695,6695,tensor(0.0529),tensor(0.0355),tensor(0.0808)
6696,6696,tensor(0.0529),tensor(0.0355),tensor(0.0808)
6697,6697,tensor(0.0529),tensor(0.0355),tensor(0.0808)
6698,6698,tensor(0.0529),tensor(0.0355),tensor(0.0808)
6699,6699,tensor(0.0529),tensor(0.0355),tensor(0.0808)
6700,6700,tensor(0.0529),tensor(0.0355),tensor(0.0808)
6701,6701,tensor(0.0529),tensor(0.0355),tensor(0.0808)
6702,6702,tensor(0.0529),tensor(0.0355),tensor(0.0808)
6703,6703,tensor(0.0529),tensor(0.0355),tensor(0.0808)
6704,6704,tensor(0.0529),tensor(0.0355),tensor(0.0808)
6705,6705,tensor(0.0529),tensor(0.0355),tensor(0.0808)
6706,6706,tensor(0.0529),tensor(0.0355),tensor(0.0808)
6707,6707,tensor(0.0529),tensor(0.0355),tensor(0.0808)
6708,6708,tensor(0.0529),tensor(0.0355),tensor(0.0808)
6709,6709,tensor(0.0529),tensor(0.0355),tensor(0.0808)
6710,6710,tensor(0.0529),tensor(0.0355),tensor(0.0808)
6711,6711,tensor(0.0529),tensor(0.0355),tensor(0.0808)
6712,6712,tensor(0.0529),tensor(0.0355),tensor(0.0808)
6713,6713,tensor(0.0529),tensor(0.0355),tensor(0.0808)
6714,6714,tensor(0.0529),tensor(0.0355),tensor(0.0808)
6715,6715,tensor(0.0529),tensor(0.0355),tensor(0.0808)
6716,6716,tensor(0.0529),tensor(0.0355),tensor(0.0808)
6717,6717,tensor(0.0529),tensor(0.0355),tensor(0.0808)
6718,6718,tensor(0.0529),tensor(0.0355),tensor(0.0808)
6719,6719,tensor(0.0529),tensor(0.0355),tensor(0.0808)
6720,6720,tensor(0.0529),tensor(0.0355),tensor(0.0808)
6721,6721,tensor(0.0529),tensor(0.0355),tensor(0.0808)
6722,6722,tensor(0.0529),tensor(0.0355),tensor(0.0808)
6723,6723,tensor(0.0529),tensor(0.0355),tensor(0.0808)
6724,6724,tensor(0.0529),tensor(0.0355),tensor(0.0808)
6725,6725,tensor(0.0529),tensor(0.0355),tensor(0.0808)
6726,6726,tensor(0.0529),tensor(0.0355),tensor(0.0808)
6727,6727,tensor(0.0529),tensor(0.0355),tensor(0.0808)
6728,6728,tensor(0.0529),tensor(0.0355),tensor(0.0808)
6729,6729,tensor(0.0529),tensor(0.0355),tensor(0.0808)
6730,6730,tensor(0.0529),tensor(0.0355),tensor(0.0808)
6731,6731,tensor(0.0529),tensor(0.0355),tensor(0.0808)
6732,6732,tensor(0.0529),tensor(0.0355),tensor(0.0808)
6733,6733,tensor(0.0529),tensor(0.0355),tensor(0.0808)
6734,6734,tensor(0.0529),tensor(0.0355),tensor(0.0808)
6735,6735,tensor(0.0529),tensor(0.0355),tensor(0.0808)
6736,6736,tensor(0.0529),tensor(0.0355),tensor(0.0808)
6737,6737,tensor(0.0529),tensor(0.0355),tensor(0.0808)
6738,6738,tensor(0.0529),tensor(0.0355),tensor(0.0808)
6739,6739,tensor(0.0529),tensor(0.0355),tensor(0.0808)
6740,6740,tensor(0.0529),tensor(0.0355),tensor(0.0808)
6741,6741,tensor(0.0529),tensor(0.0355),tensor(0.0808)
6742,6742,tensor(0.0529),tensor(0.0355),tensor(0.0808)
6743,6743,tensor(0.0529),tensor(0.0355),tensor(0.0808)
6744,6744,tensor(0.0529),tensor(0.0355),tensor(0.0808)
6745,6745,tensor(0.0529),tensor(0.0355),tensor(0.0808)
6746,6746,tensor(0.0529),tensor(0.0355),tensor(0.0808)
6747,6747,tensor(0.0529),tensor(0.0355),tensor(0.0808)
6748,6748,tensor(0.0529),tensor(0.0355),tensor(0.0808)
6749,6749,tensor(0.0529),tensor(0.0355),tensor(0.0808)
6750,6750,tensor(0.0529),tensor(0.0355),tensor(0.0808)
6751,6751,tensor(0.0529),tensor(0.0355),tensor(0.0808)
6752,6752,tensor(0.0529),tensor(0.0355),tensor(0.0808)
6753,6753,tensor(0.0529),tensor(0.0355),tensor(0.0808)
6754,6754,tensor(0.0529),tensor(0.0355),tensor(0.0808)
6755,6755,tensor(0.0529),tensor(0.0355),tensor(0.0808)
6756,6756,tensor(0.0529),tensor(0.0355),tensor(0.0808)
6757,6757,tensor(0.0529),tensor(0.0355),tensor(0.0808)
6758,6758,tensor(0.0529),tensor(0.0355),tensor(0.0808)
6759,6759,tensor(0.0529),tensor(0.0355),tensor(0.0808)
6760,6760,tensor(0.0529),tensor(0.0355),tensor(0.0808)
6761,6761,tensor(0.0529),tensor(0.0355),tensor(0.0808)
6762,6762,tensor(0.0529),tensor(0.0355),tensor(0.0808)
6763,6763,tensor(0.0529),tensor(0.0355),tensor(0.0808)
6764,6764,tensor(0.0529),tensor(0.0355),tensor(0.0808)
6765,6765,tensor(0.0529),tensor(0.0355),tensor(0.0808)
6766,6766,tensor(0.0529),tensor(0.0355),tensor(0.0808)
6767,6767,tensor(0.0529),tensor(0.0355),tensor(0.0808)
6768,6768,tensor(0.0529),tensor(0.0355),tensor(0.0808)
6769,6769,tensor(0.0529),tensor(0.0355),tensor(0.0808)
6770,6770,tensor(0.0529),tensor(0.0355),tensor(0.0808)
6771,6771,tensor(0.0529),tensor(0.0355),tensor(0.0808)
6772,6772,tensor(0.0529),tensor(0.0355),tensor(0.0808)
6773,6773,tensor(0.0529),tensor(0.0355),tensor(0.0808)
6774,6774,tensor(0.0529),tensor(0.0355),tensor(0.0808)
6775,6775,tensor(0.0529),tensor(0.0355),tensor(0.0808)
6776,6776,tensor(0.0529),tensor(0.0355),tensor(0.0808)
6777,6777,tensor(0.0529),tensor(0.0355),tensor(0.0808)
6778,6778,tensor(0.0529),tensor(0.0355),tensor(0.0808)
6779,6779,tensor(0.0529),tensor(0.0355),tensor(0.0808)
6780,6780,tensor(0.0529),tensor(0.0355),tensor(0.0808)
6781,6781,tensor(0.0529),tensor(0.0355),tensor(0.0807)
6782,6782,tensor(0.0529),tensor(0.0355),tensor(0.0807)
6783,6783,tensor(0.0529),tensor(0.0355),tensor(0.0807)
6784,6784,tensor(0.0529),tensor(0.0355),tensor(0.0807)
6785,6785,tensor(0.0529),tensor(0.0355),tensor(0.0807)
6786,6786,tensor(0.0529),tensor(0.0355),tensor(0.0807)
6787,6787,tensor(0.0529),tensor(0.0355),tensor(0.0807)
6788,6788,tensor(0.0529),tensor(0.0355),tensor(0.0807)
6789,6789,tensor(0.0529),tensor(0.0355),tensor(0.0807)
6790,6790,tensor(0.0529),tensor(0.0355),tensor(0.0807)
6791,6791,tensor(0.0529),tensor(0.0355),tensor(0.0807)
6792,6792,tensor(0.0529),tensor(0.0355),tensor(0.0807)
6793,6793,tensor(0.0529),tensor(0.0355),tensor(0.0807)
6794,6794,tensor(0.0529),tensor(0.0355),tensor(0.0807)
6795,6795,tensor(0.0529),tensor(0.0355),tensor(0.0807)
6796,6796,tensor(0.0529),tensor(0.0355),tensor(0.0807)
6797,6797,tensor(0.0529),tensor(0.0355),tensor(0.0807)
6798,6798,tensor(0.0529),tensor(0.0355),tensor(0.0807)
6799,6799,tensor(0.0529),tensor(0.0355),tensor(0.0807)
6800,6800,tensor(0.0529),tensor(0.0355),tensor(0.0807)
6801,6801,tensor(0.0529),tensor(0.0355),tensor(0.0807)
6802,6802,tensor(0.0529),tensor(0.0355),tensor(0.0807)
6803,6803,tensor(0.0529),tensor(0.0355),tensor(0.0807)
6804,6804,tensor(0.0529),tensor(0.0355),tensor(0.0807)
6805,6805,tensor(0.0529),tensor(0.0355),tensor(0.0807)
6806,6806,tensor(0.0529),tensor(0.0355),tensor(0.0807)
6807,6807,tensor(0.0529),tensor(0.0355),tensor(0.0807)
6808,6808,tensor(0.0529),tensor(0.0355),tensor(0.0807)
6809,6809,tensor(0.0529),tensor(0.0355),tensor(0.0807)
6810,6810,tensor(0.0529),tensor(0.0355),tensor(0.0807)
6811,6811,tensor(0.0529),tensor(0.0355),tensor(0.0807)
6812,6812,tensor(0.0529),tensor(0.0355),tensor(0.0807)
6813,6813,tensor(0.0529),tensor(0.0355),tensor(0.0807)
6814,6814,tensor(0.0529),tensor(0.0355),tensor(0.0807)
6815,6815,tensor(0.0529),tensor(0.0354),tensor(0.0807)
6816,6816,tensor(0.0529),tensor(0.0354),tensor(0.0807)
6817,6817,tensor(0.0529),tensor(0.0354),tensor(0.0807)
6818,6818,tensor(0.0529),tensor(0.0354),tensor(0.0807)
6819,6819,tensor(0.0529),tensor(0.0354),tensor(0.0807)
6820,6820,tensor(0.0529),tensor(0.0354),tensor(0.0807)
6821,6821,tensor(0.0529),tensor(0.0354),tensor(0.0807)
6822,6822,tensor(0.0529),tensor(0.0354),tensor(0.0807)
6823,6823,tensor(0.0529),tensor(0.0354),tensor(0.0807)
6824,6824,tensor(0.0529),tensor(0.0354),tensor(0.0807)
6825,6825,tensor(0.0529),tensor(0.0354),tensor(0.0807)
6826,6826,tensor(0.0529),tensor(0.0354),tensor(0.0807)
6827,6827,tensor(0.0529),tensor(0.0354),tensor(0.0807)
6828,6828,tensor(0.0529),tensor(0.0354),tensor(0.0807)
6829,6829,tensor(0.0529),tensor(0.0354),tensor(0.0807)
6830,6830,tensor(0.0529),tensor(0.0354),tensor(0.0807)
6831,6831,tensor(0.0529),tensor(0.0354),tensor(0.0807)
6832,6832,tensor(0.0529),tensor(0.0354),tensor(0.0807)
6833,6833,tensor(0.0529),tensor(0.0354),tensor(0.0807)
6834,6834,tensor(0.0529),tensor(0.0354),tensor(0.0807)
6835,6835,tensor(0.0528),tensor(0.0354),tensor(0.0807)
6836,6836,tensor(0.0528),tensor(0.0354),tensor(0.0807)
6837,6837,tensor(0.0528),tensor(0.0354),tensor(0.0807)
6838,6838,tensor(0.0528),tensor(0.0354),tensor(0.0807)
6839,6839,tensor(0.0528),tensor(0.0354),tensor(0.0807)
6840,6840,tensor(0.0528),tensor(0.0354),tensor(0.0807)
6841,6841,tensor(0.0528),tensor(0.0354),tensor(0.0807)
6842,6842,tensor(0.0528),tensor(0.0354),tensor(0.0807)
6843,6843,tensor(0.0528),tensor(0.0354),tensor(0.0807)
6844,6844,tensor(0.0528),tensor(0.0354),tensor(0.0807)
6845,6845,tensor(0.0528),tensor(0.0354),tensor(0.0807)
6846,6846,tensor(0.0528),tensor(0.0354),tensor(0.0807)
6847,6847,tensor(0.0528),tensor(0.0354),tensor(0.0807)
6848,6848,tensor(0.0528),tensor(0.0354),tensor(0.0807)
6849,6849,tensor(0.0528),tensor(0.0354),tensor(0.0807)
6850,6850,tensor(0.0528),tensor(0.0354),tensor(0.0807)
6851,6851,tensor(0.0528),tensor(0.0354),tensor(0.0807)
6852,6852,tensor(0.0528),tensor(0.0354),tensor(0.0807)
6853,6853,tensor(0.0528),tensor(0.0354),tensor(0.0807)
6854,6854,tensor(0.0528),tensor(0.0354),tensor(0.0807)
6855,6855,tensor(0.0528),tensor(0.0354),tensor(0.0807)
6856,6856,tensor(0.0528),tensor(0.0354),tensor(0.0807)
6857,6857,tensor(0.0528),tensor(0.0354),tensor(0.0807)
6858,6858,tensor(0.0528),tensor(0.0354),tensor(0.0807)
6859,6859,tensor(0.0528),tensor(0.0354),tensor(0.0807)
6860,6860,tensor(0.0528),tensor(0.0354),tensor(0.0807)
6861,6861,tensor(0.0528),tensor(0.0354),tensor(0.0807)
6862,6862,tensor(0.0528),tensor(0.0354),tensor(0.0807)
6863,6863,tensor(0.0528),tensor(0.0354),tensor(0.0807)
6864,6864,tensor(0.0528),tensor(0.0354),tensor(0.0807)
6865,6865,tensor(0.0528),tensor(0.0354),tensor(0.0807)
6866,6866,tensor(0.0528),tensor(0.0354),tensor(0.0807)
6867,6867,tensor(0.0528),tensor(0.0354),tensor(0.0807)
6868,6868,tensor(0.0528),tensor(0.0354),tensor(0.0807)
6869,6869,tensor(0.0528),tensor(0.0354),tensor(0.0807)
6870,6870,tensor(0.0528),tensor(0.0354),tensor(0.0807)
6871,6871,tensor(0.0528),tensor(0.0354),tensor(0.0807)
6872,6872,tensor(0.0528),tensor(0.0354),tensor(0.0807)
6873,6873,tensor(0.0528),tensor(0.0354),tensor(0.0807)
6874,6874,tensor(0.0528),tensor(0.0354),tensor(0.0807)
6875,6875,tensor(0.0528),tensor(0.0354),tensor(0.0807)
6876,6876,tensor(0.0528),tensor(0.0354),tensor(0.0807)
6877,6877,tensor(0.0528),tensor(0.0354),tensor(0.0807)
6878,6878,tensor(0.0528),tensor(0.0354),tensor(0.0807)
6879,6879,tensor(0.0528),tensor(0.0354),tensor(0.0807)
6880,6880,tensor(0.0528),tensor(0.0354),tensor(0.0807)
6881,6881,tensor(0.0528),tensor(0.0354),tensor(0.0807)
6882,6882,tensor(0.0528),tensor(0.0354),tensor(0.0807)
6883,6883,tensor(0.0528),tensor(0.0354),tensor(0.0807)
6884,6884,tensor(0.0528),tensor(0.0354),tensor(0.0807)
6885,6885,tensor(0.0528),tensor(0.0354),tensor(0.0807)
6886,6886,tensor(0.0528),tensor(0.0354),tensor(0.0807)
6887,6887,tensor(0.0528),tensor(0.0354),tensor(0.0807)
6888,6888,tensor(0.0528),tensor(0.0354),tensor(0.0807)
6889,6889,tensor(0.0528),tensor(0.0354),tensor(0.0807)
6890,6890,tensor(0.0528),tensor(0.0354),tensor(0.0807)
6891,6891,tensor(0.0528),tensor(0.0354),tensor(0.0807)
6892,6892,tensor(0.0528),tensor(0.0354),tensor(0.0807)
6893,6893,tensor(0.0528),tensor(0.0354),tensor(0.0807)
6894,6894,tensor(0.0528),tensor(0.0354),tensor(0.0807)
6895,6895,tensor(0.0528),tensor(0.0354),tensor(0.0807)
6896,6896,tensor(0.0528),tensor(0.0354),tensor(0.0807)
6897,6897,tensor(0.0528),tensor(0.0354),tensor(0.0807)
6898,6898,tensor(0.0528),tensor(0.0354),tensor(0.0807)
6899,6899,tensor(0.0528),tensor(0.0354),tensor(0.0807)
6900,6900,tensor(0.0528),tensor(0.0354),tensor(0.0807)
6901,6901,tensor(0.0528),tensor(0.0354),tensor(0.0807)
6902,6902,tensor(0.0528),tensor(0.0354),tensor(0.0807)
6903,6903,tensor(0.0528),tensor(0.0354),tensor(0.0807)
6904,6904,tensor(0.0528),tensor(0.0354),tensor(0.0807)
6905,6905,tensor(0.0528),tensor(0.0354),tensor(0.0807)
6906,6906,tensor(0.0528),tensor(0.0354),tensor(0.0807)
6907,6907,tensor(0.0528),tensor(0.0354),tensor(0.0807)
6908,6908,tensor(0.0528),tensor(0.0354),tensor(0.0807)
6909,6909,tensor(0.0528),tensor(0.0354),tensor(0.0807)
6910,6910,tensor(0.0528),tensor(0.0354),tensor(0.0807)
6911,6911,tensor(0.0528),tensor(0.0354),tensor(0.0807)
6912,6912,tensor(0.0528),tensor(0.0354),tensor(0.0807)
6913,6913,tensor(0.0528),tensor(0.0354),tensor(0.0807)
6914,6914,tensor(0.0528),tensor(0.0354),tensor(0.0807)
6915,6915,tensor(0.0528),tensor(0.0354),tensor(0.0807)
6916,6916,tensor(0.0528),tensor(0.0354),tensor(0.0807)
6917,6917,tensor(0.0528),tensor(0.0354),tensor(0.0807)
6918,6918,tensor(0.0528),tensor(0.0354),tensor(0.0807)
6919,6919,tensor(0.0528),tensor(0.0354),tensor(0.0807)
6920,6920,tensor(0.0528),tensor(0.0354),tensor(0.0807)
6921,6921,tensor(0.0528),tensor(0.0354),tensor(0.0807)
6922,6922,tensor(0.0528),tensor(0.0354),tensor(0.0807)
6923,6923,tensor(0.0528),tensor(0.0354),tensor(0.0807)
6924,6924,tensor(0.0528),tensor(0.0354),tensor(0.0807)
6925,6925,tensor(0.0528),tensor(0.0354),tensor(0.0807)
6926,6926,tensor(0.0528),tensor(0.0354),tensor(0.0807)
6927,6927,tensor(0.0528),tensor(0.0354),tensor(0.0807)
6928,6928,tensor(0.0528),tensor(0.0354),tensor(0.0807)
6929,6929,tensor(0.0528),tensor(0.0354),tensor(0.0807)
6930,6930,tensor(0.0528),tensor(0.0354),tensor(0.0807)
6931,6931,tensor(0.0528),tensor(0.0354),tensor(0.0807)
6932,6932,tensor(0.0528),tensor(0.0354),tensor(0.0807)
6933,6933,tensor(0.0528),tensor(0.0354),tensor(0.0807)
6934,6934,tensor(0.0528),tensor(0.0354),tensor(0.0807)
6935,6935,tensor(0.0528),tensor(0.0354),tensor(0.0807)
6936,6936,tensor(0.0528),tensor(0.0354),tensor(0.0807)
6937,6937,tensor(0.0528),tensor(0.0354),tensor(0.0807)
6938,6938,tensor(0.0528),tensor(0.0354),tensor(0.0807)
6939,6939,tensor(0.0528),tensor(0.0354),tensor(0.0807)
6940,6940,tensor(0.0528),tensor(0.0354),tensor(0.0807)
6941,6941,tensor(0.0528),tensor(0.0354),tensor(0.0807)
6942,6942,tensor(0.0528),tensor(0.0354),tensor(0.0807)
6943,6943,tensor(0.0528),tensor(0.0354),tensor(0.0807)
6944,6944,tensor(0.0528),tensor(0.0354),tensor(0.0807)
6945,6945,tensor(0.0528),tensor(0.0354),tensor(0.0807)
6946,6946,tensor(0.0528),tensor(0.0354),tensor(0.0807)
6947,6947,tensor(0.0528),tensor(0.0354),tensor(0.0807)
6948,6948,tensor(0.0528),tensor(0.0354),tensor(0.0807)
6949,6949,tensor(0.0528),tensor(0.0354),tensor(0.0807)
6950,6950,tensor(0.0528),tensor(0.0354),tensor(0.0807)
6951,6951,tensor(0.0528),tensor(0.0354),tensor(0.0807)
6952,6952,tensor(0.0528),tensor(0.0354),tensor(0.0807)
6953,6953,tensor(0.0528),tensor(0.0354),tensor(0.0807)
6954,6954,tensor(0.0528),tensor(0.0354),tensor(0.0807)
6955,6955,tensor(0.0528),tensor(0.0354),tensor(0.0807)
6956,6956,tensor(0.0528),tensor(0.0354),tensor(0.0807)
6957,6957,tensor(0.0528),tensor(0.0354),tensor(0.0807)
6958,6958,tensor(0.0528),tensor(0.0354),tensor(0.0807)
6959,6959,tensor(0.0528),tensor(0.0354),tensor(0.0807)
6960,6960,tensor(0.0528),tensor(0.0354),tensor(0.0807)
6961,6961,tensor(0.0528),tensor(0.0354),tensor(0.0807)
6962,6962,tensor(0.0528),tensor(0.0354),tensor(0.0807)
6963,6963,tensor(0.0528),tensor(0.0354),tensor(0.0807)
6964,6964,tensor(0.0528),tensor(0.0354),tensor(0.0807)
6965,6965,tensor(0.0528),tensor(0.0354),tensor(0.0807)
6966,6966,tensor(0.0528),tensor(0.0354),tensor(0.0807)
6967,6967,tensor(0.0528),tensor(0.0354),tensor(0.0807)
6968,6968,tensor(0.0528),tensor(0.0353),tensor(0.0807)
6969,6969,tensor(0.0528),tensor(0.0353),tensor(0.0807)
6970,6970,tensor(0.0528),tensor(0.0353),tensor(0.0807)
6971,6971,tensor(0.0528),tensor(0.0353),tensor(0.0807)
6972,6972,tensor(0.0528),tensor(0.0353),tensor(0.0807)
6973,6973,tensor(0.0528),tensor(0.0353),tensor(0.0807)
6974,6974,tensor(0.0528),tensor(0.0353),tensor(0.0807)
6975,6975,tensor(0.0528),tensor(0.0353),tensor(0.0807)
6976,6976,tensor(0.0528),tensor(0.0353),tensor(0.0807)
6977,6977,tensor(0.0528),tensor(0.0353),tensor(0.0807)
6978,6978,tensor(0.0528),tensor(0.0353),tensor(0.0807)
6979,6979,tensor(0.0528),tensor(0.0353),tensor(0.0807)
6980,6980,tensor(0.0528),tensor(0.0353),tensor(0.0807)
6981,6981,tensor(0.0528),tensor(0.0353),tensor(0.0807)
6982,6982,tensor(0.0528),tensor(0.0353),tensor(0.0807)
6983,6983,tensor(0.0528),tensor(0.0353),tensor(0.0807)
6984,6984,tensor(0.0528),tensor(0.0353),tensor(0.0807)
6985,6985,tensor(0.0528),tensor(0.0353),tensor(0.0807)
6986,6986,tensor(0.0528),tensor(0.0353),tensor(0.0807)
6987,6987,tensor(0.0528),tensor(0.0353),tensor(0.0807)
6988,6988,tensor(0.0528),tensor(0.0353),tensor(0.0807)
6989,6989,tensor(0.0528),tensor(0.0353),tensor(0.0807)
6990,6990,tensor(0.0528),tensor(0.0353),tensor(0.0807)
6991,6991,tensor(0.0528),tensor(0.0353),tensor(0.0807)
6992,6992,tensor(0.0528),tensor(0.0353),tensor(0.0807)
6993,6993,tensor(0.0528),tensor(0.0353),tensor(0.0807)
6994,6994,tensor(0.0528),tensor(0.0353),tensor(0.0807)
6995,6995,tensor(0.0528),tensor(0.0353),tensor(0.0807)
6996,6996,tensor(0.0528),tensor(0.0353),tensor(0.0807)
6997,6997,tensor(0.0528),tensor(0.0353),tensor(0.0807)
6998,6998,tensor(0.0528),tensor(0.0353),tensor(0.0807)
6999,6999,tensor(0.0528),tensor(0.0353),tensor(0.0807)
7000,7000,tensor(0.0528),tensor(0.0353),tensor(0.0807)
7001,7001,tensor(0.0528),tensor(0.0353),tensor(0.0807)
7002,7002,tensor(0.0528),tensor(0.0353),tensor(0.0807)
7003,7003,tensor(0.0528),tensor(0.0353),tensor(0.0807)
7004,7004,tensor(0.0528),tensor(0.0353),tensor(0.0807)
7005,7005,tensor(0.0528),tensor(0.0353),tensor(0.0807)
7006,7006,tensor(0.0528),tensor(0.0353),tensor(0.0807)
7007,7007,tensor(0.0528),tensor(0.0353),tensor(0.0807)
7008,7008,tensor(0.0528),tensor(0.0353),tensor(0.0807)
7009,7009,tensor(0.0528),tensor(0.0353),tensor(0.0807)
7010,7010,tensor(0.0528),tensor(0.0353),tensor(0.0807)
7011,7011,tensor(0.0528),tensor(0.0353),tensor(0.0807)
7012,7012,tensor(0.0528),tensor(0.0353),tensor(0.0807)
7013,7013,tensor(0.0528),tensor(0.0353),tensor(0.0807)
7014,7014,tensor(0.0528),tensor(0.0353),tensor(0.0807)
7015,7015,tensor(0.0528),tensor(0.0353),tensor(0.0807)
7016,7016,tensor(0.0528),tensor(0.0353),tensor(0.0807)
7017,7017,tensor(0.0528),tensor(0.0353),tensor(0.0807)
7018,7018,tensor(0.0528),tensor(0.0353),tensor(0.0807)
7019,7019,tensor(0.0528),tensor(0.0353),tensor(0.0807)
7020,7020,tensor(0.0528),tensor(0.0353),tensor(0.0807)
7021,7021,tensor(0.0528),tensor(0.0353),tensor(0.0807)
7022,7022,tensor(0.0528),tensor(0.0353),tensor(0.0807)
7023,7023,tensor(0.0528),tensor(0.0353),tensor(0.0807)
7024,7024,tensor(0.0528),tensor(0.0353),tensor(0.0807)
7025,7025,tensor(0.0528),tensor(0.0353),tensor(0.0807)
7026,7026,tensor(0.0528),tensor(0.0353),tensor(0.0807)
7027,7027,tensor(0.0528),tensor(0.0353),tensor(0.0807)
7028,7028,tensor(0.0528),tensor(0.0353),tensor(0.0807)
7029,7029,tensor(0.0528),tensor(0.0353),tensor(0.0807)
7030,7030,tensor(0.0528),tensor(0.0353),tensor(0.0807)
7031,7031,tensor(0.0528),tensor(0.0353),tensor(0.0807)
7032,7032,tensor(0.0528),tensor(0.0353),tensor(0.0807)
7033,7033,tensor(0.0528),tensor(0.0353),tensor(0.0807)
7034,7034,tensor(0.0528),tensor(0.0353),tensor(0.0807)
7035,7035,tensor(0.0528),tensor(0.0353),tensor(0.0807)
7036,7036,tensor(0.0528),tensor(0.0353),tensor(0.0807)
7037,7037,tensor(0.0528),tensor(0.0353),tensor(0.0807)
7038,7038,tensor(0.0528),tensor(0.0353),tensor(0.0807)
7039,7039,tensor(0.0528),tensor(0.0353),tensor(0.0807)
7040,7040,tensor(0.0528),tensor(0.0353),tensor(0.0807)
7041,7041,tensor(0.0528),tensor(0.0353),tensor(0.0807)
7042,7042,tensor(0.0528),tensor(0.0353),tensor(0.0807)
7043,7043,tensor(0.0528),tensor(0.0353),tensor(0.0807)
7044,7044,tensor(0.0528),tensor(0.0353),tensor(0.0807)
7045,7045,tensor(0.0528),tensor(0.0353),tensor(0.0807)
7046,7046,tensor(0.0528),tensor(0.0353),tensor(0.0807)
7047,7047,tensor(0.0528),tensor(0.0353),tensor(0.0807)
7048,7048,tensor(0.0528),tensor(0.0353),tensor(0.0807)
7049,7049,tensor(0.0528),tensor(0.0353),tensor(0.0807)
7050,7050,tensor(0.0528),tensor(0.0353),tensor(0.0807)
7051,7051,tensor(0.0528),tensor(0.0353),tensor(0.0807)
7052,7052,tensor(0.0528),tensor(0.0353),tensor(0.0807)
7053,7053,tensor(0.0528),tensor(0.0353),tensor(0.0807)
7054,7054,tensor(0.0528),tensor(0.0353),tensor(0.0807)
7055,7055,tensor(0.0528),tensor(0.0353),tensor(0.0807)
7056,7056,tensor(0.0528),tensor(0.0353),tensor(0.0807)
7057,7057,tensor(0.0528),tensor(0.0353),tensor(0.0807)
7058,7058,tensor(0.0528),tensor(0.0353),tensor(0.0807)
7059,7059,tensor(0.0528),tensor(0.0353),tensor(0.0807)
7060,7060,tensor(0.0528),tensor(0.0353),tensor(0.0807)
7061,7061,tensor(0.0528),tensor(0.0353),tensor(0.0807)
7062,7062,tensor(0.0528),tensor(0.0353),tensor(0.0807)
7063,7063,tensor(0.0528),tensor(0.0353),tensor(0.0807)
7064,7064,tensor(0.0528),tensor(0.0353),tensor(0.0807)
7065,7065,tensor(0.0528),tensor(0.0353),tensor(0.0807)
7066,7066,tensor(0.0528),tensor(0.0353),tensor(0.0807)
7067,7067,tensor(0.0528),tensor(0.0353),tensor(0.0807)
7068,7068,tensor(0.0528),tensor(0.0353),tensor(0.0807)
7069,7069,tensor(0.0528),tensor(0.0353),tensor(0.0807)
7070,7070,tensor(0.0528),tensor(0.0353),tensor(0.0807)
7071,7071,tensor(0.0528),tensor(0.0353),tensor(0.0807)
7072,7072,tensor(0.0527),tensor(0.0353),tensor(0.0807)
7073,7073,tensor(0.0527),tensor(0.0353),tensor(0.0807)
7074,7074,tensor(0.0527),tensor(0.0353),tensor(0.0807)
7075,7075,tensor(0.0527),tensor(0.0353),tensor(0.0807)
7076,7076,tensor(0.0527),tensor(0.0353),tensor(0.0807)
7077,7077,tensor(0.0527),tensor(0.0353),tensor(0.0807)
7078,7078,tensor(0.0527),tensor(0.0353),tensor(0.0807)
7079,7079,tensor(0.0527),tensor(0.0353),tensor(0.0807)
7080,7080,tensor(0.0527),tensor(0.0353),tensor(0.0807)
7081,7081,tensor(0.0527),tensor(0.0353),tensor(0.0807)
7082,7082,tensor(0.0527),tensor(0.0353),tensor(0.0807)
7083,7083,tensor(0.0527),tensor(0.0353),tensor(0.0807)
7084,7084,tensor(0.0527),tensor(0.0353),tensor(0.0807)
7085,7085,tensor(0.0527),tensor(0.0353),tensor(0.0807)
7086,7086,tensor(0.0527),tensor(0.0353),tensor(0.0807)
7087,7087,tensor(0.0527),tensor(0.0353),tensor(0.0807)
7088,7088,tensor(0.0527),tensor(0.0353),tensor(0.0807)
7089,7089,tensor(0.0527),tensor(0.0353),tensor(0.0807)
7090,7090,tensor(0.0527),tensor(0.0353),tensor(0.0807)
7091,7091,tensor(0.0527),tensor(0.0353),tensor(0.0807)
7092,7092,tensor(0.0527),tensor(0.0353),tensor(0.0807)
7093,7093,tensor(0.0527),tensor(0.0353),tensor(0.0807)
7094,7094,tensor(0.0527),tensor(0.0353),tensor(0.0807)
7095,7095,tensor(0.0527),tensor(0.0353),tensor(0.0807)
7096,7096,tensor(0.0527),tensor(0.0353),tensor(0.0807)
7097,7097,tensor(0.0527),tensor(0.0353),tensor(0.0807)
7098,7098,tensor(0.0527),tensor(0.0353),tensor(0.0807)
7099,7099,tensor(0.0527),tensor(0.0353),tensor(0.0807)
7100,7100,tensor(0.0527),tensor(0.0353),tensor(0.0807)
7101,7101,tensor(0.0527),tensor(0.0353),tensor(0.0807)
7102,7102,tensor(0.0527),tensor(0.0353),tensor(0.0807)
7103,7103,tensor(0.0527),tensor(0.0353),tensor(0.0806)
7104,7104,tensor(0.0527),tensor(0.0353),tensor(0.0806)
7105,7105,tensor(0.0527),tensor(0.0353),tensor(0.0806)
7106,7106,tensor(0.0527),tensor(0.0353),tensor(0.0806)
7107,7107,tensor(0.0527),tensor(0.0353),tensor(0.0806)
7108,7108,tensor(0.0527),tensor(0.0353),tensor(0.0806)
7109,7109,tensor(0.0527),tensor(0.0353),tensor(0.0806)
7110,7110,tensor(0.0527),tensor(0.0353),tensor(0.0806)
7111,7111,tensor(0.0527),tensor(0.0353),tensor(0.0806)
7112,7112,tensor(0.0527),tensor(0.0353),tensor(0.0806)
7113,7113,tensor(0.0527),tensor(0.0353),tensor(0.0806)
7114,7114,tensor(0.0527),tensor(0.0353),tensor(0.0806)
7115,7115,tensor(0.0527),tensor(0.0353),tensor(0.0806)
7116,7116,tensor(0.0527),tensor(0.0353),tensor(0.0806)
7117,7117,tensor(0.0527),tensor(0.0353),tensor(0.0806)
7118,7118,tensor(0.0527),tensor(0.0353),tensor(0.0806)
7119,7119,tensor(0.0527),tensor(0.0353),tensor(0.0806)
7120,7120,tensor(0.0527),tensor(0.0353),tensor(0.0806)
7121,7121,tensor(0.0527),tensor(0.0353),tensor(0.0806)
7122,7122,tensor(0.0527),tensor(0.0353),tensor(0.0806)
7123,7123,tensor(0.0527),tensor(0.0353),tensor(0.0806)
7124,7124,tensor(0.0527),tensor(0.0353),tensor(0.0806)
7125,7125,tensor(0.0527),tensor(0.0353),tensor(0.0806)
7126,7126,tensor(0.0527),tensor(0.0353),tensor(0.0806)
7127,7127,tensor(0.0527),tensor(0.0353),tensor(0.0806)
7128,7128,tensor(0.0527),tensor(0.0353),tensor(0.0806)
7129,7129,tensor(0.0527),tensor(0.0353),tensor(0.0806)
7130,7130,tensor(0.0527),tensor(0.0353),tensor(0.0806)
7131,7131,tensor(0.0527),tensor(0.0353),tensor(0.0806)
7132,7132,tensor(0.0527),tensor(0.0353),tensor(0.0806)
7133,7133,tensor(0.0527),tensor(0.0353),tensor(0.0806)
7134,7134,tensor(0.0527),tensor(0.0353),tensor(0.0806)
7135,7135,tensor(0.0527),tensor(0.0353),tensor(0.0806)
7136,7136,tensor(0.0527),tensor(0.0352),tensor(0.0806)
7137,7137,tensor(0.0527),tensor(0.0352),tensor(0.0806)
7138,7138,tensor(0.0527),tensor(0.0352),tensor(0.0806)
7139,7139,tensor(0.0527),tensor(0.0352),tensor(0.0806)
7140,7140,tensor(0.0527),tensor(0.0352),tensor(0.0806)
7141,7141,tensor(0.0527),tensor(0.0352),tensor(0.0806)
7142,7142,tensor(0.0527),tensor(0.0352),tensor(0.0806)
7143,7143,tensor(0.0527),tensor(0.0352),tensor(0.0806)
7144,7144,tensor(0.0527),tensor(0.0352),tensor(0.0806)
7145,7145,tensor(0.0527),tensor(0.0352),tensor(0.0806)
7146,7146,tensor(0.0527),tensor(0.0352),tensor(0.0806)
7147,7147,tensor(0.0527),tensor(0.0352),tensor(0.0806)
7148,7148,tensor(0.0527),tensor(0.0352),tensor(0.0806)
7149,7149,tensor(0.0527),tensor(0.0352),tensor(0.0806)
7150,7150,tensor(0.0527),tensor(0.0352),tensor(0.0806)
7151,7151,tensor(0.0527),tensor(0.0352),tensor(0.0806)
7152,7152,tensor(0.0527),tensor(0.0352),tensor(0.0806)
7153,7153,tensor(0.0527),tensor(0.0352),tensor(0.0806)
7154,7154,tensor(0.0527),tensor(0.0352),tensor(0.0806)
7155,7155,tensor(0.0527),tensor(0.0352),tensor(0.0806)
7156,7156,tensor(0.0527),tensor(0.0352),tensor(0.0806)
7157,7157,tensor(0.0527),tensor(0.0352),tensor(0.0806)
7158,7158,tensor(0.0527),tensor(0.0352),tensor(0.0806)
7159,7159,tensor(0.0527),tensor(0.0352),tensor(0.0806)
7160,7160,tensor(0.0527),tensor(0.0352),tensor(0.0806)
7161,7161,tensor(0.0527),tensor(0.0352),tensor(0.0806)
7162,7162,tensor(0.0527),tensor(0.0352),tensor(0.0806)
7163,7163,tensor(0.0527),tensor(0.0352),tensor(0.0806)
7164,7164,tensor(0.0527),tensor(0.0352),tensor(0.0806)
7165,7165,tensor(0.0527),tensor(0.0352),tensor(0.0806)
7166,7166,tensor(0.0527),tensor(0.0352),tensor(0.0806)
7167,7167,tensor(0.0527),tensor(0.0352),tensor(0.0806)
7168,7168,tensor(0.0527),tensor(0.0352),tensor(0.0806)
7169,7169,tensor(0.0527),tensor(0.0352),tensor(0.0806)
7170,7170,tensor(0.0527),tensor(0.0352),tensor(0.0806)
7171,7171,tensor(0.0527),tensor(0.0352),tensor(0.0806)
7172,7172,tensor(0.0527),tensor(0.0352),tensor(0.0806)
7173,7173,tensor(0.0527),tensor(0.0352),tensor(0.0806)
7174,7174,tensor(0.0527),tensor(0.0352),tensor(0.0806)
7175,7175,tensor(0.0527),tensor(0.0352),tensor(0.0806)
7176,7176,tensor(0.0527),tensor(0.0352),tensor(0.0806)
7177,7177,tensor(0.0527),tensor(0.0352),tensor(0.0806)
7178,7178,tensor(0.0527),tensor(0.0352),tensor(0.0806)
7179,7179,tensor(0.0527),tensor(0.0352),tensor(0.0806)
7180,7180,tensor(0.0527),tensor(0.0352),tensor(0.0806)
7181,7181,tensor(0.0527),tensor(0.0352),tensor(0.0806)
7182,7182,tensor(0.0527),tensor(0.0352),tensor(0.0806)
7183,7183,tensor(0.0527),tensor(0.0352),tensor(0.0806)
7184,7184,tensor(0.0527),tensor(0.0352),tensor(0.0806)
7185,7185,tensor(0.0527),tensor(0.0352),tensor(0.0806)
7186,7186,tensor(0.0527),tensor(0.0352),tensor(0.0806)
7187,7187,tensor(0.0527),tensor(0.0352),tensor(0.0806)
7188,7188,tensor(0.0527),tensor(0.0352),tensor(0.0806)
7189,7189,tensor(0.0527),tensor(0.0352),tensor(0.0806)
7190,7190,tensor(0.0527),tensor(0.0352),tensor(0.0806)
7191,7191,tensor(0.0527),tensor(0.0352),tensor(0.0806)
7192,7192,tensor(0.0527),tensor(0.0352),tensor(0.0806)
7193,7193,tensor(0.0527),tensor(0.0352),tensor(0.0806)
7194,7194,tensor(0.0527),tensor(0.0352),tensor(0.0806)
7195,7195,tensor(0.0527),tensor(0.0352),tensor(0.0806)
7196,7196,tensor(0.0527),tensor(0.0352),tensor(0.0806)
7197,7197,tensor(0.0527),tensor(0.0352),tensor(0.0806)
7198,7198,tensor(0.0527),tensor(0.0352),tensor(0.0806)
7199,7199,tensor(0.0527),tensor(0.0352),tensor(0.0806)
7200,7200,tensor(0.0527),tensor(0.0352),tensor(0.0806)
7201,7201,tensor(0.0527),tensor(0.0352),tensor(0.0806)
7202,7202,tensor(0.0527),tensor(0.0352),tensor(0.0806)
7203,7203,tensor(0.0527),tensor(0.0352),tensor(0.0806)
7204,7204,tensor(0.0527),tensor(0.0352),tensor(0.0806)
7205,7205,tensor(0.0527),tensor(0.0352),tensor(0.0806)
7206,7206,tensor(0.0527),tensor(0.0352),tensor(0.0806)
7207,7207,tensor(0.0527),tensor(0.0352),tensor(0.0806)
7208,7208,tensor(0.0527),tensor(0.0352),tensor(0.0806)
7209,7209,tensor(0.0527),tensor(0.0352),tensor(0.0806)
7210,7210,tensor(0.0527),tensor(0.0352),tensor(0.0806)
7211,7211,tensor(0.0527),tensor(0.0352),tensor(0.0806)
7212,7212,tensor(0.0527),tensor(0.0352),tensor(0.0806)
7213,7213,tensor(0.0527),tensor(0.0352),tensor(0.0806)
7214,7214,tensor(0.0527),tensor(0.0352),tensor(0.0806)
7215,7215,tensor(0.0527),tensor(0.0352),tensor(0.0806)
7216,7216,tensor(0.0527),tensor(0.0352),tensor(0.0806)
7217,7217,tensor(0.0527),tensor(0.0352),tensor(0.0806)
7218,7218,tensor(0.0527),tensor(0.0352),tensor(0.0806)
7219,7219,tensor(0.0527),tensor(0.0352),tensor(0.0806)
7220,7220,tensor(0.0527),tensor(0.0352),tensor(0.0806)
7221,7221,tensor(0.0527),tensor(0.0352),tensor(0.0806)
7222,7222,tensor(0.0527),tensor(0.0352),tensor(0.0806)
7223,7223,tensor(0.0527),tensor(0.0352),tensor(0.0806)
7224,7224,tensor(0.0527),tensor(0.0352),tensor(0.0806)
7225,7225,tensor(0.0527),tensor(0.0352),tensor(0.0806)
7226,7226,tensor(0.0527),tensor(0.0352),tensor(0.0806)
7227,7227,tensor(0.0527),tensor(0.0352),tensor(0.0806)
7228,7228,tensor(0.0527),tensor(0.0352),tensor(0.0806)
7229,7229,tensor(0.0527),tensor(0.0352),tensor(0.0806)
7230,7230,tensor(0.0527),tensor(0.0352),tensor(0.0806)
7231,7231,tensor(0.0527),tensor(0.0352),tensor(0.0806)
7232,7232,tensor(0.0527),tensor(0.0352),tensor(0.0806)
7233,7233,tensor(0.0527),tensor(0.0352),tensor(0.0806)
7234,7234,tensor(0.0527),tensor(0.0352),tensor(0.0806)
7235,7235,tensor(0.0527),tensor(0.0352),tensor(0.0806)
7236,7236,tensor(0.0527),tensor(0.0352),tensor(0.0806)
7237,7237,tensor(0.0527),tensor(0.0352),tensor(0.0806)
7238,7238,tensor(0.0527),tensor(0.0352),tensor(0.0806)
7239,7239,tensor(0.0527),tensor(0.0352),tensor(0.0806)
7240,7240,tensor(0.0527),tensor(0.0352),tensor(0.0806)
7241,7241,tensor(0.0527),tensor(0.0352),tensor(0.0806)
7242,7242,tensor(0.0527),tensor(0.0352),tensor(0.0806)
7243,7243,tensor(0.0527),tensor(0.0352),tensor(0.0806)
7244,7244,tensor(0.0527),tensor(0.0352),tensor(0.0806)
7245,7245,tensor(0.0527),tensor(0.0352),tensor(0.0806)
7246,7246,tensor(0.0527),tensor(0.0352),tensor(0.0806)
7247,7247,tensor(0.0527),tensor(0.0352),tensor(0.0806)
7248,7248,tensor(0.0527),tensor(0.0352),tensor(0.0806)
7249,7249,tensor(0.0527),tensor(0.0352),tensor(0.0806)
7250,7250,tensor(0.0527),tensor(0.0352),tensor(0.0806)
7251,7251,tensor(0.0527),tensor(0.0352),tensor(0.0806)
7252,7252,tensor(0.0527),tensor(0.0352),tensor(0.0806)
7253,7253,tensor(0.0527),tensor(0.0352),tensor(0.0806)
7254,7254,tensor(0.0527),tensor(0.0352),tensor(0.0806)
7255,7255,tensor(0.0527),tensor(0.0352),tensor(0.0806)
7256,7256,tensor(0.0527),tensor(0.0352),tensor(0.0806)
7257,7257,tensor(0.0527),tensor(0.0352),tensor(0.0806)
7258,7258,tensor(0.0527),tensor(0.0352),tensor(0.0806)
7259,7259,tensor(0.0527),tensor(0.0352),tensor(0.0806)
7260,7260,tensor(0.0527),tensor(0.0352),tensor(0.0806)
7261,7261,tensor(0.0527),tensor(0.0352),tensor(0.0806)
7262,7262,tensor(0.0527),tensor(0.0352),tensor(0.0806)
7263,7263,tensor(0.0527),tensor(0.0352),tensor(0.0806)
7264,7264,tensor(0.0527),tensor(0.0352),tensor(0.0806)
7265,7265,tensor(0.0527),tensor(0.0352),tensor(0.0806)
7266,7266,tensor(0.0527),tensor(0.0352),tensor(0.0806)
7267,7267,tensor(0.0527),tensor(0.0352),tensor(0.0806)
7268,7268,tensor(0.0527),tensor(0.0352),tensor(0.0806)
7269,7269,tensor(0.0527),tensor(0.0352),tensor(0.0806)
7270,7270,tensor(0.0527),tensor(0.0352),tensor(0.0806)
7271,7271,tensor(0.0527),tensor(0.0352),tensor(0.0806)
7272,7272,tensor(0.0527),tensor(0.0352),tensor(0.0806)
7273,7273,tensor(0.0527),tensor(0.0352),tensor(0.0806)
7274,7274,tensor(0.0527),tensor(0.0352),tensor(0.0806)
7275,7275,tensor(0.0527),tensor(0.0352),tensor(0.0806)
7276,7276,tensor(0.0527),tensor(0.0352),tensor(0.0806)
7277,7277,tensor(0.0527),tensor(0.0352),tensor(0.0806)
7278,7278,tensor(0.0527),tensor(0.0352),tensor(0.0806)
7279,7279,tensor(0.0527),tensor(0.0352),tensor(0.0806)
7280,7280,tensor(0.0527),tensor(0.0352),tensor(0.0806)
7281,7281,tensor(0.0527),tensor(0.0352),tensor(0.0806)
7282,7282,tensor(0.0527),tensor(0.0352),tensor(0.0806)
7283,7283,tensor(0.0527),tensor(0.0352),tensor(0.0806)
7284,7284,tensor(0.0527),tensor(0.0352),tensor(0.0806)
7285,7285,tensor(0.0527),tensor(0.0352),tensor(0.0806)
7286,7286,tensor(0.0527),tensor(0.0352),tensor(0.0806)
7287,7287,tensor(0.0527),tensor(0.0352),tensor(0.0806)
7288,7288,tensor(0.0527),tensor(0.0352),tensor(0.0806)
7289,7289,tensor(0.0527),tensor(0.0352),tensor(0.0806)
7290,7290,tensor(0.0527),tensor(0.0352),tensor(0.0806)
7291,7291,tensor(0.0527),tensor(0.0352),tensor(0.0806)
7292,7292,tensor(0.0527),tensor(0.0352),tensor(0.0806)
7293,7293,tensor(0.0527),tensor(0.0352),tensor(0.0806)
7294,7294,tensor(0.0527),tensor(0.0352),tensor(0.0806)
7295,7295,tensor(0.0527),tensor(0.0352),tensor(0.0806)
7296,7296,tensor(0.0527),tensor(0.0352),tensor(0.0806)
7297,7297,tensor(0.0527),tensor(0.0352),tensor(0.0806)
7298,7298,tensor(0.0527),tensor(0.0352),tensor(0.0806)
7299,7299,tensor(0.0527),tensor(0.0352),tensor(0.0806)
7300,7300,tensor(0.0527),tensor(0.0352),tensor(0.0806)
7301,7301,tensor(0.0527),tensor(0.0352),tensor(0.0806)
7302,7302,tensor(0.0527),tensor(0.0352),tensor(0.0806)
7303,7303,tensor(0.0527),tensor(0.0352),tensor(0.0806)
7304,7304,tensor(0.0527),tensor(0.0352),tensor(0.0806)
7305,7305,tensor(0.0527),tensor(0.0352),tensor(0.0806)
7306,7306,tensor(0.0527),tensor(0.0352),tensor(0.0806)
7307,7307,tensor(0.0527),tensor(0.0352),tensor(0.0806)
7308,7308,tensor(0.0527),tensor(0.0352),tensor(0.0806)
7309,7309,tensor(0.0527),tensor(0.0352),tensor(0.0806)
7310,7310,tensor(0.0527),tensor(0.0352),tensor(0.0806)
7311,7311,tensor(0.0527),tensor(0.0352),tensor(0.0806)
7312,7312,tensor(0.0527),tensor(0.0352),tensor(0.0806)
7313,7313,tensor(0.0527),tensor(0.0352),tensor(0.0806)
7314,7314,tensor(0.0527),tensor(0.0352),tensor(0.0806)
7315,7315,tensor(0.0527),tensor(0.0352),tensor(0.0806)
7316,7316,tensor(0.0527),tensor(0.0352),tensor(0.0806)
7317,7317,tensor(0.0527),tensor(0.0352),tensor(0.0806)
7318,7318,tensor(0.0527),tensor(0.0352),tensor(0.0806)
7319,7319,tensor(0.0527),tensor(0.0352),tensor(0.0806)
7320,7320,tensor(0.0527),tensor(0.0352),tensor(0.0806)
7321,7321,tensor(0.0527),tensor(0.0352),tensor(0.0806)
7322,7322,tensor(0.0527),tensor(0.0352),tensor(0.0806)
7323,7323,tensor(0.0527),tensor(0.0352),tensor(0.0806)
7324,7324,tensor(0.0527),tensor(0.0352),tensor(0.0806)
7325,7325,tensor(0.0527),tensor(0.0351),tensor(0.0806)
7326,7326,tensor(0.0527),tensor(0.0351),tensor(0.0806)
7327,7327,tensor(0.0527),tensor(0.0351),tensor(0.0806)
7328,7328,tensor(0.0527),tensor(0.0351),tensor(0.0806)
7329,7329,tensor(0.0527),tensor(0.0351),tensor(0.0806)
7330,7330,tensor(0.0527),tensor(0.0351),tensor(0.0806)
7331,7331,tensor(0.0527),tensor(0.0351),tensor(0.0806)
7332,7332,tensor(0.0527),tensor(0.0351),tensor(0.0806)
7333,7333,tensor(0.0527),tensor(0.0351),tensor(0.0806)
7334,7334,tensor(0.0527),tensor(0.0351),tensor(0.0806)
7335,7335,tensor(0.0527),tensor(0.0351),tensor(0.0806)
7336,7336,tensor(0.0527),tensor(0.0351),tensor(0.0806)
7337,7337,tensor(0.0527),tensor(0.0351),tensor(0.0806)
7338,7338,tensor(0.0527),tensor(0.0351),tensor(0.0806)
7339,7339,tensor(0.0527),tensor(0.0351),tensor(0.0806)
7340,7340,tensor(0.0527),tensor(0.0351),tensor(0.0806)
7341,7341,tensor(0.0527),tensor(0.0351),tensor(0.0806)
7342,7342,tensor(0.0527),tensor(0.0351),tensor(0.0806)
7343,7343,tensor(0.0527),tensor(0.0351),tensor(0.0806)
7344,7344,tensor(0.0527),tensor(0.0351),tensor(0.0806)
7345,7345,tensor(0.0527),tensor(0.0351),tensor(0.0806)
7346,7346,tensor(0.0527),tensor(0.0351),tensor(0.0806)
7347,7347,tensor(0.0527),tensor(0.0351),tensor(0.0806)
7348,7348,tensor(0.0527),tensor(0.0351),tensor(0.0806)
7349,7349,tensor(0.0527),tensor(0.0351),tensor(0.0806)
7350,7350,tensor(0.0527),tensor(0.0351),tensor(0.0806)
7351,7351,tensor(0.0527),tensor(0.0351),tensor(0.0806)
7352,7352,tensor(0.0527),tensor(0.0351),tensor(0.0806)
7353,7353,tensor(0.0527),tensor(0.0351),tensor(0.0806)
7354,7354,tensor(0.0527),tensor(0.0351),tensor(0.0806)
7355,7355,tensor(0.0527),tensor(0.0351),tensor(0.0806)
7356,7356,tensor(0.0527),tensor(0.0351),tensor(0.0806)
7357,7357,tensor(0.0527),tensor(0.0351),tensor(0.0806)
7358,7358,tensor(0.0527),tensor(0.0351),tensor(0.0806)
7359,7359,tensor(0.0527),tensor(0.0351),tensor(0.0806)
7360,7360,tensor(0.0527),tensor(0.0351),tensor(0.0806)
7361,7361,tensor(0.0527),tensor(0.0351),tensor(0.0806)
7362,7362,tensor(0.0527),tensor(0.0351),tensor(0.0806)
7363,7363,tensor(0.0527),tensor(0.0351),tensor(0.0806)
7364,7364,tensor(0.0527),tensor(0.0351),tensor(0.0806)
7365,7365,tensor(0.0527),tensor(0.0351),tensor(0.0806)
7366,7366,tensor(0.0527),tensor(0.0351),tensor(0.0806)
7367,7367,tensor(0.0527),tensor(0.0351),tensor(0.0806)
7368,7368,tensor(0.0527),tensor(0.0351),tensor(0.0806)
7369,7369,tensor(0.0527),tensor(0.0351),tensor(0.0806)
7370,7370,tensor(0.0527),tensor(0.0351),tensor(0.0806)
7371,7371,tensor(0.0527),tensor(0.0351),tensor(0.0806)
7372,7372,tensor(0.0527),tensor(0.0351),tensor(0.0806)
7373,7373,tensor(0.0527),tensor(0.0351),tensor(0.0806)
7374,7374,tensor(0.0527),tensor(0.0351),tensor(0.0806)
7375,7375,tensor(0.0527),tensor(0.0351),tensor(0.0806)
7376,7376,tensor(0.0527),tensor(0.0351),tensor(0.0806)
7377,7377,tensor(0.0527),tensor(0.0351),tensor(0.0806)
7378,7378,tensor(0.0527),tensor(0.0351),tensor(0.0806)
7379,7379,tensor(0.0527),tensor(0.0351),tensor(0.0806)
7380,7380,tensor(0.0527),tensor(0.0351),tensor(0.0806)
7381,7381,tensor(0.0527),tensor(0.0351),tensor(0.0806)
7382,7382,tensor(0.0527),tensor(0.0351),tensor(0.0806)
7383,7383,tensor(0.0527),tensor(0.0351),tensor(0.0806)
7384,7384,tensor(0.0527),tensor(0.0351),tensor(0.0806)
7385,7385,tensor(0.0527),tensor(0.0351),tensor(0.0806)
7386,7386,tensor(0.0527),tensor(0.0351),tensor(0.0806)
7387,7387,tensor(0.0527),tensor(0.0351),tensor(0.0806)
7388,7388,tensor(0.0527),tensor(0.0351),tensor(0.0806)
7389,7389,tensor(0.0527),tensor(0.0351),tensor(0.0806)
7390,7390,tensor(0.0527),tensor(0.0351),tensor(0.0806)
7391,7391,tensor(0.0527),tensor(0.0351),tensor(0.0806)
7392,7392,tensor(0.0527),tensor(0.0351),tensor(0.0806)
7393,7393,tensor(0.0527),tensor(0.0351),tensor(0.0806)
7394,7394,tensor(0.0527),tensor(0.0351),tensor(0.0806)
7395,7395,tensor(0.0527),tensor(0.0351),tensor(0.0806)
7396,7396,tensor(0.0527),tensor(0.0351),tensor(0.0806)
7397,7397,tensor(0.0527),tensor(0.0351),tensor(0.0806)
7398,7398,tensor(0.0527),tensor(0.0351),tensor(0.0806)
7399,7399,tensor(0.0527),tensor(0.0351),tensor(0.0806)
7400,7400,tensor(0.0527),tensor(0.0351),tensor(0.0806)
7401,7401,tensor(0.0527),tensor(0.0351),tensor(0.0806)
7402,7402,tensor(0.0527),tensor(0.0351),tensor(0.0806)
7403,7403,tensor(0.0527),tensor(0.0351),tensor(0.0806)
7404,7404,tensor(0.0527),tensor(0.0351),tensor(0.0806)
7405,7405,tensor(0.0527),tensor(0.0351),tensor(0.0806)
7406,7406,tensor(0.0527),tensor(0.0351),tensor(0.0806)
7407,7407,tensor(0.0527),tensor(0.0351),tensor(0.0806)
7408,7408,tensor(0.0527),tensor(0.0351),tensor(0.0806)
7409,7409,tensor(0.0527),tensor(0.0351),tensor(0.0806)
7410,7410,tensor(0.0527),tensor(0.0351),tensor(0.0806)
7411,7411,tensor(0.0527),tensor(0.0351),tensor(0.0806)
7412,7412,tensor(0.0527),tensor(0.0351),tensor(0.0806)
7413,7413,tensor(0.0527),tensor(0.0351),tensor(0.0806)
7414,7414,tensor(0.0527),tensor(0.0351),tensor(0.0806)
7415,7415,tensor(0.0527),tensor(0.0351),tensor(0.0806)
7416,7416,tensor(0.0527),tensor(0.0351),tensor(0.0806)
7417,7417,tensor(0.0527),tensor(0.0351),tensor(0.0806)
7418,7418,tensor(0.0527),tensor(0.0351),tensor(0.0806)
7419,7419,tensor(0.0527),tensor(0.0351),tensor(0.0806)
7420,7420,tensor(0.0527),tensor(0.0351),tensor(0.0806)
7421,7421,tensor(0.0527),tensor(0.0351),tensor(0.0806)
7422,7422,tensor(0.0527),tensor(0.0351),tensor(0.0806)
7423,7423,tensor(0.0527),tensor(0.0351),tensor(0.0806)
7424,7424,tensor(0.0527),tensor(0.0351),tensor(0.0806)
7425,7425,tensor(0.0527),tensor(0.0351),tensor(0.0806)
7426,7426,tensor(0.0527),tensor(0.0351),tensor(0.0806)
7427,7427,tensor(0.0527),tensor(0.0351),tensor(0.0806)
7428,7428,tensor(0.0527),tensor(0.0351),tensor(0.0806)
7429,7429,tensor(0.0527),tensor(0.0351),tensor(0.0806)
7430,7430,tensor(0.0527),tensor(0.0351),tensor(0.0806)
7431,7431,tensor(0.0527),tensor(0.0351),tensor(0.0806)
7432,7432,tensor(0.0527),tensor(0.0351),tensor(0.0806)
7433,7433,tensor(0.0527),tensor(0.0351),tensor(0.0806)
7434,7434,tensor(0.0527),tensor(0.0351),tensor(0.0806)
7435,7435,tensor(0.0527),tensor(0.0351),tensor(0.0806)
7436,7436,tensor(0.0527),tensor(0.0351),tensor(0.0806)
7437,7437,tensor(0.0527),tensor(0.0351),tensor(0.0806)
7438,7438,tensor(0.0527),tensor(0.0351),tensor(0.0806)
7439,7439,tensor(0.0527),tensor(0.0351),tensor(0.0806)
7440,7440,tensor(0.0527),tensor(0.0351),tensor(0.0806)
7441,7441,tensor(0.0527),tensor(0.0351),tensor(0.0806)
7442,7442,tensor(0.0527),tensor(0.0351),tensor(0.0806)
7443,7443,tensor(0.0527),tensor(0.0351),tensor(0.0806)
7444,7444,tensor(0.0527),tensor(0.0351),tensor(0.0806)
7445,7445,tensor(0.0527),tensor(0.0351),tensor(0.0806)
7446,7446,tensor(0.0527),tensor(0.0351),tensor(0.0806)
7447,7447,tensor(0.0527),tensor(0.0351),tensor(0.0806)
7448,7448,tensor(0.0527),tensor(0.0351),tensor(0.0806)
7449,7449,tensor(0.0527),tensor(0.0351),tensor(0.0806)
7450,7450,tensor(0.0527),tensor(0.0351),tensor(0.0806)
7451,7451,tensor(0.0527),tensor(0.0351),tensor(0.0806)
7452,7452,tensor(0.0527),tensor(0.0351),tensor(0.0806)
7453,7453,tensor(0.0527),tensor(0.0351),tensor(0.0806)
7454,7454,tensor(0.0527),tensor(0.0351),tensor(0.0806)
7455,7455,tensor(0.0527),tensor(0.0351),tensor(0.0806)
7456,7456,tensor(0.0527),tensor(0.0351),tensor(0.0806)
7457,7457,tensor(0.0527),tensor(0.0351),tensor(0.0806)
7458,7458,tensor(0.0527),tensor(0.0351),tensor(0.0806)
7459,7459,tensor(0.0527),tensor(0.0351),tensor(0.0806)
7460,7460,tensor(0.0527),tensor(0.0351),tensor(0.0806)
7461,7461,tensor(0.0527),tensor(0.0351),tensor(0.0806)
7462,7462,tensor(0.0527),tensor(0.0351),tensor(0.0806)
7463,7463,tensor(0.0527),tensor(0.0351),tensor(0.0806)
7464,7464,tensor(0.0527),tensor(0.0351),tensor(0.0806)
7465,7465,tensor(0.0527),tensor(0.0351),tensor(0.0806)
7466,7466,tensor(0.0527),tensor(0.0351),tensor(0.0806)
7467,7467,tensor(0.0527),tensor(0.0351),tensor(0.0806)
7468,7468,tensor(0.0527),tensor(0.0351),tensor(0.0806)
7469,7469,tensor(0.0527),tensor(0.0351),tensor(0.0806)
7470,7470,tensor(0.0527),tensor(0.0351),tensor(0.0806)
7471,7471,tensor(0.0527),tensor(0.0351),tensor(0.0806)
7472,7472,tensor(0.0527),tensor(0.0351),tensor(0.0806)
7473,7473,tensor(0.0527),tensor(0.0351),tensor(0.0806)
7474,7474,tensor(0.0527),tensor(0.0351),tensor(0.0806)
7475,7475,tensor(0.0527),tensor(0.0351),tensor(0.0806)
7476,7476,tensor(0.0527),tensor(0.0351),tensor(0.0806)
7477,7477,tensor(0.0527),tensor(0.0351),tensor(0.0806)
7478,7478,tensor(0.0527),tensor(0.0351),tensor(0.0806)
7479,7479,tensor(0.0527),tensor(0.0351),tensor(0.0806)
7480,7480,tensor(0.0527),tensor(0.0351),tensor(0.0806)
7481,7481,tensor(0.0527),tensor(0.0351),tensor(0.0806)
7482,7482,tensor(0.0527),tensor(0.0351),tensor(0.0806)
7483,7483,tensor(0.0527),tensor(0.0351),tensor(0.0806)
7484,7484,tensor(0.0527),tensor(0.0351),tensor(0.0806)
7485,7485,tensor(0.0527),tensor(0.0351),tensor(0.0806)
7486,7486,tensor(0.0526),tensor(0.0351),tensor(0.0806)
7487,7487,tensor(0.0526),tensor(0.0351),tensor(0.0806)
7488,7488,tensor(0.0526),tensor(0.0351),tensor(0.0806)
7489,7489,tensor(0.0526),tensor(0.0351),tensor(0.0806)
7490,7490,tensor(0.0526),tensor(0.0351),tensor(0.0806)
7491,7491,tensor(0.0526),tensor(0.0351),tensor(0.0806)
7492,7492,tensor(0.0526),tensor(0.0351),tensor(0.0806)
7493,7493,tensor(0.0526),tensor(0.0351),tensor(0.0806)
7494,7494,tensor(0.0526),tensor(0.0351),tensor(0.0806)
7495,7495,tensor(0.0526),tensor(0.0351),tensor(0.0806)
7496,7496,tensor(0.0526),tensor(0.0351),tensor(0.0806)
7497,7497,tensor(0.0526),tensor(0.0351),tensor(0.0806)
7498,7498,tensor(0.0526),tensor(0.0351),tensor(0.0806)
7499,7499,tensor(0.0526),tensor(0.0351),tensor(0.0806)
7500,7500,tensor(0.0526),tensor(0.0351),tensor(0.0806)
7501,7501,tensor(0.0526),tensor(0.0351),tensor(0.0806)
7502,7502,tensor(0.0526),tensor(0.0351),tensor(0.0806)
7503,7503,tensor(0.0526),tensor(0.0351),tensor(0.0806)
7504,7504,tensor(0.0526),tensor(0.0351),tensor(0.0806)
7505,7505,tensor(0.0526),tensor(0.0351),tensor(0.0806)
7506,7506,tensor(0.0526),tensor(0.0351),tensor(0.0806)
7507,7507,tensor(0.0526),tensor(0.0351),tensor(0.0806)
7508,7508,tensor(0.0526),tensor(0.0351),tensor(0.0806)
7509,7509,tensor(0.0526),tensor(0.0351),tensor(0.0806)
7510,7510,tensor(0.0526),tensor(0.0351),tensor(0.0805)
7511,7511,tensor(0.0526),tensor(0.0351),tensor(0.0805)
7512,7512,tensor(0.0526),tensor(0.0351),tensor(0.0805)
7513,7513,tensor(0.0526),tensor(0.0351),tensor(0.0805)
7514,7514,tensor(0.0526),tensor(0.0351),tensor(0.0805)
7515,7515,tensor(0.0526),tensor(0.0351),tensor(0.0805)
7516,7516,tensor(0.0526),tensor(0.0351),tensor(0.0805)
7517,7517,tensor(0.0526),tensor(0.0351),tensor(0.0805)
7518,7518,tensor(0.0526),tensor(0.0351),tensor(0.0805)
7519,7519,tensor(0.0526),tensor(0.0351),tensor(0.0805)
7520,7520,tensor(0.0526),tensor(0.0351),tensor(0.0805)
7521,7521,tensor(0.0526),tensor(0.0351),tensor(0.0805)
7522,7522,tensor(0.0526),tensor(0.0351),tensor(0.0805)
7523,7523,tensor(0.0526),tensor(0.0351),tensor(0.0805)
7524,7524,tensor(0.0526),tensor(0.0351),tensor(0.0805)
7525,7525,tensor(0.0526),tensor(0.0351),tensor(0.0805)
7526,7526,tensor(0.0526),tensor(0.0351),tensor(0.0805)
7527,7527,tensor(0.0526),tensor(0.0351),tensor(0.0805)
7528,7528,tensor(0.0526),tensor(0.0351),tensor(0.0805)
7529,7529,tensor(0.0526),tensor(0.0351),tensor(0.0805)
7530,7530,tensor(0.0526),tensor(0.0351),tensor(0.0805)
7531,7531,tensor(0.0526),tensor(0.0351),tensor(0.0805)
7532,7532,tensor(0.0526),tensor(0.0351),tensor(0.0805)
7533,7533,tensor(0.0526),tensor(0.0351),tensor(0.0805)
7534,7534,tensor(0.0526),tensor(0.0351),tensor(0.0805)
7535,7535,tensor(0.0526),tensor(0.0351),tensor(0.0805)
7536,7536,tensor(0.0526),tensor(0.0351),tensor(0.0805)
7537,7537,tensor(0.0526),tensor(0.0351),tensor(0.0805)
7538,7538,tensor(0.0526),tensor(0.0351),tensor(0.0805)
7539,7539,tensor(0.0526),tensor(0.0351),tensor(0.0805)
7540,7540,tensor(0.0526),tensor(0.0351),tensor(0.0805)
7541,7541,tensor(0.0526),tensor(0.0351),tensor(0.0805)
7542,7542,tensor(0.0526),tensor(0.0351),tensor(0.0805)
7543,7543,tensor(0.0526),tensor(0.0351),tensor(0.0805)
7544,7544,tensor(0.0526),tensor(0.0351),tensor(0.0805)
7545,7545,tensor(0.0526),tensor(0.0351),tensor(0.0805)
7546,7546,tensor(0.0526),tensor(0.0351),tensor(0.0805)
7547,7547,tensor(0.0526),tensor(0.0351),tensor(0.0805)
7548,7548,tensor(0.0526),tensor(0.0350),tensor(0.0805)
7549,7549,tensor(0.0526),tensor(0.0350),tensor(0.0805)
7550,7550,tensor(0.0526),tensor(0.0350),tensor(0.0805)
7551,7551,tensor(0.0526),tensor(0.0350),tensor(0.0805)
7552,7552,tensor(0.0526),tensor(0.0350),tensor(0.0805)
7553,7553,tensor(0.0526),tensor(0.0350),tensor(0.0805)
7554,7554,tensor(0.0526),tensor(0.0350),tensor(0.0805)
7555,7555,tensor(0.0526),tensor(0.0350),tensor(0.0805)
7556,7556,tensor(0.0526),tensor(0.0350),tensor(0.0805)
7557,7557,tensor(0.0526),tensor(0.0350),tensor(0.0805)
7558,7558,tensor(0.0526),tensor(0.0350),tensor(0.0805)
7559,7559,tensor(0.0526),tensor(0.0350),tensor(0.0805)
7560,7560,tensor(0.0526),tensor(0.0350),tensor(0.0805)
7561,7561,tensor(0.0526),tensor(0.0350),tensor(0.0805)
7562,7562,tensor(0.0526),tensor(0.0350),tensor(0.0805)
7563,7563,tensor(0.0526),tensor(0.0350),tensor(0.0805)
7564,7564,tensor(0.0526),tensor(0.0350),tensor(0.0805)
7565,7565,tensor(0.0526),tensor(0.0350),tensor(0.0805)
7566,7566,tensor(0.0526),tensor(0.0350),tensor(0.0805)
7567,7567,tensor(0.0526),tensor(0.0350),tensor(0.0805)
7568,7568,tensor(0.0526),tensor(0.0350),tensor(0.0805)
7569,7569,tensor(0.0526),tensor(0.0350),tensor(0.0805)
7570,7570,tensor(0.0526),tensor(0.0350),tensor(0.0805)
7571,7571,tensor(0.0526),tensor(0.0350),tensor(0.0805)
7572,7572,tensor(0.0526),tensor(0.0350),tensor(0.0805)
7573,7573,tensor(0.0526),tensor(0.0350),tensor(0.0805)
7574,7574,tensor(0.0526),tensor(0.0350),tensor(0.0805)
7575,7575,tensor(0.0526),tensor(0.0350),tensor(0.0805)
7576,7576,tensor(0.0526),tensor(0.0350),tensor(0.0805)
7577,7577,tensor(0.0526),tensor(0.0350),tensor(0.0805)
7578,7578,tensor(0.0526),tensor(0.0350),tensor(0.0805)
7579,7579,tensor(0.0526),tensor(0.0350),tensor(0.0805)
7580,7580,tensor(0.0526),tensor(0.0350),tensor(0.0805)
7581,7581,tensor(0.0526),tensor(0.0350),tensor(0.0805)
7582,7582,tensor(0.0526),tensor(0.0350),tensor(0.0805)
7583,7583,tensor(0.0526),tensor(0.0350),tensor(0.0805)
7584,7584,tensor(0.0526),tensor(0.0350),tensor(0.0805)
7585,7585,tensor(0.0526),tensor(0.0350),tensor(0.0805)
7586,7586,tensor(0.0526),tensor(0.0350),tensor(0.0805)
7587,7587,tensor(0.0526),tensor(0.0350),tensor(0.0805)
7588,7588,tensor(0.0526),tensor(0.0350),tensor(0.0805)
7589,7589,tensor(0.0526),tensor(0.0350),tensor(0.0805)
7590,7590,tensor(0.0526),tensor(0.0350),tensor(0.0805)
7591,7591,tensor(0.0526),tensor(0.0350),tensor(0.0805)
7592,7592,tensor(0.0526),tensor(0.0350),tensor(0.0805)
7593,7593,tensor(0.0526),tensor(0.0350),tensor(0.0805)
7594,7594,tensor(0.0526),tensor(0.0350),tensor(0.0805)
7595,7595,tensor(0.0526),tensor(0.0350),tensor(0.0805)
7596,7596,tensor(0.0526),tensor(0.0350),tensor(0.0805)
7597,7597,tensor(0.0526),tensor(0.0350),tensor(0.0805)
7598,7598,tensor(0.0526),tensor(0.0350),tensor(0.0805)
7599,7599,tensor(0.0526),tensor(0.0350),tensor(0.0805)
7600,7600,tensor(0.0526),tensor(0.0350),tensor(0.0805)
7601,7601,tensor(0.0526),tensor(0.0350),tensor(0.0805)
7602,7602,tensor(0.0526),tensor(0.0350),tensor(0.0805)
7603,7603,tensor(0.0526),tensor(0.0350),tensor(0.0805)
7604,7604,tensor(0.0526),tensor(0.0350),tensor(0.0805)
7605,7605,tensor(0.0526),tensor(0.0350),tensor(0.0805)
7606,7606,tensor(0.0526),tensor(0.0350),tensor(0.0805)
7607,7607,tensor(0.0526),tensor(0.0350),tensor(0.0805)
7608,7608,tensor(0.0526),tensor(0.0350),tensor(0.0805)
7609,7609,tensor(0.0526),tensor(0.0350),tensor(0.0805)
7610,7610,tensor(0.0526),tensor(0.0350),tensor(0.0805)
7611,7611,tensor(0.0526),tensor(0.0350),tensor(0.0805)
7612,7612,tensor(0.0526),tensor(0.0350),tensor(0.0805)
7613,7613,tensor(0.0526),tensor(0.0350),tensor(0.0805)
7614,7614,tensor(0.0526),tensor(0.0350),tensor(0.0805)
7615,7615,tensor(0.0526),tensor(0.0350),tensor(0.0805)
7616,7616,tensor(0.0526),tensor(0.0350),tensor(0.0805)
7617,7617,tensor(0.0526),tensor(0.0350),tensor(0.0805)
7618,7618,tensor(0.0526),tensor(0.0350),tensor(0.0805)
7619,7619,tensor(0.0526),tensor(0.0350),tensor(0.0805)
7620,7620,tensor(0.0526),tensor(0.0350),tensor(0.0805)
7621,7621,tensor(0.0526),tensor(0.0350),tensor(0.0805)
7622,7622,tensor(0.0526),tensor(0.0350),tensor(0.0805)
7623,7623,tensor(0.0526),tensor(0.0350),tensor(0.0805)
7624,7624,tensor(0.0526),tensor(0.0350),tensor(0.0805)
7625,7625,tensor(0.0526),tensor(0.0350),tensor(0.0805)
7626,7626,tensor(0.0526),tensor(0.0350),tensor(0.0805)
7627,7627,tensor(0.0526),tensor(0.0350),tensor(0.0805)
7628,7628,tensor(0.0526),tensor(0.0350),tensor(0.0805)
7629,7629,tensor(0.0526),tensor(0.0350),tensor(0.0805)
7630,7630,tensor(0.0526),tensor(0.0350),tensor(0.0805)
7631,7631,tensor(0.0526),tensor(0.0350),tensor(0.0805)
7632,7632,tensor(0.0526),tensor(0.0350),tensor(0.0805)
7633,7633,tensor(0.0526),tensor(0.0350),tensor(0.0805)
7634,7634,tensor(0.0526),tensor(0.0350),tensor(0.0805)
7635,7635,tensor(0.0526),tensor(0.0350),tensor(0.0805)
7636,7636,tensor(0.0526),tensor(0.0350),tensor(0.0805)
7637,7637,tensor(0.0526),tensor(0.0350),tensor(0.0805)
7638,7638,tensor(0.0526),tensor(0.0350),tensor(0.0805)
7639,7639,tensor(0.0526),tensor(0.0350),tensor(0.0805)
7640,7640,tensor(0.0526),tensor(0.0350),tensor(0.0805)
7641,7641,tensor(0.0526),tensor(0.0350),tensor(0.0805)
7642,7642,tensor(0.0526),tensor(0.0350),tensor(0.0805)
7643,7643,tensor(0.0526),tensor(0.0350),tensor(0.0805)
7644,7644,tensor(0.0526),tensor(0.0350),tensor(0.0805)
7645,7645,tensor(0.0526),tensor(0.0350),tensor(0.0805)
7646,7646,tensor(0.0526),tensor(0.0350),tensor(0.0805)
7647,7647,tensor(0.0526),tensor(0.0350),tensor(0.0805)
7648,7648,tensor(0.0526),tensor(0.0350),tensor(0.0805)
7649,7649,tensor(0.0526),tensor(0.0350),tensor(0.0805)
7650,7650,tensor(0.0526),tensor(0.0350),tensor(0.0805)
7651,7651,tensor(0.0526),tensor(0.0350),tensor(0.0805)
7652,7652,tensor(0.0526),tensor(0.0350),tensor(0.0805)
7653,7653,tensor(0.0526),tensor(0.0350),tensor(0.0805)
7654,7654,tensor(0.0526),tensor(0.0350),tensor(0.0805)
7655,7655,tensor(0.0526),tensor(0.0350),tensor(0.0805)
7656,7656,tensor(0.0526),tensor(0.0350),tensor(0.0805)
7657,7657,tensor(0.0526),tensor(0.0350),tensor(0.0805)
7658,7658,tensor(0.0526),tensor(0.0350),tensor(0.0805)
7659,7659,tensor(0.0526),tensor(0.0350),tensor(0.0805)
7660,7660,tensor(0.0526),tensor(0.0350),tensor(0.0805)
7661,7661,tensor(0.0526),tensor(0.0350),tensor(0.0805)
7662,7662,tensor(0.0526),tensor(0.0350),tensor(0.0805)
7663,7663,tensor(0.0526),tensor(0.0350),tensor(0.0805)
7664,7664,tensor(0.0526),tensor(0.0350),tensor(0.0805)
7665,7665,tensor(0.0526),tensor(0.0350),tensor(0.0805)
7666,7666,tensor(0.0526),tensor(0.0350),tensor(0.0805)
7667,7667,tensor(0.0526),tensor(0.0350),tensor(0.0805)
7668,7668,tensor(0.0526),tensor(0.0350),tensor(0.0805)
7669,7669,tensor(0.0526),tensor(0.0350),tensor(0.0805)
7670,7670,tensor(0.0526),tensor(0.0350),tensor(0.0805)
7671,7671,tensor(0.0526),tensor(0.0350),tensor(0.0805)
7672,7672,tensor(0.0526),tensor(0.0350),tensor(0.0805)
7673,7673,tensor(0.0526),tensor(0.0350),tensor(0.0805)
7674,7674,tensor(0.0526),tensor(0.0350),tensor(0.0805)
7675,7675,tensor(0.0526),tensor(0.0350),tensor(0.0805)
7676,7676,tensor(0.0526),tensor(0.0350),tensor(0.0805)
7677,7677,tensor(0.0526),tensor(0.0350),tensor(0.0805)
7678,7678,tensor(0.0526),tensor(0.0350),tensor(0.0805)
7679,7679,tensor(0.0526),tensor(0.0350),tensor(0.0805)
7680,7680,tensor(0.0526),tensor(0.0350),tensor(0.0805)
7681,7681,tensor(0.0526),tensor(0.0350),tensor(0.0805)
7682,7682,tensor(0.0526),tensor(0.0350),tensor(0.0805)
7683,7683,tensor(0.0526),tensor(0.0350),tensor(0.0805)
7684,7684,tensor(0.0526),tensor(0.0350),tensor(0.0805)
7685,7685,tensor(0.0526),tensor(0.0350),tensor(0.0805)
7686,7686,tensor(0.0526),tensor(0.0350),tensor(0.0805)
7687,7687,tensor(0.0526),tensor(0.0350),tensor(0.0805)
7688,7688,tensor(0.0526),tensor(0.0350),tensor(0.0805)
7689,7689,tensor(0.0526),tensor(0.0350),tensor(0.0805)
7690,7690,tensor(0.0526),tensor(0.0350),tensor(0.0805)
7691,7691,tensor(0.0526),tensor(0.0350),tensor(0.0805)
7692,7692,tensor(0.0526),tensor(0.0350),tensor(0.0805)
7693,7693,tensor(0.0526),tensor(0.0350),tensor(0.0805)
7694,7694,tensor(0.0526),tensor(0.0350),tensor(0.0805)
7695,7695,tensor(0.0526),tensor(0.0350),tensor(0.0805)
7696,7696,tensor(0.0526),tensor(0.0350),tensor(0.0805)
7697,7697,tensor(0.0526),tensor(0.0350),tensor(0.0805)
7698,7698,tensor(0.0526),tensor(0.0350),tensor(0.0805)
7699,7699,tensor(0.0526),tensor(0.0350),tensor(0.0805)
7700,7700,tensor(0.0526),tensor(0.0350),tensor(0.0805)
7701,7701,tensor(0.0526),tensor(0.0350),tensor(0.0805)
7702,7702,tensor(0.0526),tensor(0.0350),tensor(0.0805)
7703,7703,tensor(0.0526),tensor(0.0350),tensor(0.0805)
7704,7704,tensor(0.0526),tensor(0.0350),tensor(0.0805)
7705,7705,tensor(0.0526),tensor(0.0350),tensor(0.0805)
7706,7706,tensor(0.0526),tensor(0.0350),tensor(0.0805)
7707,7707,tensor(0.0526),tensor(0.0350),tensor(0.0805)
7708,7708,tensor(0.0526),tensor(0.0350),tensor(0.0805)
7709,7709,tensor(0.0526),tensor(0.0350),tensor(0.0805)
7710,7710,tensor(0.0526),tensor(0.0350),tensor(0.0805)
7711,7711,tensor(0.0526),tensor(0.0350),tensor(0.0805)
7712,7712,tensor(0.0526),tensor(0.0350),tensor(0.0805)
7713,7713,tensor(0.0526),tensor(0.0350),tensor(0.0805)
7714,7714,tensor(0.0526),tensor(0.0350),tensor(0.0805)
7715,7715,tensor(0.0526),tensor(0.0350),tensor(0.0805)
7716,7716,tensor(0.0526),tensor(0.0350),tensor(0.0805)
7717,7717,tensor(0.0526),tensor(0.0350),tensor(0.0805)
7718,7718,tensor(0.0526),tensor(0.0350),tensor(0.0805)
7719,7719,tensor(0.0526),tensor(0.0350),tensor(0.0805)
7720,7720,tensor(0.0526),tensor(0.0350),tensor(0.0805)
7721,7721,tensor(0.0526),tensor(0.0350),tensor(0.0805)
7722,7722,tensor(0.0526),tensor(0.0350),tensor(0.0805)
7723,7723,tensor(0.0526),tensor(0.0350),tensor(0.0805)
7724,7724,tensor(0.0526),tensor(0.0350),tensor(0.0805)
7725,7725,tensor(0.0526),tensor(0.0350),tensor(0.0805)
7726,7726,tensor(0.0526),tensor(0.0350),tensor(0.0805)
7727,7727,tensor(0.0526),tensor(0.0350),tensor(0.0805)
7728,7728,tensor(0.0526),tensor(0.0350),tensor(0.0805)
7729,7729,tensor(0.0526),tensor(0.0350),tensor(0.0805)
7730,7730,tensor(0.0526),tensor(0.0350),tensor(0.0805)
7731,7731,tensor(0.0526),tensor(0.0350),tensor(0.0805)
7732,7732,tensor(0.0526),tensor(0.0350),tensor(0.0805)
7733,7733,tensor(0.0526),tensor(0.0350),tensor(0.0805)
7734,7734,tensor(0.0526),tensor(0.0350),tensor(0.0805)
7735,7735,tensor(0.0526),tensor(0.0350),tensor(0.0805)
7736,7736,tensor(0.0526),tensor(0.0350),tensor(0.0805)
7737,7737,tensor(0.0526),tensor(0.0350),tensor(0.0805)
7738,7738,tensor(0.0526),tensor(0.0350),tensor(0.0805)
7739,7739,tensor(0.0526),tensor(0.0350),tensor(0.0805)
7740,7740,tensor(0.0526),tensor(0.0350),tensor(0.0805)
7741,7741,tensor(0.0526),tensor(0.0350),tensor(0.0805)
7742,7742,tensor(0.0526),tensor(0.0350),tensor(0.0805)
7743,7743,tensor(0.0526),tensor(0.0350),tensor(0.0805)
7744,7744,tensor(0.0526),tensor(0.0350),tensor(0.0805)
7745,7745,tensor(0.0526),tensor(0.0350),tensor(0.0805)
7746,7746,tensor(0.0526),tensor(0.0350),tensor(0.0805)
7747,7747,tensor(0.0526),tensor(0.0350),tensor(0.0805)
7748,7748,tensor(0.0526),tensor(0.0350),tensor(0.0805)
7749,7749,tensor(0.0526),tensor(0.0350),tensor(0.0805)
7750,7750,tensor(0.0526),tensor(0.0350),tensor(0.0805)
7751,7751,tensor(0.0526),tensor(0.0350),tensor(0.0805)
7752,7752,tensor(0.0526),tensor(0.0350),tensor(0.0805)
7753,7753,tensor(0.0526),tensor(0.0350),tensor(0.0805)
7754,7754,tensor(0.0526),tensor(0.0350),tensor(0.0805)
7755,7755,tensor(0.0526),tensor(0.0350),tensor(0.0805)
7756,7756,tensor(0.0526),tensor(0.0350),tensor(0.0805)
7757,7757,tensor(0.0526),tensor(0.0350),tensor(0.0805)
7758,7758,tensor(0.0526),tensor(0.0350),tensor(0.0805)
7759,7759,tensor(0.0526),tensor(0.0350),tensor(0.0805)
7760,7760,tensor(0.0526),tensor(0.0350),tensor(0.0805)
7761,7761,tensor(0.0526),tensor(0.0350),tensor(0.0805)
7762,7762,tensor(0.0526),tensor(0.0350),tensor(0.0805)
7763,7763,tensor(0.0526),tensor(0.0350),tensor(0.0805)
7764,7764,tensor(0.0526),tensor(0.0350),tensor(0.0805)
7765,7765,tensor(0.0526),tensor(0.0350),tensor(0.0805)
7766,7766,tensor(0.0526),tensor(0.0350),tensor(0.0805)
7767,7767,tensor(0.0526),tensor(0.0350),tensor(0.0805)
7768,7768,tensor(0.0526),tensor(0.0350),tensor(0.0805)
7769,7769,tensor(0.0526),tensor(0.0350),tensor(0.0805)
7770,7770,tensor(0.0526),tensor(0.0350),tensor(0.0805)
7771,7771,tensor(0.0526),tensor(0.0350),tensor(0.0805)
7772,7772,tensor(0.0526),tensor(0.0350),tensor(0.0805)
7773,7773,tensor(0.0526),tensor(0.0350),tensor(0.0805)
7774,7774,tensor(0.0526),tensor(0.0350),tensor(0.0805)
7775,7775,tensor(0.0526),tensor(0.0350),tensor(0.0805)
7776,7776,tensor(0.0526),tensor(0.0350),tensor(0.0805)
7777,7777,tensor(0.0526),tensor(0.0350),tensor(0.0805)
7778,7778,tensor(0.0526),tensor(0.0350),tensor(0.0805)
7779,7779,tensor(0.0526),tensor(0.0350),tensor(0.0805)
7780,7780,tensor(0.0526),tensor(0.0350),tensor(0.0805)
7781,7781,tensor(0.0526),tensor(0.0350),tensor(0.0805)
7782,7782,tensor(0.0526),tensor(0.0350),tensor(0.0805)
7783,7783,tensor(0.0526),tensor(0.0350),tensor(0.0805)
7784,7784,tensor(0.0526),tensor(0.0350),tensor(0.0805)
7785,7785,tensor(0.0526),tensor(0.0350),tensor(0.0805)
7786,7786,tensor(0.0526),tensor(0.0350),tensor(0.0805)
7787,7787,tensor(0.0526),tensor(0.0350),tensor(0.0805)
7788,7788,tensor(0.0526),tensor(0.0350),tensor(0.0805)
7789,7789,tensor(0.0526),tensor(0.0350),tensor(0.0805)
7790,7790,tensor(0.0526),tensor(0.0350),tensor(0.0805)
7791,7791,tensor(0.0526),tensor(0.0350),tensor(0.0805)
7792,7792,tensor(0.0526),tensor(0.0350),tensor(0.0805)
7793,7793,tensor(0.0526),tensor(0.0350),tensor(0.0805)
7794,7794,tensor(0.0526),tensor(0.0350),tensor(0.0805)
7795,7795,tensor(0.0526),tensor(0.0350),tensor(0.0805)
7796,7796,tensor(0.0526),tensor(0.0350),tensor(0.0805)
7797,7797,tensor(0.0526),tensor(0.0350),tensor(0.0805)
7798,7798,tensor(0.0526),tensor(0.0350),tensor(0.0805)
7799,7799,tensor(0.0526),tensor(0.0350),tensor(0.0805)
7800,7800,tensor(0.0526),tensor(0.0350),tensor(0.0805)
7801,7801,tensor(0.0526),tensor(0.0350),tensor(0.0805)
7802,7802,tensor(0.0526),tensor(0.0350),tensor(0.0805)
7803,7803,tensor(0.0526),tensor(0.0350),tensor(0.0805)
7804,7804,tensor(0.0526),tensor(0.0350),tensor(0.0805)
7805,7805,tensor(0.0526),tensor(0.0350),tensor(0.0805)
7806,7806,tensor(0.0526),tensor(0.0350),tensor(0.0805)
7807,7807,tensor(0.0526),tensor(0.0350),tensor(0.0805)
7808,7808,tensor(0.0526),tensor(0.0350),tensor(0.0805)
7809,7809,tensor(0.0526),tensor(0.0350),tensor(0.0805)
7810,7810,tensor(0.0526),tensor(0.0350),tensor(0.0805)
7811,7811,tensor(0.0526),tensor(0.0350),tensor(0.0805)
7812,7812,tensor(0.0526),tensor(0.0350),tensor(0.0805)
7813,7813,tensor(0.0526),tensor(0.0350),tensor(0.0805)
7814,7814,tensor(0.0526),tensor(0.0350),tensor(0.0805)
7815,7815,tensor(0.0526),tensor(0.0350),tensor(0.0805)
7816,7816,tensor(0.0526),tensor(0.0350),tensor(0.0805)
7817,7817,tensor(0.0526),tensor(0.0350),tensor(0.0805)
7818,7818,tensor(0.0526),tensor(0.0350),tensor(0.0805)
7819,7819,tensor(0.0526),tensor(0.0350),tensor(0.0805)
7820,7820,tensor(0.0526),tensor(0.0350),tensor(0.0805)
7821,7821,tensor(0.0526),tensor(0.0350),tensor(0.0805)
7822,7822,tensor(0.0526),tensor(0.0350),tensor(0.0805)
7823,7823,tensor(0.0526),tensor(0.0350),tensor(0.0805)
7824,7824,tensor(0.0526),tensor(0.0350),tensor(0.0805)
7825,7825,tensor(0.0526),tensor(0.0350),tensor(0.0805)
7826,7826,tensor(0.0526),tensor(0.0350),tensor(0.0805)
7827,7827,tensor(0.0526),tensor(0.0350),tensor(0.0805)
7828,7828,tensor(0.0526),tensor(0.0349),tensor(0.0805)
7829,7829,tensor(0.0526),tensor(0.0349),tensor(0.0805)
7830,7830,tensor(0.0526),tensor(0.0349),tensor(0.0805)
7831,7831,tensor(0.0526),tensor(0.0349),tensor(0.0805)
7832,7832,tensor(0.0526),tensor(0.0349),tensor(0.0805)
7833,7833,tensor(0.0526),tensor(0.0349),tensor(0.0805)
7834,7834,tensor(0.0526),tensor(0.0349),tensor(0.0805)
7835,7835,tensor(0.0526),tensor(0.0349),tensor(0.0805)
7836,7836,tensor(0.0526),tensor(0.0349),tensor(0.0805)
7837,7837,tensor(0.0526),tensor(0.0349),tensor(0.0805)
7838,7838,tensor(0.0526),tensor(0.0349),tensor(0.0805)
7839,7839,tensor(0.0526),tensor(0.0349),tensor(0.0805)
7840,7840,tensor(0.0526),tensor(0.0349),tensor(0.0805)
7841,7841,tensor(0.0526),tensor(0.0349),tensor(0.0805)
7842,7842,tensor(0.0526),tensor(0.0349),tensor(0.0805)
7843,7843,tensor(0.0526),tensor(0.0349),tensor(0.0805)
7844,7844,tensor(0.0526),tensor(0.0349),tensor(0.0805)
7845,7845,tensor(0.0526),tensor(0.0349),tensor(0.0805)
7846,7846,tensor(0.0526),tensor(0.0349),tensor(0.0805)
7847,7847,tensor(0.0526),tensor(0.0349),tensor(0.0805)
7848,7848,tensor(0.0526),tensor(0.0349),tensor(0.0805)
7849,7849,tensor(0.0526),tensor(0.0349),tensor(0.0805)
7850,7850,tensor(0.0526),tensor(0.0349),tensor(0.0805)
7851,7851,tensor(0.0526),tensor(0.0349),tensor(0.0805)
7852,7852,tensor(0.0526),tensor(0.0349),tensor(0.0805)
7853,7853,tensor(0.0526),tensor(0.0349),tensor(0.0805)
7854,7854,tensor(0.0526),tensor(0.0349),tensor(0.0805)
7855,7855,tensor(0.0526),tensor(0.0349),tensor(0.0805)
7856,7856,tensor(0.0526),tensor(0.0349),tensor(0.0805)
7857,7857,tensor(0.0526),tensor(0.0349),tensor(0.0805)
7858,7858,tensor(0.0526),tensor(0.0349),tensor(0.0805)
7859,7859,tensor(0.0526),tensor(0.0349),tensor(0.0805)
7860,7860,tensor(0.0526),tensor(0.0349),tensor(0.0805)
7861,7861,tensor(0.0526),tensor(0.0349),tensor(0.0805)
7862,7862,tensor(0.0526),tensor(0.0349),tensor(0.0805)
7863,7863,tensor(0.0526),tensor(0.0349),tensor(0.0805)
7864,7864,tensor(0.0526),tensor(0.0349),tensor(0.0805)
7865,7865,tensor(0.0526),tensor(0.0349),tensor(0.0805)
7866,7866,tensor(0.0526),tensor(0.0349),tensor(0.0805)
7867,7867,tensor(0.0526),tensor(0.0349),tensor(0.0805)
7868,7868,tensor(0.0526),tensor(0.0349),tensor(0.0805)
7869,7869,tensor(0.0526),tensor(0.0349),tensor(0.0805)
7870,7870,tensor(0.0526),tensor(0.0349),tensor(0.0805)
7871,7871,tensor(0.0526),tensor(0.0349),tensor(0.0805)
7872,7872,tensor(0.0526),tensor(0.0349),tensor(0.0805)
7873,7873,tensor(0.0526),tensor(0.0349),tensor(0.0805)
7874,7874,tensor(0.0526),tensor(0.0349),tensor(0.0805)
7875,7875,tensor(0.0526),tensor(0.0349),tensor(0.0805)
7876,7876,tensor(0.0526),tensor(0.0349),tensor(0.0805)
7877,7877,tensor(0.0526),tensor(0.0349),tensor(0.0805)
7878,7878,tensor(0.0526),tensor(0.0349),tensor(0.0805)
7879,7879,tensor(0.0526),tensor(0.0349),tensor(0.0805)
7880,7880,tensor(0.0526),tensor(0.0349),tensor(0.0805)
7881,7881,tensor(0.0526),tensor(0.0349),tensor(0.0805)
7882,7882,tensor(0.0526),tensor(0.0349),tensor(0.0805)
7883,7883,tensor(0.0526),tensor(0.0349),tensor(0.0805)
7884,7884,tensor(0.0526),tensor(0.0349),tensor(0.0805)
7885,7885,tensor(0.0526),tensor(0.0349),tensor(0.0805)
7886,7886,tensor(0.0526),tensor(0.0349),tensor(0.0805)
7887,7887,tensor(0.0526),tensor(0.0349),tensor(0.0805)
7888,7888,tensor(0.0526),tensor(0.0349),tensor(0.0805)
7889,7889,tensor(0.0526),tensor(0.0349),tensor(0.0805)
7890,7890,tensor(0.0526),tensor(0.0349),tensor(0.0805)
7891,7891,tensor(0.0526),tensor(0.0349),tensor(0.0805)
7892,7892,tensor(0.0526),tensor(0.0349),tensor(0.0805)
7893,7893,tensor(0.0526),tensor(0.0349),tensor(0.0805)
7894,7894,tensor(0.0526),tensor(0.0349),tensor(0.0805)
7895,7895,tensor(0.0526),tensor(0.0349),tensor(0.0805)
7896,7896,tensor(0.0526),tensor(0.0349),tensor(0.0805)
7897,7897,tensor(0.0526),tensor(0.0349),tensor(0.0805)
7898,7898,tensor(0.0526),tensor(0.0349),tensor(0.0805)
7899,7899,tensor(0.0526),tensor(0.0349),tensor(0.0805)
7900,7900,tensor(0.0526),tensor(0.0349),tensor(0.0805)
7901,7901,tensor(0.0526),tensor(0.0349),tensor(0.0805)
7902,7902,tensor(0.0526),tensor(0.0349),tensor(0.0805)
7903,7903,tensor(0.0526),tensor(0.0349),tensor(0.0805)
7904,7904,tensor(0.0526),tensor(0.0349),tensor(0.0805)
7905,7905,tensor(0.0526),tensor(0.0349),tensor(0.0805)
7906,7906,tensor(0.0526),tensor(0.0349),tensor(0.0805)
7907,7907,tensor(0.0526),tensor(0.0349),tensor(0.0805)
7908,7908,tensor(0.0526),tensor(0.0349),tensor(0.0805)
7909,7909,tensor(0.0526),tensor(0.0349),tensor(0.0805)
7910,7910,tensor(0.0526),tensor(0.0349),tensor(0.0805)
7911,7911,tensor(0.0526),tensor(0.0349),tensor(0.0805)
7912,7912,tensor(0.0526),tensor(0.0349),tensor(0.0805)
7913,7913,tensor(0.0526),tensor(0.0349),tensor(0.0805)
7914,7914,tensor(0.0526),tensor(0.0349),tensor(0.0805)
7915,7915,tensor(0.0526),tensor(0.0349),tensor(0.0805)
7916,7916,tensor(0.0526),tensor(0.0349),tensor(0.0805)
7917,7917,tensor(0.0526),tensor(0.0349),tensor(0.0805)
7918,7918,tensor(0.0526),tensor(0.0349),tensor(0.0805)
7919,7919,tensor(0.0526),tensor(0.0349),tensor(0.0805)
7920,7920,tensor(0.0526),tensor(0.0349),tensor(0.0805)
7921,7921,tensor(0.0526),tensor(0.0349),tensor(0.0805)
7922,7922,tensor(0.0526),tensor(0.0349),tensor(0.0805)
7923,7923,tensor(0.0526),tensor(0.0349),tensor(0.0805)
7924,7924,tensor(0.0526),tensor(0.0349),tensor(0.0805)
7925,7925,tensor(0.0526),tensor(0.0349),tensor(0.0805)
7926,7926,tensor(0.0526),tensor(0.0349),tensor(0.0805)
7927,7927,tensor(0.0526),tensor(0.0349),tensor(0.0805)
7928,7928,tensor(0.0526),tensor(0.0349),tensor(0.0805)
7929,7929,tensor(0.0526),tensor(0.0349),tensor(0.0805)
7930,7930,tensor(0.0526),tensor(0.0349),tensor(0.0805)
7931,7931,tensor(0.0526),tensor(0.0349),tensor(0.0805)
7932,7932,tensor(0.0526),tensor(0.0349),tensor(0.0805)
7933,7933,tensor(0.0526),tensor(0.0349),tensor(0.0805)
7934,7934,tensor(0.0526),tensor(0.0349),tensor(0.0805)
7935,7935,tensor(0.0526),tensor(0.0349),tensor(0.0805)
7936,7936,tensor(0.0526),tensor(0.0349),tensor(0.0805)
7937,7937,tensor(0.0526),tensor(0.0349),tensor(0.0805)
7938,7938,tensor(0.0526),tensor(0.0349),tensor(0.0805)
7939,7939,tensor(0.0526),tensor(0.0349),tensor(0.0805)
7940,7940,tensor(0.0526),tensor(0.0349),tensor(0.0805)
7941,7941,tensor(0.0526),tensor(0.0349),tensor(0.0805)
7942,7942,tensor(0.0526),tensor(0.0349),tensor(0.0805)
7943,7943,tensor(0.0526),tensor(0.0349),tensor(0.0805)
7944,7944,tensor(0.0526),tensor(0.0349),tensor(0.0805)
7945,7945,tensor(0.0526),tensor(0.0349),tensor(0.0805)
7946,7946,tensor(0.0526),tensor(0.0349),tensor(0.0805)
7947,7947,tensor(0.0526),tensor(0.0349),tensor(0.0805)
7948,7948,tensor(0.0526),tensor(0.0349),tensor(0.0805)
7949,7949,tensor(0.0526),tensor(0.0349),tensor(0.0805)
7950,7950,tensor(0.0526),tensor(0.0349),tensor(0.0805)
7951,7951,tensor(0.0526),tensor(0.0349),tensor(0.0805)
7952,7952,tensor(0.0526),tensor(0.0349),tensor(0.0805)
7953,7953,tensor(0.0526),tensor(0.0349),tensor(0.0805)
7954,7954,tensor(0.0526),tensor(0.0349),tensor(0.0805)
7955,7955,tensor(0.0526),tensor(0.0349),tensor(0.0805)
7956,7956,tensor(0.0526),tensor(0.0349),tensor(0.0805)
7957,7957,tensor(0.0526),tensor(0.0349),tensor(0.0805)
7958,7958,tensor(0.0526),tensor(0.0349),tensor(0.0805)
7959,7959,tensor(0.0526),tensor(0.0349),tensor(0.0805)
7960,7960,tensor(0.0526),tensor(0.0349),tensor(0.0805)
7961,7961,tensor(0.0526),tensor(0.0349),tensor(0.0805)
7962,7962,tensor(0.0526),tensor(0.0349),tensor(0.0805)
7963,7963,tensor(0.0526),tensor(0.0349),tensor(0.0805)
7964,7964,tensor(0.0526),tensor(0.0349),tensor(0.0805)
7965,7965,tensor(0.0526),tensor(0.0349),tensor(0.0805)
7966,7966,tensor(0.0526),tensor(0.0349),tensor(0.0805)
7967,7967,tensor(0.0526),tensor(0.0349),tensor(0.0805)
7968,7968,tensor(0.0526),tensor(0.0349),tensor(0.0805)
7969,7969,tensor(0.0526),tensor(0.0349),tensor(0.0805)
7970,7970,tensor(0.0526),tensor(0.0349),tensor(0.0805)
7971,7971,tensor(0.0526),tensor(0.0349),tensor(0.0805)
7972,7972,tensor(0.0526),tensor(0.0349),tensor(0.0805)
7973,7973,tensor(0.0526),tensor(0.0349),tensor(0.0805)
7974,7974,tensor(0.0526),tensor(0.0349),tensor(0.0805)
7975,7975,tensor(0.0526),tensor(0.0349),tensor(0.0805)
7976,7976,tensor(0.0526),tensor(0.0349),tensor(0.0805)
7977,7977,tensor(0.0526),tensor(0.0349),tensor(0.0805)
7978,7978,tensor(0.0526),tensor(0.0349),tensor(0.0805)
7979,7979,tensor(0.0526),tensor(0.0349),tensor(0.0805)
7980,7980,tensor(0.0526),tensor(0.0349),tensor(0.0805)
7981,7981,tensor(0.0526),tensor(0.0349),tensor(0.0805)
7982,7982,tensor(0.0526),tensor(0.0349),tensor(0.0805)
7983,7983,tensor(0.0526),tensor(0.0349),tensor(0.0805)
7984,7984,tensor(0.0526),tensor(0.0349),tensor(0.0805)
7985,7985,tensor(0.0526),tensor(0.0349),tensor(0.0805)
7986,7986,tensor(0.0526),tensor(0.0349),tensor(0.0805)
7987,7987,tensor(0.0526),tensor(0.0349),tensor(0.0805)
7988,7988,tensor(0.0526),tensor(0.0349),tensor(0.0805)
7989,7989,tensor(0.0526),tensor(0.0349),tensor(0.0805)
7990,7990,tensor(0.0526),tensor(0.0349),tensor(0.0805)
7991,7991,tensor(0.0526),tensor(0.0349),tensor(0.0805)
7992,7992,tensor(0.0526),tensor(0.0349),tensor(0.0805)
7993,7993,tensor(0.0526),tensor(0.0349),tensor(0.0805)
7994,7994,tensor(0.0526),tensor(0.0349),tensor(0.0805)
7995,7995,tensor(0.0526),tensor(0.0349),tensor(0.0805)
7996,7996,tensor(0.0526),tensor(0.0349),tensor(0.0805)
7997,7997,tensor(0.0526),tensor(0.0349),tensor(0.0805)
7998,7998,tensor(0.0526),tensor(0.0349),tensor(0.0805)
7999,7999,tensor(0.0526),tensor(0.0349),tensor(0.0805)
8000,8000,tensor(0.0526),tensor(0.0349),tensor(0.0805)
8001,8001,tensor(0.0526),tensor(0.0349),tensor(0.0805)
8002,8002,tensor(0.0526),tensor(0.0349),tensor(0.0805)
8003,8003,tensor(0.0526),tensor(0.0349),tensor(0.0805)
8004,8004,tensor(0.0526),tensor(0.0349),tensor(0.0805)
8005,8005,tensor(0.0526),tensor(0.0349),tensor(0.0805)
8006,8006,tensor(0.0526),tensor(0.0349),tensor(0.0805)
8007,8007,tensor(0.0526),tensor(0.0349),tensor(0.0805)
8008,8008,tensor(0.0526),tensor(0.0349),tensor(0.0805)
8009,8009,tensor(0.0526),tensor(0.0349),tensor(0.0805)
8010,8010,tensor(0.0526),tensor(0.0349),tensor(0.0805)
8011,8011,tensor(0.0526),tensor(0.0349),tensor(0.0805)
8012,8012,tensor(0.0526),tensor(0.0349),tensor(0.0805)
8013,8013,tensor(0.0526),tensor(0.0349),tensor(0.0805)
8014,8014,tensor(0.0526),tensor(0.0349),tensor(0.0805)
8015,8015,tensor(0.0526),tensor(0.0349),tensor(0.0805)
8016,8016,tensor(0.0526),tensor(0.0349),tensor(0.0805)
8017,8017,tensor(0.0526),tensor(0.0349),tensor(0.0805)
8018,8018,tensor(0.0526),tensor(0.0349),tensor(0.0805)
8019,8019,tensor(0.0526),tensor(0.0349),tensor(0.0805)
8020,8020,tensor(0.0526),tensor(0.0349),tensor(0.0805)
8021,8021,tensor(0.0526),tensor(0.0349),tensor(0.0805)
8022,8022,tensor(0.0526),tensor(0.0349),tensor(0.0805)
8023,8023,tensor(0.0526),tensor(0.0349),tensor(0.0805)
8024,8024,tensor(0.0526),tensor(0.0349),tensor(0.0805)
8025,8025,tensor(0.0526),tensor(0.0349),tensor(0.0805)
8026,8026,tensor(0.0526),tensor(0.0349),tensor(0.0805)
8027,8027,tensor(0.0526),tensor(0.0349),tensor(0.0805)
8028,8028,tensor(0.0526),tensor(0.0349),tensor(0.0805)
8029,8029,tensor(0.0526),tensor(0.0349),tensor(0.0805)
8030,8030,tensor(0.0526),tensor(0.0349),tensor(0.0805)
8031,8031,tensor(0.0526),tensor(0.0349),tensor(0.0805)
8032,8032,tensor(0.0526),tensor(0.0349),tensor(0.0805)
8033,8033,tensor(0.0526),tensor(0.0349),tensor(0.0805)
8034,8034,tensor(0.0526),tensor(0.0349),tensor(0.0805)
8035,8035,tensor(0.0526),tensor(0.0349),tensor(0.0805)
8036,8036,tensor(0.0526),tensor(0.0349),tensor(0.0805)
8037,8037,tensor(0.0526),tensor(0.0349),tensor(0.0805)
8038,8038,tensor(0.0526),tensor(0.0349),tensor(0.0805)
8039,8039,tensor(0.0526),tensor(0.0349),tensor(0.0805)
8040,8040,tensor(0.0526),tensor(0.0349),tensor(0.0805)
8041,8041,tensor(0.0526),tensor(0.0349),tensor(0.0805)
8042,8042,tensor(0.0526),tensor(0.0349),tensor(0.0805)
8043,8043,tensor(0.0526),tensor(0.0349),tensor(0.0805)
8044,8044,tensor(0.0526),tensor(0.0349),tensor(0.0805)
8045,8045,tensor(0.0526),tensor(0.0349),tensor(0.0805)
8046,8046,tensor(0.0526),tensor(0.0349),tensor(0.0805)
8047,8047,tensor(0.0526),tensor(0.0349),tensor(0.0805)
8048,8048,tensor(0.0526),tensor(0.0349),tensor(0.0805)
8049,8049,tensor(0.0526),tensor(0.0349),tensor(0.0805)
8050,8050,tensor(0.0526),tensor(0.0349),tensor(0.0805)
8051,8051,tensor(0.0526),tensor(0.0349),tensor(0.0805)
8052,8052,tensor(0.0526),tensor(0.0349),tensor(0.0805)
8053,8053,tensor(0.0526),tensor(0.0349),tensor(0.0805)
8054,8054,tensor(0.0526),tensor(0.0349),tensor(0.0805)
8055,8055,tensor(0.0526),tensor(0.0349),tensor(0.0805)
8056,8056,tensor(0.0526),tensor(0.0349),tensor(0.0805)
8057,8057,tensor(0.0526),tensor(0.0349),tensor(0.0805)
8058,8058,tensor(0.0526),tensor(0.0349),tensor(0.0805)
8059,8059,tensor(0.0526),tensor(0.0349),tensor(0.0805)
8060,8060,tensor(0.0526),tensor(0.0349),tensor(0.0805)
8061,8061,tensor(0.0526),tensor(0.0349),tensor(0.0805)
8062,8062,tensor(0.0526),tensor(0.0349),tensor(0.0805)
8063,8063,tensor(0.0526),tensor(0.0349),tensor(0.0805)
8064,8064,tensor(0.0526),tensor(0.0349),tensor(0.0805)
8065,8065,tensor(0.0526),tensor(0.0349),tensor(0.0805)
8066,8066,tensor(0.0526),tensor(0.0349),tensor(0.0805)
8067,8067,tensor(0.0526),tensor(0.0349),tensor(0.0805)
8068,8068,tensor(0.0526),tensor(0.0349),tensor(0.0805)
8069,8069,tensor(0.0526),tensor(0.0349),tensor(0.0805)
8070,8070,tensor(0.0526),tensor(0.0349),tensor(0.0805)
8071,8071,tensor(0.0526),tensor(0.0349),tensor(0.0805)
8072,8072,tensor(0.0526),tensor(0.0349),tensor(0.0805)
8073,8073,tensor(0.0526),tensor(0.0349),tensor(0.0805)
8074,8074,tensor(0.0526),tensor(0.0349),tensor(0.0805)
8075,8075,tensor(0.0526),tensor(0.0349),tensor(0.0805)
8076,8076,tensor(0.0526),tensor(0.0349),tensor(0.0805)
8077,8077,tensor(0.0526),tensor(0.0349),tensor(0.0805)
8078,8078,tensor(0.0526),tensor(0.0349),tensor(0.0805)
8079,8079,tensor(0.0526),tensor(0.0349),tensor(0.0805)
8080,8080,tensor(0.0526),tensor(0.0349),tensor(0.0805)
8081,8081,tensor(0.0526),tensor(0.0349),tensor(0.0805)
8082,8082,tensor(0.0526),tensor(0.0349),tensor(0.0805)
8083,8083,tensor(0.0526),tensor(0.0349),tensor(0.0805)
8084,8084,tensor(0.0526),tensor(0.0349),tensor(0.0805)
8085,8085,tensor(0.0526),tensor(0.0349),tensor(0.0805)
8086,8086,tensor(0.0526),tensor(0.0349),tensor(0.0805)
8087,8087,tensor(0.0526),tensor(0.0349),tensor(0.0805)
8088,8088,tensor(0.0526),tensor(0.0349),tensor(0.0805)
8089,8089,tensor(0.0526),tensor(0.0349),tensor(0.0805)
8090,8090,tensor(0.0526),tensor(0.0349),tensor(0.0805)
8091,8091,tensor(0.0526),tensor(0.0349),tensor(0.0805)
8092,8092,tensor(0.0526),tensor(0.0349),tensor(0.0805)
8093,8093,tensor(0.0526),tensor(0.0349),tensor(0.0805)
8094,8094,tensor(0.0526),tensor(0.0349),tensor(0.0805)
8095,8095,tensor(0.0526),tensor(0.0349),tensor(0.0805)
8096,8096,tensor(0.0526),tensor(0.0349),tensor(0.0805)
8097,8097,tensor(0.0526),tensor(0.0349),tensor(0.0805)
8098,8098,tensor(0.0526),tensor(0.0349),tensor(0.0805)
8099,8099,tensor(0.0526),tensor(0.0349),tensor(0.0805)
8100,8100,tensor(0.0526),tensor(0.0349),tensor(0.0805)
8101,8101,tensor(0.0526),tensor(0.0349),tensor(0.0805)
8102,8102,tensor(0.0526),tensor(0.0349),tensor(0.0805)
8103,8103,tensor(0.0526),tensor(0.0349),tensor(0.0805)
8104,8104,tensor(0.0526),tensor(0.0349),tensor(0.0805)
8105,8105,tensor(0.0526),tensor(0.0349),tensor(0.0805)
8106,8106,tensor(0.0526),tensor(0.0349),tensor(0.0805)
8107,8107,tensor(0.0526),tensor(0.0349),tensor(0.0805)
8108,8108,tensor(0.0526),tensor(0.0349),tensor(0.0805)
8109,8109,tensor(0.0526),tensor(0.0349),tensor(0.0805)
8110,8110,tensor(0.0526),tensor(0.0349),tensor(0.0805)
8111,8111,tensor(0.0526),tensor(0.0349),tensor(0.0805)
8112,8112,tensor(0.0526),tensor(0.0349),tensor(0.0805)
8113,8113,tensor(0.0526),tensor(0.0349),tensor(0.0805)
8114,8114,tensor(0.0526),tensor(0.0349),tensor(0.0805)
8115,8115,tensor(0.0526),tensor(0.0349),tensor(0.0805)
8116,8116,tensor(0.0526),tensor(0.0349),tensor(0.0805)
8117,8117,tensor(0.0526),tensor(0.0349),tensor(0.0805)
8118,8118,tensor(0.0526),tensor(0.0349),tensor(0.0805)
8119,8119,tensor(0.0526),tensor(0.0349),tensor(0.0805)
8120,8120,tensor(0.0526),tensor(0.0349),tensor(0.0805)
8121,8121,tensor(0.0526),tensor(0.0349),tensor(0.0805)
8122,8122,tensor(0.0526),tensor(0.0349),tensor(0.0805)
8123,8123,tensor(0.0526),tensor(0.0349),tensor(0.0805)
8124,8124,tensor(0.0526),tensor(0.0349),tensor(0.0805)
8125,8125,tensor(0.0526),tensor(0.0349),tensor(0.0805)
8126,8126,tensor(0.0526),tensor(0.0349),tensor(0.0805)
8127,8127,tensor(0.0526),tensor(0.0349),tensor(0.0805)
8128,8128,tensor(0.0526),tensor(0.0349),tensor(0.0805)
8129,8129,tensor(0.0526),tensor(0.0349),tensor(0.0805)
8130,8130,tensor(0.0526),tensor(0.0349),tensor(0.0805)
8131,8131,tensor(0.0526),tensor(0.0349),tensor(0.0805)
8132,8132,tensor(0.0526),tensor(0.0349),tensor(0.0805)
8133,8133,tensor(0.0526),tensor(0.0349),tensor(0.0805)
8134,8134,tensor(0.0526),tensor(0.0349),tensor(0.0805)
8135,8135,tensor(0.0526),tensor(0.0349),tensor(0.0805)
8136,8136,tensor(0.0526),tensor(0.0349),tensor(0.0805)
8137,8137,tensor(0.0526),tensor(0.0349),tensor(0.0805)
8138,8138,tensor(0.0526),tensor(0.0349),tensor(0.0805)
8139,8139,tensor(0.0526),tensor(0.0349),tensor(0.0805)
8140,8140,tensor(0.0526),tensor(0.0349),tensor(0.0805)
8141,8141,tensor(0.0526),tensor(0.0349),tensor(0.0805)
8142,8142,tensor(0.0526),tensor(0.0349),tensor(0.0805)
8143,8143,tensor(0.0526),tensor(0.0349),tensor(0.0805)
8144,8144,tensor(0.0526),tensor(0.0349),tensor(0.0805)
8145,8145,tensor(0.0526),tensor(0.0349),tensor(0.0805)
8146,8146,tensor(0.0526),tensor(0.0349),tensor(0.0805)
8147,8147,tensor(0.0526),tensor(0.0349),tensor(0.0805)
8148,8148,tensor(0.0526),tensor(0.0349),tensor(0.0805)
8149,8149,tensor(0.0526),tensor(0.0349),tensor(0.0805)
8150,8150,tensor(0.0526),tensor(0.0349),tensor(0.0805)
8151,8151,tensor(0.0526),tensor(0.0349),tensor(0.0805)
8152,8152,tensor(0.0526),tensor(0.0349),tensor(0.0805)
8153,8153,tensor(0.0526),tensor(0.0349),tensor(0.0805)
8154,8154,tensor(0.0526),tensor(0.0349),tensor(0.0805)
8155,8155,tensor(0.0526),tensor(0.0349),tensor(0.0805)
8156,8156,tensor(0.0526),tensor(0.0349),tensor(0.0805)
8157,8157,tensor(0.0526),tensor(0.0349),tensor(0.0805)
8158,8158,tensor(0.0526),tensor(0.0349),tensor(0.0805)
8159,8159,tensor(0.0526),tensor(0.0349),tensor(0.0805)
8160,8160,tensor(0.0526),tensor(0.0349),tensor(0.0805)
8161,8161,tensor(0.0526),tensor(0.0349),tensor(0.0805)
8162,8162,tensor(0.0526),tensor(0.0349),tensor(0.0805)
8163,8163,tensor(0.0526),tensor(0.0349),tensor(0.0805)
8164,8164,tensor(0.0526),tensor(0.0349),tensor(0.0805)
8165,8165,tensor(0.0526),tensor(0.0349),tensor(0.0805)
8166,8166,tensor(0.0526),tensor(0.0349),tensor(0.0805)
8167,8167,tensor(0.0526),tensor(0.0349),tensor(0.0805)
8168,8168,tensor(0.0526),tensor(0.0349),tensor(0.0805)
8169,8169,tensor(0.0526),tensor(0.0349),tensor(0.0805)
8170,8170,tensor(0.0526),tensor(0.0349),tensor(0.0805)
8171,8171,tensor(0.0526),tensor(0.0349),tensor(0.0805)
8172,8172,tensor(0.0526),tensor(0.0349),tensor(0.0805)
8173,8173,tensor(0.0526),tensor(0.0349),tensor(0.0805)
8174,8174,tensor(0.0526),tensor(0.0349),tensor(0.0805)
8175,8175,tensor(0.0526),tensor(0.0349),tensor(0.0804)
8176,8176,tensor(0.0526),tensor(0.0349),tensor(0.0804)
8177,8177,tensor(0.0526),tensor(0.0349),tensor(0.0804)
8178,8178,tensor(0.0526),tensor(0.0349),tensor(0.0804)
8179,8179,tensor(0.0526),tensor(0.0349),tensor(0.0804)
8180,8180,tensor(0.0526),tensor(0.0349),tensor(0.0804)
8181,8181,tensor(0.0526),tensor(0.0349),tensor(0.0804)
8182,8182,tensor(0.0526),tensor(0.0349),tensor(0.0804)
8183,8183,tensor(0.0526),tensor(0.0349),tensor(0.0804)
8184,8184,tensor(0.0526),tensor(0.0349),tensor(0.0804)
8185,8185,tensor(0.0526),tensor(0.0349),tensor(0.0804)
8186,8186,tensor(0.0526),tensor(0.0349),tensor(0.0804)
8187,8187,tensor(0.0526),tensor(0.0349),tensor(0.0804)
8188,8188,tensor(0.0526),tensor(0.0349),tensor(0.0804)
8189,8189,tensor(0.0526),tensor(0.0349),tensor(0.0804)
8190,8190,tensor(0.0526),tensor(0.0349),tensor(0.0804)
8191,8191,tensor(0.0526),tensor(0.0349),tensor(0.0804)
8192,8192,tensor(0.0526),tensor(0.0349),tensor(0.0804)
8193,8193,tensor(0.0526),tensor(0.0349),tensor(0.0804)
8194,8194,tensor(0.0526),tensor(0.0349),tensor(0.0804)
8195,8195,tensor(0.0526),tensor(0.0349),tensor(0.0804)
8196,8196,tensor(0.0526),tensor(0.0349),tensor(0.0804)
8197,8197,tensor(0.0526),tensor(0.0349),tensor(0.0804)
8198,8198,tensor(0.0526),tensor(0.0349),tensor(0.0804)
8199,8199,tensor(0.0526),tensor(0.0349),tensor(0.0804)
8200,8200,tensor(0.0526),tensor(0.0349),tensor(0.0804)
8201,8201,tensor(0.0526),tensor(0.0349),tensor(0.0804)
8202,8202,tensor(0.0526),tensor(0.0349),tensor(0.0804)
8203,8203,tensor(0.0526),tensor(0.0349),tensor(0.0804)
8204,8204,tensor(0.0526),tensor(0.0349),tensor(0.0804)
8205,8205,tensor(0.0526),tensor(0.0349),tensor(0.0804)
8206,8206,tensor(0.0526),tensor(0.0349),tensor(0.0804)
8207,8207,tensor(0.0526),tensor(0.0349),tensor(0.0804)
8208,8208,tensor(0.0526),tensor(0.0349),tensor(0.0804)
8209,8209,tensor(0.0526),tensor(0.0349),tensor(0.0804)
8210,8210,tensor(0.0526),tensor(0.0349),tensor(0.0804)
8211,8211,tensor(0.0526),tensor(0.0349),tensor(0.0804)
8212,8212,tensor(0.0526),tensor(0.0349),tensor(0.0804)
8213,8213,tensor(0.0526),tensor(0.0349),tensor(0.0804)
8214,8214,tensor(0.0526),tensor(0.0349),tensor(0.0804)
8215,8215,tensor(0.0526),tensor(0.0349),tensor(0.0804)
8216,8216,tensor(0.0526),tensor(0.0349),tensor(0.0804)
8217,8217,tensor(0.0526),tensor(0.0349),tensor(0.0804)
8218,8218,tensor(0.0526),tensor(0.0349),tensor(0.0804)
8219,8219,tensor(0.0526),tensor(0.0349),tensor(0.0804)
8220,8220,tensor(0.0526),tensor(0.0349),tensor(0.0804)
8221,8221,tensor(0.0526),tensor(0.0349),tensor(0.0804)
8222,8222,tensor(0.0526),tensor(0.0349),tensor(0.0804)
8223,8223,tensor(0.0526),tensor(0.0349),tensor(0.0804)
8224,8224,tensor(0.0526),tensor(0.0349),tensor(0.0804)
8225,8225,tensor(0.0526),tensor(0.0349),tensor(0.0804)
8226,8226,tensor(0.0526),tensor(0.0349),tensor(0.0804)
8227,8227,tensor(0.0526),tensor(0.0349),tensor(0.0804)
8228,8228,tensor(0.0526),tensor(0.0349),tensor(0.0804)
8229,8229,tensor(0.0526),tensor(0.0349),tensor(0.0804)
8230,8230,tensor(0.0526),tensor(0.0349),tensor(0.0804)
8231,8231,tensor(0.0526),tensor(0.0349),tensor(0.0804)
8232,8232,tensor(0.0526),tensor(0.0349),tensor(0.0804)
8233,8233,tensor(0.0526),tensor(0.0349),tensor(0.0804)
8234,8234,tensor(0.0526),tensor(0.0349),tensor(0.0804)
8235,8235,tensor(0.0526),tensor(0.0349),tensor(0.0804)
8236,8236,tensor(0.0526),tensor(0.0349),tensor(0.0804)
8237,8237,tensor(0.0526),tensor(0.0349),tensor(0.0804)
8238,8238,tensor(0.0526),tensor(0.0349),tensor(0.0804)
8239,8239,tensor(0.0526),tensor(0.0349),tensor(0.0804)
8240,8240,tensor(0.0526),tensor(0.0349),tensor(0.0804)
8241,8241,tensor(0.0526),tensor(0.0349),tensor(0.0804)
8242,8242,tensor(0.0526),tensor(0.0349),tensor(0.0804)
8243,8243,tensor(0.0526),tensor(0.0349),tensor(0.0804)
8244,8244,tensor(0.0526),tensor(0.0348),tensor(0.0804)
8245,8245,tensor(0.0526),tensor(0.0348),tensor(0.0804)
8246,8246,tensor(0.0526),tensor(0.0348),tensor(0.0804)
8247,8247,tensor(0.0526),tensor(0.0348),tensor(0.0804)
8248,8248,tensor(0.0526),tensor(0.0348),tensor(0.0804)
8249,8249,tensor(0.0526),tensor(0.0348),tensor(0.0804)
8250,8250,tensor(0.0526),tensor(0.0348),tensor(0.0804)
8251,8251,tensor(0.0526),tensor(0.0348),tensor(0.0804)
8252,8252,tensor(0.0526),tensor(0.0348),tensor(0.0804)
8253,8253,tensor(0.0526),tensor(0.0348),tensor(0.0804)
8254,8254,tensor(0.0526),tensor(0.0348),tensor(0.0804)
8255,8255,tensor(0.0526),tensor(0.0348),tensor(0.0804)
8256,8256,tensor(0.0526),tensor(0.0348),tensor(0.0804)
8257,8257,tensor(0.0526),tensor(0.0348),tensor(0.0804)
8258,8258,tensor(0.0526),tensor(0.0348),tensor(0.0804)
8259,8259,tensor(0.0526),tensor(0.0348),tensor(0.0804)
8260,8260,tensor(0.0526),tensor(0.0348),tensor(0.0804)
8261,8261,tensor(0.0526),tensor(0.0348),tensor(0.0804)
8262,8262,tensor(0.0526),tensor(0.0348),tensor(0.0804)
8263,8263,tensor(0.0526),tensor(0.0348),tensor(0.0804)
8264,8264,tensor(0.0526),tensor(0.0348),tensor(0.0804)
8265,8265,tensor(0.0526),tensor(0.0348),tensor(0.0804)
8266,8266,tensor(0.0526),tensor(0.0348),tensor(0.0804)
8267,8267,tensor(0.0526),tensor(0.0348),tensor(0.0804)
8268,8268,tensor(0.0526),tensor(0.0348),tensor(0.0804)
8269,8269,tensor(0.0526),tensor(0.0348),tensor(0.0804)
8270,8270,tensor(0.0526),tensor(0.0348),tensor(0.0804)
8271,8271,tensor(0.0526),tensor(0.0348),tensor(0.0804)
8272,8272,tensor(0.0526),tensor(0.0348),tensor(0.0804)
8273,8273,tensor(0.0526),tensor(0.0348),tensor(0.0804)
8274,8274,tensor(0.0526),tensor(0.0348),tensor(0.0804)
8275,8275,tensor(0.0526),tensor(0.0348),tensor(0.0804)
8276,8276,tensor(0.0526),tensor(0.0348),tensor(0.0804)
8277,8277,tensor(0.0526),tensor(0.0348),tensor(0.0804)
8278,8278,tensor(0.0526),tensor(0.0348),tensor(0.0804)
8279,8279,tensor(0.0526),tensor(0.0348),tensor(0.0804)
8280,8280,tensor(0.0526),tensor(0.0348),tensor(0.0804)
8281,8281,tensor(0.0526),tensor(0.0348),tensor(0.0804)
8282,8282,tensor(0.0526),tensor(0.0348),tensor(0.0804)
8283,8283,tensor(0.0526),tensor(0.0348),tensor(0.0804)
8284,8284,tensor(0.0526),tensor(0.0348),tensor(0.0804)
8285,8285,tensor(0.0526),tensor(0.0348),tensor(0.0804)
8286,8286,tensor(0.0526),tensor(0.0348),tensor(0.0804)
8287,8287,tensor(0.0526),tensor(0.0348),tensor(0.0804)
8288,8288,tensor(0.0526),tensor(0.0348),tensor(0.0804)
8289,8289,tensor(0.0526),tensor(0.0348),tensor(0.0804)
8290,8290,tensor(0.0526),tensor(0.0348),tensor(0.0804)
8291,8291,tensor(0.0526),tensor(0.0348),tensor(0.0804)
8292,8292,tensor(0.0526),tensor(0.0348),tensor(0.0804)
8293,8293,tensor(0.0526),tensor(0.0348),tensor(0.0804)
8294,8294,tensor(0.0526),tensor(0.0348),tensor(0.0804)
8295,8295,tensor(0.0526),tensor(0.0348),tensor(0.0804)
8296,8296,tensor(0.0526),tensor(0.0348),tensor(0.0804)
8297,8297,tensor(0.0526),tensor(0.0348),tensor(0.0804)
8298,8298,tensor(0.0526),tensor(0.0348),tensor(0.0804)
8299,8299,tensor(0.0526),tensor(0.0348),tensor(0.0804)
8300,8300,tensor(0.0526),tensor(0.0348),tensor(0.0804)
8301,8301,tensor(0.0526),tensor(0.0348),tensor(0.0804)
8302,8302,tensor(0.0526),tensor(0.0348),tensor(0.0804)
8303,8303,tensor(0.0526),tensor(0.0348),tensor(0.0804)
8304,8304,tensor(0.0526),tensor(0.0348),tensor(0.0804)
8305,8305,tensor(0.0526),tensor(0.0348),tensor(0.0804)
8306,8306,tensor(0.0526),tensor(0.0348),tensor(0.0804)
8307,8307,tensor(0.0526),tensor(0.0348),tensor(0.0804)
8308,8308,tensor(0.0526),tensor(0.0348),tensor(0.0804)
8309,8309,tensor(0.0526),tensor(0.0348),tensor(0.0804)
8310,8310,tensor(0.0526),tensor(0.0348),tensor(0.0804)
8311,8311,tensor(0.0526),tensor(0.0348),tensor(0.0804)
8312,8312,tensor(0.0526),tensor(0.0348),tensor(0.0804)
8313,8313,tensor(0.0526),tensor(0.0348),tensor(0.0804)
8314,8314,tensor(0.0526),tensor(0.0348),tensor(0.0804)
8315,8315,tensor(0.0526),tensor(0.0348),tensor(0.0804)
8316,8316,tensor(0.0526),tensor(0.0348),tensor(0.0804)
8317,8317,tensor(0.0526),tensor(0.0348),tensor(0.0804)
8318,8318,tensor(0.0526),tensor(0.0348),tensor(0.0804)
8319,8319,tensor(0.0526),tensor(0.0348),tensor(0.0804)
8320,8320,tensor(0.0526),tensor(0.0348),tensor(0.0804)
8321,8321,tensor(0.0526),tensor(0.0348),tensor(0.0804)
8322,8322,tensor(0.0526),tensor(0.0348),tensor(0.0804)
8323,8323,tensor(0.0526),tensor(0.0348),tensor(0.0804)
8324,8324,tensor(0.0526),tensor(0.0348),tensor(0.0804)
8325,8325,tensor(0.0526),tensor(0.0348),tensor(0.0804)
8326,8326,tensor(0.0526),tensor(0.0348),tensor(0.0804)
8327,8327,tensor(0.0526),tensor(0.0348),tensor(0.0804)
8328,8328,tensor(0.0526),tensor(0.0348),tensor(0.0804)
8329,8329,tensor(0.0526),tensor(0.0348),tensor(0.0804)
8330,8330,tensor(0.0526),tensor(0.0348),tensor(0.0804)
8331,8331,tensor(0.0526),tensor(0.0348),tensor(0.0804)
8332,8332,tensor(0.0526),tensor(0.0348),tensor(0.0804)
8333,8333,tensor(0.0526),tensor(0.0348),tensor(0.0804)
8334,8334,tensor(0.0526),tensor(0.0348),tensor(0.0804)
8335,8335,tensor(0.0526),tensor(0.0348),tensor(0.0804)
8336,8336,tensor(0.0526),tensor(0.0348),tensor(0.0804)
8337,8337,tensor(0.0526),tensor(0.0348),tensor(0.0804)
8338,8338,tensor(0.0526),tensor(0.0348),tensor(0.0804)
8339,8339,tensor(0.0526),tensor(0.0348),tensor(0.0804)
8340,8340,tensor(0.0526),tensor(0.0348),tensor(0.0804)
8341,8341,tensor(0.0526),tensor(0.0348),tensor(0.0804)
8342,8342,tensor(0.0526),tensor(0.0348),tensor(0.0804)
8343,8343,tensor(0.0526),tensor(0.0348),tensor(0.0804)
8344,8344,tensor(0.0526),tensor(0.0348),tensor(0.0804)
8345,8345,tensor(0.0526),tensor(0.0348),tensor(0.0804)
8346,8346,tensor(0.0526),tensor(0.0348),tensor(0.0804)
8347,8347,tensor(0.0526),tensor(0.0348),tensor(0.0804)
8348,8348,tensor(0.0526),tensor(0.0348),tensor(0.0804)
8349,8349,tensor(0.0526),tensor(0.0348),tensor(0.0804)
8350,8350,tensor(0.0526),tensor(0.0348),tensor(0.0804)
8351,8351,tensor(0.0526),tensor(0.0348),tensor(0.0804)
8352,8352,tensor(0.0526),tensor(0.0348),tensor(0.0804)
8353,8353,tensor(0.0526),tensor(0.0348),tensor(0.0804)
8354,8354,tensor(0.0526),tensor(0.0348),tensor(0.0804)
8355,8355,tensor(0.0526),tensor(0.0348),tensor(0.0804)
8356,8356,tensor(0.0526),tensor(0.0348),tensor(0.0804)
8357,8357,tensor(0.0526),tensor(0.0348),tensor(0.0804)
8358,8358,tensor(0.0526),tensor(0.0348),tensor(0.0804)
8359,8359,tensor(0.0526),tensor(0.0348),tensor(0.0804)
8360,8360,tensor(0.0526),tensor(0.0348),tensor(0.0804)
8361,8361,tensor(0.0526),tensor(0.0348),tensor(0.0804)
8362,8362,tensor(0.0526),tensor(0.0348),tensor(0.0804)
8363,8363,tensor(0.0526),tensor(0.0348),tensor(0.0804)
8364,8364,tensor(0.0526),tensor(0.0348),tensor(0.0804)
8365,8365,tensor(0.0526),tensor(0.0348),tensor(0.0804)
8366,8366,tensor(0.0526),tensor(0.0348),tensor(0.0804)
8367,8367,tensor(0.0526),tensor(0.0348),tensor(0.0804)
8368,8368,tensor(0.0526),tensor(0.0348),tensor(0.0804)
8369,8369,tensor(0.0526),tensor(0.0348),tensor(0.0804)
8370,8370,tensor(0.0526),tensor(0.0348),tensor(0.0804)
8371,8371,tensor(0.0526),tensor(0.0348),tensor(0.0804)
8372,8372,tensor(0.0526),tensor(0.0348),tensor(0.0804)
8373,8373,tensor(0.0526),tensor(0.0348),tensor(0.0804)
8374,8374,tensor(0.0526),tensor(0.0348),tensor(0.0804)
8375,8375,tensor(0.0526),tensor(0.0348),tensor(0.0804)
8376,8376,tensor(0.0526),tensor(0.0348),tensor(0.0804)
8377,8377,tensor(0.0526),tensor(0.0348),tensor(0.0804)
8378,8378,tensor(0.0526),tensor(0.0348),tensor(0.0804)
8379,8379,tensor(0.0526),tensor(0.0348),tensor(0.0804)
8380,8380,tensor(0.0526),tensor(0.0348),tensor(0.0804)
8381,8381,tensor(0.0526),tensor(0.0348),tensor(0.0804)
8382,8382,tensor(0.0526),tensor(0.0348),tensor(0.0804)
8383,8383,tensor(0.0526),tensor(0.0348),tensor(0.0804)
8384,8384,tensor(0.0526),tensor(0.0348),tensor(0.0804)
8385,8385,tensor(0.0526),tensor(0.0348),tensor(0.0804)
8386,8386,tensor(0.0526),tensor(0.0348),tensor(0.0804)
8387,8387,tensor(0.0526),tensor(0.0348),tensor(0.0804)
8388,8388,tensor(0.0526),tensor(0.0348),tensor(0.0804)
8389,8389,tensor(0.0526),tensor(0.0348),tensor(0.0804)
8390,8390,tensor(0.0526),tensor(0.0348),tensor(0.0804)
8391,8391,tensor(0.0526),tensor(0.0348),tensor(0.0804)
8392,8392,tensor(0.0526),tensor(0.0348),tensor(0.0804)
8393,8393,tensor(0.0526),tensor(0.0348),tensor(0.0804)
8394,8394,tensor(0.0526),tensor(0.0348),tensor(0.0804)
8395,8395,tensor(0.0526),tensor(0.0348),tensor(0.0804)
8396,8396,tensor(0.0526),tensor(0.0348),tensor(0.0804)
8397,8397,tensor(0.0526),tensor(0.0348),tensor(0.0804)
8398,8398,tensor(0.0526),tensor(0.0348),tensor(0.0804)
8399,8399,tensor(0.0526),tensor(0.0348),tensor(0.0804)
8400,8400,tensor(0.0526),tensor(0.0348),tensor(0.0804)
8401,8401,tensor(0.0526),tensor(0.0348),tensor(0.0804)
8402,8402,tensor(0.0526),tensor(0.0348),tensor(0.0804)
8403,8403,tensor(0.0526),tensor(0.0348),tensor(0.0804)
8404,8404,tensor(0.0526),tensor(0.0348),tensor(0.0804)
8405,8405,tensor(0.0526),tensor(0.0348),tensor(0.0804)
8406,8406,tensor(0.0526),tensor(0.0348),tensor(0.0804)
8407,8407,tensor(0.0526),tensor(0.0348),tensor(0.0804)
8408,8408,tensor(0.0526),tensor(0.0348),tensor(0.0804)
8409,8409,tensor(0.0526),tensor(0.0348),tensor(0.0804)
8410,8410,tensor(0.0526),tensor(0.0348),tensor(0.0804)
8411,8411,tensor(0.0526),tensor(0.0348),tensor(0.0804)
8412,8412,tensor(0.0526),tensor(0.0348),tensor(0.0804)
8413,8413,tensor(0.0526),tensor(0.0348),tensor(0.0804)
8414,8414,tensor(0.0526),tensor(0.0348),tensor(0.0804)
8415,8415,tensor(0.0526),tensor(0.0348),tensor(0.0804)
8416,8416,tensor(0.0526),tensor(0.0348),tensor(0.0804)
8417,8417,tensor(0.0526),tensor(0.0348),tensor(0.0804)
8418,8418,tensor(0.0526),tensor(0.0348),tensor(0.0804)
8419,8419,tensor(0.0526),tensor(0.0348),tensor(0.0804)
8420,8420,tensor(0.0526),tensor(0.0348),tensor(0.0804)
8421,8421,tensor(0.0526),tensor(0.0348),tensor(0.0804)
8422,8422,tensor(0.0526),tensor(0.0348),tensor(0.0804)
8423,8423,tensor(0.0526),tensor(0.0348),tensor(0.0804)
8424,8424,tensor(0.0526),tensor(0.0348),tensor(0.0804)
8425,8425,tensor(0.0526),tensor(0.0348),tensor(0.0804)
8426,8426,tensor(0.0526),tensor(0.0348),tensor(0.0804)
8427,8427,tensor(0.0526),tensor(0.0348),tensor(0.0804)
8428,8428,tensor(0.0526),tensor(0.0348),tensor(0.0804)
8429,8429,tensor(0.0526),tensor(0.0348),tensor(0.0804)
8430,8430,tensor(0.0526),tensor(0.0348),tensor(0.0804)
8431,8431,tensor(0.0526),tensor(0.0348),tensor(0.0804)
8432,8432,tensor(0.0526),tensor(0.0348),tensor(0.0804)
8433,8433,tensor(0.0526),tensor(0.0348),tensor(0.0804)
8434,8434,tensor(0.0526),tensor(0.0348),tensor(0.0804)
8435,8435,tensor(0.0526),tensor(0.0348),tensor(0.0804)
8436,8436,tensor(0.0526),tensor(0.0348),tensor(0.0804)
8437,8437,tensor(0.0526),tensor(0.0348),tensor(0.0804)
8438,8438,tensor(0.0526),tensor(0.0348),tensor(0.0804)
8439,8439,tensor(0.0526),tensor(0.0348),tensor(0.0804)
8440,8440,tensor(0.0526),tensor(0.0348),tensor(0.0804)
8441,8441,tensor(0.0526),tensor(0.0348),tensor(0.0804)
8442,8442,tensor(0.0526),tensor(0.0348),tensor(0.0804)
8443,8443,tensor(0.0526),tensor(0.0348),tensor(0.0804)
8444,8444,tensor(0.0526),tensor(0.0348),tensor(0.0804)
8445,8445,tensor(0.0526),tensor(0.0348),tensor(0.0804)
8446,8446,tensor(0.0526),tensor(0.0348),tensor(0.0804)
8447,8447,tensor(0.0526),tensor(0.0348),tensor(0.0804)
8448,8448,tensor(0.0526),tensor(0.0348),tensor(0.0804)
8449,8449,tensor(0.0526),tensor(0.0348),tensor(0.0804)
8450,8450,tensor(0.0526),tensor(0.0348),tensor(0.0804)
8451,8451,tensor(0.0526),tensor(0.0348),tensor(0.0804)
8452,8452,tensor(0.0526),tensor(0.0348),tensor(0.0804)
8453,8453,tensor(0.0526),tensor(0.0348),tensor(0.0804)
8454,8454,tensor(0.0526),tensor(0.0348),tensor(0.0804)
8455,8455,tensor(0.0526),tensor(0.0348),tensor(0.0804)
8456,8456,tensor(0.0526),tensor(0.0348),tensor(0.0804)
8457,8457,tensor(0.0526),tensor(0.0348),tensor(0.0804)
8458,8458,tensor(0.0526),tensor(0.0348),tensor(0.0804)
8459,8459,tensor(0.0526),tensor(0.0348),tensor(0.0804)
8460,8460,tensor(0.0526),tensor(0.0348),tensor(0.0804)
8461,8461,tensor(0.0526),tensor(0.0348),tensor(0.0804)
8462,8462,tensor(0.0526),tensor(0.0348),tensor(0.0804)
8463,8463,tensor(0.0526),tensor(0.0348),tensor(0.0804)
8464,8464,tensor(0.0526),tensor(0.0348),tensor(0.0804)
8465,8465,tensor(0.0526),tensor(0.0348),tensor(0.0804)
8466,8466,tensor(0.0526),tensor(0.0348),tensor(0.0804)
8467,8467,tensor(0.0526),tensor(0.0348),tensor(0.0804)
8468,8468,tensor(0.0526),tensor(0.0348),tensor(0.0804)
8469,8469,tensor(0.0526),tensor(0.0348),tensor(0.0804)
8470,8470,tensor(0.0526),tensor(0.0348),tensor(0.0804)
8471,8471,tensor(0.0526),tensor(0.0348),tensor(0.0804)
8472,8472,tensor(0.0526),tensor(0.0348),tensor(0.0804)
8473,8473,tensor(0.0526),tensor(0.0348),tensor(0.0804)
8474,8474,tensor(0.0526),tensor(0.0348),tensor(0.0804)
8475,8475,tensor(0.0526),tensor(0.0348),tensor(0.0804)
8476,8476,tensor(0.0526),tensor(0.0348),tensor(0.0804)
8477,8477,tensor(0.0526),tensor(0.0348),tensor(0.0804)
8478,8478,tensor(0.0526),tensor(0.0348),tensor(0.0804)
8479,8479,tensor(0.0526),tensor(0.0348),tensor(0.0804)
8480,8480,tensor(0.0526),tensor(0.0348),tensor(0.0804)
8481,8481,tensor(0.0526),tensor(0.0348),tensor(0.0804)
8482,8482,tensor(0.0526),tensor(0.0348),tensor(0.0804)
8483,8483,tensor(0.0526),tensor(0.0348),tensor(0.0804)
8484,8484,tensor(0.0526),tensor(0.0348),tensor(0.0804)
8485,8485,tensor(0.0526),tensor(0.0348),tensor(0.0804)
8486,8486,tensor(0.0526),tensor(0.0348),tensor(0.0804)
8487,8487,tensor(0.0526),tensor(0.0348),tensor(0.0804)
8488,8488,tensor(0.0526),tensor(0.0348),tensor(0.0804)
8489,8489,tensor(0.0526),tensor(0.0348),tensor(0.0804)
8490,8490,tensor(0.0526),tensor(0.0348),tensor(0.0804)
8491,8491,tensor(0.0526),tensor(0.0348),tensor(0.0804)
8492,8492,tensor(0.0526),tensor(0.0348),tensor(0.0804)
8493,8493,tensor(0.0526),tensor(0.0348),tensor(0.0804)
8494,8494,tensor(0.0526),tensor(0.0348),tensor(0.0804)
8495,8495,tensor(0.0526),tensor(0.0348),tensor(0.0804)
8496,8496,tensor(0.0526),tensor(0.0348),tensor(0.0804)
8497,8497,tensor(0.0526),tensor(0.0348),tensor(0.0804)
8498,8498,tensor(0.0526),tensor(0.0348),tensor(0.0804)
8499,8499,tensor(0.0526),tensor(0.0348),tensor(0.0804)
8500,8500,tensor(0.0526),tensor(0.0348),tensor(0.0804)
8501,8501,tensor(0.0526),tensor(0.0348),tensor(0.0804)
8502,8502,tensor(0.0526),tensor(0.0348),tensor(0.0804)
8503,8503,tensor(0.0526),tensor(0.0348),tensor(0.0804)
8504,8504,tensor(0.0526),tensor(0.0348),tensor(0.0804)
8505,8505,tensor(0.0526),tensor(0.0348),tensor(0.0804)
8506,8506,tensor(0.0526),tensor(0.0348),tensor(0.0804)
8507,8507,tensor(0.0526),tensor(0.0348),tensor(0.0804)
8508,8508,tensor(0.0526),tensor(0.0348),tensor(0.0804)
8509,8509,tensor(0.0526),tensor(0.0348),tensor(0.0804)
8510,8510,tensor(0.0526),tensor(0.0348),tensor(0.0804)
8511,8511,tensor(0.0526),tensor(0.0348),tensor(0.0804)
8512,8512,tensor(0.0526),tensor(0.0348),tensor(0.0804)
8513,8513,tensor(0.0526),tensor(0.0348),tensor(0.0804)
8514,8514,tensor(0.0526),tensor(0.0348),tensor(0.0804)
8515,8515,tensor(0.0526),tensor(0.0348),tensor(0.0804)
8516,8516,tensor(0.0526),tensor(0.0348),tensor(0.0804)
8517,8517,tensor(0.0526),tensor(0.0348),tensor(0.0804)
8518,8518,tensor(0.0526),tensor(0.0348),tensor(0.0804)
8519,8519,tensor(0.0526),tensor(0.0348),tensor(0.0804)
8520,8520,tensor(0.0526),tensor(0.0348),tensor(0.0804)
8521,8521,tensor(0.0526),tensor(0.0348),tensor(0.0804)
8522,8522,tensor(0.0526),tensor(0.0348),tensor(0.0804)
8523,8523,tensor(0.0526),tensor(0.0348),tensor(0.0804)
8524,8524,tensor(0.0526),tensor(0.0348),tensor(0.0804)
8525,8525,tensor(0.0526),tensor(0.0348),tensor(0.0804)
8526,8526,tensor(0.0526),tensor(0.0348),tensor(0.0804)
8527,8527,tensor(0.0526),tensor(0.0348),tensor(0.0804)
8528,8528,tensor(0.0526),tensor(0.0348),tensor(0.0804)
8529,8529,tensor(0.0526),tensor(0.0348),tensor(0.0804)
8530,8530,tensor(0.0526),tensor(0.0348),tensor(0.0804)
8531,8531,tensor(0.0526),tensor(0.0348),tensor(0.0804)
8532,8532,tensor(0.0526),tensor(0.0348),tensor(0.0804)
8533,8533,tensor(0.0526),tensor(0.0348),tensor(0.0804)
8534,8534,tensor(0.0526),tensor(0.0348),tensor(0.0804)
8535,8535,tensor(0.0526),tensor(0.0348),tensor(0.0804)
8536,8536,tensor(0.0526),tensor(0.0348),tensor(0.0804)
8537,8537,tensor(0.0526),tensor(0.0348),tensor(0.0804)
8538,8538,tensor(0.0526),tensor(0.0348),tensor(0.0804)
8539,8539,tensor(0.0526),tensor(0.0348),tensor(0.0804)
8540,8540,tensor(0.0526),tensor(0.0348),tensor(0.0804)
8541,8541,tensor(0.0526),tensor(0.0348),tensor(0.0804)
8542,8542,tensor(0.0526),tensor(0.0348),tensor(0.0804)
8543,8543,tensor(0.0526),tensor(0.0348),tensor(0.0804)
8544,8544,tensor(0.0526),tensor(0.0348),tensor(0.0804)
8545,8545,tensor(0.0526),tensor(0.0348),tensor(0.0804)
8546,8546,tensor(0.0526),tensor(0.0348),tensor(0.0804)
8547,8547,tensor(0.0526),tensor(0.0348),tensor(0.0804)
8548,8548,tensor(0.0526),tensor(0.0348),tensor(0.0804)
8549,8549,tensor(0.0526),tensor(0.0348),tensor(0.0804)
8550,8550,tensor(0.0526),tensor(0.0348),tensor(0.0804)
8551,8551,tensor(0.0526),tensor(0.0348),tensor(0.0804)
8552,8552,tensor(0.0526),tensor(0.0348),tensor(0.0804)
8553,8553,tensor(0.0526),tensor(0.0348),tensor(0.0804)
8554,8554,tensor(0.0526),tensor(0.0348),tensor(0.0804)
8555,8555,tensor(0.0526),tensor(0.0348),tensor(0.0804)
8556,8556,tensor(0.0526),tensor(0.0348),tensor(0.0804)
8557,8557,tensor(0.0526),tensor(0.0348),tensor(0.0804)
8558,8558,tensor(0.0526),tensor(0.0348),tensor(0.0804)
8559,8559,tensor(0.0526),tensor(0.0348),tensor(0.0804)
8560,8560,tensor(0.0526),tensor(0.0348),tensor(0.0804)
8561,8561,tensor(0.0526),tensor(0.0348),tensor(0.0804)
8562,8562,tensor(0.0526),tensor(0.0348),tensor(0.0804)
8563,8563,tensor(0.0526),tensor(0.0348),tensor(0.0804)
8564,8564,tensor(0.0526),tensor(0.0348),tensor(0.0804)
8565,8565,tensor(0.0526),tensor(0.0348),tensor(0.0804)
8566,8566,tensor(0.0526),tensor(0.0348),tensor(0.0804)
8567,8567,tensor(0.0526),tensor(0.0348),tensor(0.0804)
8568,8568,tensor(0.0526),tensor(0.0348),tensor(0.0804)
8569,8569,tensor(0.0526),tensor(0.0348),tensor(0.0804)
8570,8570,tensor(0.0526),tensor(0.0348),tensor(0.0804)
8571,8571,tensor(0.0526),tensor(0.0348),tensor(0.0804)
8572,8572,tensor(0.0526),tensor(0.0348),tensor(0.0804)
8573,8573,tensor(0.0526),tensor(0.0348),tensor(0.0804)
8574,8574,tensor(0.0526),tensor(0.0348),tensor(0.0804)
8575,8575,tensor(0.0526),tensor(0.0348),tensor(0.0804)
8576,8576,tensor(0.0526),tensor(0.0348),tensor(0.0804)
8577,8577,tensor(0.0526),tensor(0.0348),tensor(0.0804)
8578,8578,tensor(0.0526),tensor(0.0348),tensor(0.0804)
8579,8579,tensor(0.0526),tensor(0.0348),tensor(0.0804)
8580,8580,tensor(0.0526),tensor(0.0348),tensor(0.0804)
8581,8581,tensor(0.0526),tensor(0.0348),tensor(0.0804)
8582,8582,tensor(0.0526),tensor(0.0348),tensor(0.0804)
8583,8583,tensor(0.0526),tensor(0.0348),tensor(0.0804)
8584,8584,tensor(0.0526),tensor(0.0348),tensor(0.0804)
8585,8585,tensor(0.0526),tensor(0.0348),tensor(0.0804)
8586,8586,tensor(0.0526),tensor(0.0348),tensor(0.0804)
8587,8587,tensor(0.0526),tensor(0.0348),tensor(0.0804)
8588,8588,tensor(0.0526),tensor(0.0348),tensor(0.0804)
8589,8589,tensor(0.0526),tensor(0.0348),tensor(0.0804)
8590,8590,tensor(0.0526),tensor(0.0348),tensor(0.0804)
8591,8591,tensor(0.0526),tensor(0.0348),tensor(0.0804)
8592,8592,tensor(0.0526),tensor(0.0348),tensor(0.0804)
8593,8593,tensor(0.0526),tensor(0.0348),tensor(0.0804)
8594,8594,tensor(0.0526),tensor(0.0348),tensor(0.0804)
8595,8595,tensor(0.0526),tensor(0.0348),tensor(0.0804)
8596,8596,tensor(0.0526),tensor(0.0348),tensor(0.0804)
8597,8597,tensor(0.0526),tensor(0.0348),tensor(0.0804)
8598,8598,tensor(0.0526),tensor(0.0348),tensor(0.0804)
8599,8599,tensor(0.0526),tensor(0.0348),tensor(0.0804)
8600,8600,tensor(0.0526),tensor(0.0348),tensor(0.0804)
8601,8601,tensor(0.0526),tensor(0.0348),tensor(0.0804)
8602,8602,tensor(0.0526),tensor(0.0348),tensor(0.0804)
8603,8603,tensor(0.0526),tensor(0.0348),tensor(0.0804)
8604,8604,tensor(0.0526),tensor(0.0348),tensor(0.0804)
8605,8605,tensor(0.0526),tensor(0.0348),tensor(0.0804)
8606,8606,tensor(0.0526),tensor(0.0348),tensor(0.0804)
8607,8607,tensor(0.0526),tensor(0.0348),tensor(0.0804)
8608,8608,tensor(0.0526),tensor(0.0348),tensor(0.0804)
8609,8609,tensor(0.0526),tensor(0.0348),tensor(0.0804)
8610,8610,tensor(0.0526),tensor(0.0348),tensor(0.0804)
8611,8611,tensor(0.0526),tensor(0.0348),tensor(0.0804)
8612,8612,tensor(0.0526),tensor(0.0348),tensor(0.0804)
8613,8613,tensor(0.0526),tensor(0.0348),tensor(0.0804)
8614,8614,tensor(0.0526),tensor(0.0348),tensor(0.0804)
8615,8615,tensor(0.0526),tensor(0.0348),tensor(0.0804)
8616,8616,tensor(0.0526),tensor(0.0348),tensor(0.0804)
8617,8617,tensor(0.0526),tensor(0.0348),tensor(0.0804)
8618,8618,tensor(0.0526),tensor(0.0348),tensor(0.0804)
8619,8619,tensor(0.0526),tensor(0.0348),tensor(0.0804)
8620,8620,tensor(0.0526),tensor(0.0348),tensor(0.0804)
8621,8621,tensor(0.0526),tensor(0.0348),tensor(0.0804)
8622,8622,tensor(0.0526),tensor(0.0348),tensor(0.0804)
8623,8623,tensor(0.0526),tensor(0.0348),tensor(0.0804)
8624,8624,tensor(0.0526),tensor(0.0348),tensor(0.0804)
8625,8625,tensor(0.0526),tensor(0.0348),tensor(0.0804)
8626,8626,tensor(0.0526),tensor(0.0348),tensor(0.0804)
8627,8627,tensor(0.0526),tensor(0.0348),tensor(0.0804)
8628,8628,tensor(0.0526),tensor(0.0348),tensor(0.0804)
8629,8629,tensor(0.0526),tensor(0.0348),tensor(0.0804)
8630,8630,tensor(0.0526),tensor(0.0348),tensor(0.0804)
8631,8631,tensor(0.0526),tensor(0.0348),tensor(0.0804)
8632,8632,tensor(0.0526),tensor(0.0348),tensor(0.0804)
8633,8633,tensor(0.0526),tensor(0.0348),tensor(0.0804)
8634,8634,tensor(0.0526),tensor(0.0348),tensor(0.0804)
8635,8635,tensor(0.0526),tensor(0.0348),tensor(0.0804)
8636,8636,tensor(0.0526),tensor(0.0348),tensor(0.0804)
8637,8637,tensor(0.0526),tensor(0.0348),tensor(0.0804)
8638,8638,tensor(0.0526),tensor(0.0348),tensor(0.0804)
8639,8639,tensor(0.0526),tensor(0.0348),tensor(0.0804)
8640,8640,tensor(0.0526),tensor(0.0348),tensor(0.0804)
8641,8641,tensor(0.0526),tensor(0.0348),tensor(0.0804)
8642,8642,tensor(0.0526),tensor(0.0348),tensor(0.0804)
8643,8643,tensor(0.0526),tensor(0.0348),tensor(0.0804)
8644,8644,tensor(0.0526),tensor(0.0348),tensor(0.0804)
8645,8645,tensor(0.0526),tensor(0.0348),tensor(0.0804)
8646,8646,tensor(0.0526),tensor(0.0348),tensor(0.0804)
8647,8647,tensor(0.0526),tensor(0.0348),tensor(0.0804)
8648,8648,tensor(0.0526),tensor(0.0348),tensor(0.0804)
8649,8649,tensor(0.0526),tensor(0.0348),tensor(0.0804)
8650,8650,tensor(0.0526),tensor(0.0348),tensor(0.0804)
8651,8651,tensor(0.0526),tensor(0.0348),tensor(0.0804)
8652,8652,tensor(0.0526),tensor(0.0348),tensor(0.0804)
8653,8653,tensor(0.0526),tensor(0.0348),tensor(0.0804)
8654,8654,tensor(0.0526),tensor(0.0348),tensor(0.0804)
8655,8655,tensor(0.0526),tensor(0.0348),tensor(0.0804)
8656,8656,tensor(0.0526),tensor(0.0348),tensor(0.0804)
8657,8657,tensor(0.0526),tensor(0.0348),tensor(0.0804)
8658,8658,tensor(0.0526),tensor(0.0348),tensor(0.0804)
8659,8659,tensor(0.0526),tensor(0.0348),tensor(0.0804)
8660,8660,tensor(0.0526),tensor(0.0348),tensor(0.0804)
8661,8661,tensor(0.0526),tensor(0.0348),tensor(0.0804)
8662,8662,tensor(0.0526),tensor(0.0348),tensor(0.0804)
8663,8663,tensor(0.0526),tensor(0.0348),tensor(0.0804)
8664,8664,tensor(0.0526),tensor(0.0348),tensor(0.0804)
8665,8665,tensor(0.0526),tensor(0.0348),tensor(0.0804)
8666,8666,tensor(0.0526),tensor(0.0348),tensor(0.0804)
8667,8667,tensor(0.0526),tensor(0.0348),tensor(0.0804)
8668,8668,tensor(0.0526),tensor(0.0348),tensor(0.0804)
8669,8669,tensor(0.0526),tensor(0.0348),tensor(0.0804)
8670,8670,tensor(0.0526),tensor(0.0348),tensor(0.0804)
8671,8671,tensor(0.0526),tensor(0.0348),tensor(0.0804)
8672,8672,tensor(0.0526),tensor(0.0348),tensor(0.0804)
8673,8673,tensor(0.0526),tensor(0.0348),tensor(0.0804)
8674,8674,tensor(0.0526),tensor(0.0348),tensor(0.0804)
8675,8675,tensor(0.0526),tensor(0.0348),tensor(0.0804)
8676,8676,tensor(0.0526),tensor(0.0348),tensor(0.0804)
8677,8677,tensor(0.0526),tensor(0.0348),tensor(0.0804)
8678,8678,tensor(0.0526),tensor(0.0348),tensor(0.0804)
8679,8679,tensor(0.0526),tensor(0.0348),tensor(0.0804)
8680,8680,tensor(0.0526),tensor(0.0348),tensor(0.0804)
8681,8681,tensor(0.0526),tensor(0.0348),tensor(0.0804)
8682,8682,tensor(0.0526),tensor(0.0348),tensor(0.0804)
8683,8683,tensor(0.0526),tensor(0.0348),tensor(0.0804)
8684,8684,tensor(0.0526),tensor(0.0348),tensor(0.0804)
8685,8685,tensor(0.0526),tensor(0.0348),tensor(0.0804)
8686,8686,tensor(0.0526),tensor(0.0348),tensor(0.0804)
8687,8687,tensor(0.0526),tensor(0.0348),tensor(0.0804)
8688,8688,tensor(0.0526),tensor(0.0348),tensor(0.0804)
8689,8689,tensor(0.0526),tensor(0.0348),tensor(0.0804)
8690,8690,tensor(0.0526),tensor(0.0348),tensor(0.0804)
8691,8691,tensor(0.0526),tensor(0.0348),tensor(0.0804)
8692,8692,tensor(0.0526),tensor(0.0348),tensor(0.0804)
8693,8693,tensor(0.0526),tensor(0.0348),tensor(0.0804)
8694,8694,tensor(0.0526),tensor(0.0348),tensor(0.0804)
8695,8695,tensor(0.0526),tensor(0.0348),tensor(0.0804)
8696,8696,tensor(0.0526),tensor(0.0348),tensor(0.0804)
8697,8697,tensor(0.0526),tensor(0.0348),tensor(0.0804)
8698,8698,tensor(0.0526),tensor(0.0348),tensor(0.0804)
8699,8699,tensor(0.0526),tensor(0.0348),tensor(0.0804)
8700,8700,tensor(0.0526),tensor(0.0348),tensor(0.0804)
8701,8701,tensor(0.0526),tensor(0.0348),tensor(0.0804)
8702,8702,tensor(0.0526),tensor(0.0348),tensor(0.0804)
8703,8703,tensor(0.0526),tensor(0.0348),tensor(0.0804)
8704,8704,tensor(0.0526),tensor(0.0348),tensor(0.0804)
8705,8705,tensor(0.0526),tensor(0.0348),tensor(0.0804)
8706,8706,tensor(0.0526),tensor(0.0348),tensor(0.0804)
8707,8707,tensor(0.0526),tensor(0.0348),tensor(0.0804)
8708,8708,tensor(0.0526),tensor(0.0348),tensor(0.0804)
8709,8709,tensor(0.0526),tensor(0.0348),tensor(0.0804)
8710,8710,tensor(0.0526),tensor(0.0348),tensor(0.0804)
8711,8711,tensor(0.0526),tensor(0.0348),tensor(0.0804)
8712,8712,tensor(0.0526),tensor(0.0348),tensor(0.0804)
8713,8713,tensor(0.0526),tensor(0.0348),tensor(0.0804)
8714,8714,tensor(0.0526),tensor(0.0348),tensor(0.0804)
8715,8715,tensor(0.0526),tensor(0.0348),tensor(0.0804)
8716,8716,tensor(0.0526),tensor(0.0348),tensor(0.0804)
8717,8717,tensor(0.0526),tensor(0.0348),tensor(0.0804)
8718,8718,tensor(0.0526),tensor(0.0348),tensor(0.0804)
8719,8719,tensor(0.0526),tensor(0.0348),tensor(0.0804)
8720,8720,tensor(0.0526),tensor(0.0348),tensor(0.0804)
8721,8721,tensor(0.0526),tensor(0.0348),tensor(0.0804)
8722,8722,tensor(0.0526),tensor(0.0348),tensor(0.0804)
8723,8723,tensor(0.0526),tensor(0.0348),tensor(0.0804)
8724,8724,tensor(0.0526),tensor(0.0348),tensor(0.0804)
8725,8725,tensor(0.0526),tensor(0.0348),tensor(0.0804)
8726,8726,tensor(0.0526),tensor(0.0348),tensor(0.0804)
8727,8727,tensor(0.0526),tensor(0.0348),tensor(0.0804)
8728,8728,tensor(0.0526),tensor(0.0348),tensor(0.0804)
8729,8729,tensor(0.0526),tensor(0.0348),tensor(0.0804)
8730,8730,tensor(0.0526),tensor(0.0348),tensor(0.0804)
8731,8731,tensor(0.0526),tensor(0.0348),tensor(0.0804)
8732,8732,tensor(0.0526),tensor(0.0348),tensor(0.0804)
8733,8733,tensor(0.0526),tensor(0.0348),tensor(0.0804)
8734,8734,tensor(0.0526),tensor(0.0348),tensor(0.0804)
8735,8735,tensor(0.0526),tensor(0.0348),tensor(0.0804)
8736,8736,tensor(0.0526),tensor(0.0348),tensor(0.0804)
8737,8737,tensor(0.0526),tensor(0.0348),tensor(0.0804)
8738,8738,tensor(0.0526),tensor(0.0348),tensor(0.0804)
8739,8739,tensor(0.0526),tensor(0.0348),tensor(0.0804)
8740,8740,tensor(0.0526),tensor(0.0348),tensor(0.0804)
8741,8741,tensor(0.0526),tensor(0.0348),tensor(0.0804)
8742,8742,tensor(0.0526),tensor(0.0348),tensor(0.0804)
8743,8743,tensor(0.0526),tensor(0.0348),tensor(0.0804)
8744,8744,tensor(0.0526),tensor(0.0348),tensor(0.0804)
8745,8745,tensor(0.0526),tensor(0.0348),tensor(0.0804)
8746,8746,tensor(0.0526),tensor(0.0348),tensor(0.0804)
8747,8747,tensor(0.0526),tensor(0.0348),tensor(0.0804)
8748,8748,tensor(0.0526),tensor(0.0348),tensor(0.0804)
8749,8749,tensor(0.0526),tensor(0.0348),tensor(0.0804)
8750,8750,tensor(0.0526),tensor(0.0348),tensor(0.0804)
8751,8751,tensor(0.0526),tensor(0.0348),tensor(0.0804)
8752,8752,tensor(0.0526),tensor(0.0348),tensor(0.0804)
8753,8753,tensor(0.0526),tensor(0.0348),tensor(0.0804)
8754,8754,tensor(0.0526),tensor(0.0348),tensor(0.0804)
8755,8755,tensor(0.0526),tensor(0.0348),tensor(0.0804)
8756,8756,tensor(0.0526),tensor(0.0348),tensor(0.0804)
8757,8757,tensor(0.0526),tensor(0.0348),tensor(0.0804)
8758,8758,tensor(0.0526),tensor(0.0348),tensor(0.0804)
8759,8759,tensor(0.0526),tensor(0.0348),tensor(0.0804)
8760,8760,tensor(0.0526),tensor(0.0348),tensor(0.0804)
8761,8761,tensor(0.0526),tensor(0.0348),tensor(0.0804)
8762,8762,tensor(0.0526),tensor(0.0348),tensor(0.0804)
8763,8763,tensor(0.0526),tensor(0.0348),tensor(0.0804)
8764,8764,tensor(0.0526),tensor(0.0348),tensor(0.0804)
8765,8765,tensor(0.0526),tensor(0.0348),tensor(0.0804)
8766,8766,tensor(0.0526),tensor(0.0348),tensor(0.0804)
8767,8767,tensor(0.0526),tensor(0.0348),tensor(0.0804)
8768,8768,tensor(0.0526),tensor(0.0348),tensor(0.0804)
8769,8769,tensor(0.0526),tensor(0.0348),tensor(0.0804)
8770,8770,tensor(0.0526),tensor(0.0348),tensor(0.0804)
8771,8771,tensor(0.0526),tensor(0.0348),tensor(0.0804)
8772,8772,tensor(0.0526),tensor(0.0348),tensor(0.0804)
8773,8773,tensor(0.0526),tensor(0.0348),tensor(0.0804)
8774,8774,tensor(0.0526),tensor(0.0348),tensor(0.0804)
8775,8775,tensor(0.0526),tensor(0.0348),tensor(0.0804)
8776,8776,tensor(0.0526),tensor(0.0348),tensor(0.0804)
8777,8777,tensor(0.0526),tensor(0.0348),tensor(0.0804)
8778,8778,tensor(0.0526),tensor(0.0348),tensor(0.0804)
8779,8779,tensor(0.0526),tensor(0.0348),tensor(0.0804)
8780,8780,tensor(0.0526),tensor(0.0348),tensor(0.0804)
8781,8781,tensor(0.0526),tensor(0.0348),tensor(0.0804)
8782,8782,tensor(0.0526),tensor(0.0348),tensor(0.0804)
8783,8783,tensor(0.0526),tensor(0.0348),tensor(0.0804)
8784,8784,tensor(0.0526),tensor(0.0348),tensor(0.0804)
8785,8785,tensor(0.0526),tensor(0.0348),tensor(0.0804)
8786,8786,tensor(0.0526),tensor(0.0348),tensor(0.0804)
8787,8787,tensor(0.0526),tensor(0.0348),tensor(0.0804)
8788,8788,tensor(0.0526),tensor(0.0348),tensor(0.0804)
8789,8789,tensor(0.0526),tensor(0.0348),tensor(0.0804)
8790,8790,tensor(0.0526),tensor(0.0348),tensor(0.0804)
8791,8791,tensor(0.0526),tensor(0.0348),tensor(0.0804)
8792,8792,tensor(0.0526),tensor(0.0348),tensor(0.0804)
8793,8793,tensor(0.0526),tensor(0.0348),tensor(0.0804)
8794,8794,tensor(0.0526),tensor(0.0348),tensor(0.0804)
8795,8795,tensor(0.0526),tensor(0.0348),tensor(0.0804)
8796,8796,tensor(0.0526),tensor(0.0348),tensor(0.0804)
8797,8797,tensor(0.0526),tensor(0.0348),tensor(0.0804)
8798,8798,tensor(0.0526),tensor(0.0348),tensor(0.0804)
8799,8799,tensor(0.0526),tensor(0.0348),tensor(0.0804)
8800,8800,tensor(0.0526),tensor(0.0348),tensor(0.0804)
8801,8801,tensor(0.0526),tensor(0.0348),tensor(0.0804)
8802,8802,tensor(0.0526),tensor(0.0348),tensor(0.0804)
8803,8803,tensor(0.0526),tensor(0.0348),tensor(0.0804)
8804,8804,tensor(0.0526),tensor(0.0348),tensor(0.0804)
8805,8805,tensor(0.0526),tensor(0.0348),tensor(0.0804)
8806,8806,tensor(0.0526),tensor(0.0348),tensor(0.0804)
8807,8807,tensor(0.0526),tensor(0.0348),tensor(0.0804)
8808,8808,tensor(0.0526),tensor(0.0348),tensor(0.0804)
8809,8809,tensor(0.0526),tensor(0.0348),tensor(0.0804)
8810,8810,tensor(0.0526),tensor(0.0348),tensor(0.0804)
8811,8811,tensor(0.0526),tensor(0.0348),tensor(0.0804)
8812,8812,tensor(0.0526),tensor(0.0348),tensor(0.0804)
8813,8813,tensor(0.0526),tensor(0.0348),tensor(0.0804)
8814,8814,tensor(0.0526),tensor(0.0348),tensor(0.0804)
8815,8815,tensor(0.0526),tensor(0.0348),tensor(0.0804)
8816,8816,tensor(0.0526),tensor(0.0348),tensor(0.0804)
8817,8817,tensor(0.0526),tensor(0.0348),tensor(0.0804)
8818,8818,tensor(0.0526),tensor(0.0348),tensor(0.0804)
8819,8819,tensor(0.0526),tensor(0.0348),tensor(0.0804)
8820,8820,tensor(0.0526),tensor(0.0348),tensor(0.0804)
8821,8821,tensor(0.0526),tensor(0.0348),tensor(0.0804)
8822,8822,tensor(0.0526),tensor(0.0348),tensor(0.0804)
8823,8823,tensor(0.0526),tensor(0.0348),tensor(0.0804)
8824,8824,tensor(0.0526),tensor(0.0348),tensor(0.0804)
8825,8825,tensor(0.0526),tensor(0.0348),tensor(0.0804)
8826,8826,tensor(0.0526),tensor(0.0348),tensor(0.0804)
8827,8827,tensor(0.0526),tensor(0.0348),tensor(0.0804)
8828,8828,tensor(0.0526),tensor(0.0348),tensor(0.0804)
8829,8829,tensor(0.0526),tensor(0.0348),tensor(0.0804)
8830,8830,tensor(0.0526),tensor(0.0348),tensor(0.0804)
8831,8831,tensor(0.0526),tensor(0.0348),tensor(0.0804)
8832,8832,tensor(0.0526),tensor(0.0348),tensor(0.0804)
8833,8833,tensor(0.0526),tensor(0.0348),tensor(0.0804)
8834,8834,tensor(0.0526),tensor(0.0348),tensor(0.0804)
8835,8835,tensor(0.0526),tensor(0.0348),tensor(0.0804)
8836,8836,tensor(0.0526),tensor(0.0348),tensor(0.0804)
8837,8837,tensor(0.0526),tensor(0.0348),tensor(0.0804)
8838,8838,tensor(0.0526),tensor(0.0348),tensor(0.0804)
8839,8839,tensor(0.0526),tensor(0.0348),tensor(0.0804)
8840,8840,tensor(0.0526),tensor(0.0348),tensor(0.0804)
8841,8841,tensor(0.0526),tensor(0.0348),tensor(0.0804)
8842,8842,tensor(0.0526),tensor(0.0348),tensor(0.0804)
8843,8843,tensor(0.0526),tensor(0.0348),tensor(0.0804)
8844,8844,tensor(0.0526),tensor(0.0348),tensor(0.0804)
8845,8845,tensor(0.0526),tensor(0.0348),tensor(0.0804)
8846,8846,tensor(0.0526),tensor(0.0348),tensor(0.0804)
8847,8847,tensor(0.0526),tensor(0.0348),tensor(0.0804)
8848,8848,tensor(0.0526),tensor(0.0348),tensor(0.0804)
8849,8849,tensor(0.0526),tensor(0.0348),tensor(0.0804)
8850,8850,tensor(0.0526),tensor(0.0348),tensor(0.0804)
8851,8851,tensor(0.0526),tensor(0.0348),tensor(0.0804)
8852,8852,tensor(0.0526),tensor(0.0348),tensor(0.0804)
8853,8853,tensor(0.0526),tensor(0.0348),tensor(0.0804)
8854,8854,tensor(0.0526),tensor(0.0348),tensor(0.0804)
8855,8855,tensor(0.0526),tensor(0.0348),tensor(0.0804)
8856,8856,tensor(0.0526),tensor(0.0348),tensor(0.0804)
8857,8857,tensor(0.0526),tensor(0.0348),tensor(0.0804)
8858,8858,tensor(0.0526),tensor(0.0348),tensor(0.0804)
8859,8859,tensor(0.0526),tensor(0.0348),tensor(0.0804)
8860,8860,tensor(0.0526),tensor(0.0348),tensor(0.0804)
8861,8861,tensor(0.0526),tensor(0.0348),tensor(0.0804)
8862,8862,tensor(0.0526),tensor(0.0348),tensor(0.0804)
8863,8863,tensor(0.0526),tensor(0.0348),tensor(0.0804)
8864,8864,tensor(0.0526),tensor(0.0348),tensor(0.0804)
8865,8865,tensor(0.0526),tensor(0.0348),tensor(0.0804)
8866,8866,tensor(0.0526),tensor(0.0348),tensor(0.0804)
8867,8867,tensor(0.0526),tensor(0.0348),tensor(0.0804)
8868,8868,tensor(0.0526),tensor(0.0348),tensor(0.0804)
8869,8869,tensor(0.0526),tensor(0.0348),tensor(0.0804)
8870,8870,tensor(0.0526),tensor(0.0348),tensor(0.0804)
8871,8871,tensor(0.0526),tensor(0.0348),tensor(0.0804)
8872,8872,tensor(0.0526),tensor(0.0348),tensor(0.0804)
8873,8873,tensor(0.0526),tensor(0.0348),tensor(0.0804)
8874,8874,tensor(0.0526),tensor(0.0348),tensor(0.0804)
8875,8875,tensor(0.0526),tensor(0.0348),tensor(0.0804)
8876,8876,tensor(0.0526),tensor(0.0348),tensor(0.0804)
8877,8877,tensor(0.0526),tensor(0.0348),tensor(0.0804)
8878,8878,tensor(0.0526),tensor(0.0348),tensor(0.0804)
8879,8879,tensor(0.0526),tensor(0.0348),tensor(0.0804)
8880,8880,tensor(0.0526),tensor(0.0348),tensor(0.0804)
8881,8881,tensor(0.0526),tensor(0.0348),tensor(0.0804)
8882,8882,tensor(0.0526),tensor(0.0348),tensor(0.0804)
8883,8883,tensor(0.0526),tensor(0.0348),tensor(0.0804)
8884,8884,tensor(0.0526),tensor(0.0348),tensor(0.0804)
8885,8885,tensor(0.0526),tensor(0.0348),tensor(0.0804)
8886,8886,tensor(0.0526),tensor(0.0348),tensor(0.0804)
8887,8887,tensor(0.0526),tensor(0.0348),tensor(0.0804)
8888,8888,tensor(0.0526),tensor(0.0348),tensor(0.0804)
8889,8889,tensor(0.0526),tensor(0.0348),tensor(0.0804)
8890,8890,tensor(0.0526),tensor(0.0348),tensor(0.0804)
8891,8891,tensor(0.0526),tensor(0.0348),tensor(0.0804)
8892,8892,tensor(0.0526),tensor(0.0348),tensor(0.0804)
8893,8893,tensor(0.0526),tensor(0.0348),tensor(0.0804)
8894,8894,tensor(0.0526),tensor(0.0348),tensor(0.0804)
8895,8895,tensor(0.0526),tensor(0.0348),tensor(0.0804)
8896,8896,tensor(0.0526),tensor(0.0348),tensor(0.0804)
8897,8897,tensor(0.0526),tensor(0.0348),tensor(0.0804)
8898,8898,tensor(0.0526),tensor(0.0348),tensor(0.0804)
8899,8899,tensor(0.0526),tensor(0.0348),tensor(0.0804)
8900,8900,tensor(0.0526),tensor(0.0348),tensor(0.0804)
8901,8901,tensor(0.0526),tensor(0.0348),tensor(0.0804)
8902,8902,tensor(0.0526),tensor(0.0348),tensor(0.0804)
8903,8903,tensor(0.0526),tensor(0.0348),tensor(0.0804)
8904,8904,tensor(0.0526),tensor(0.0348),tensor(0.0804)
8905,8905,tensor(0.0526),tensor(0.0348),tensor(0.0804)
8906,8906,tensor(0.0526),tensor(0.0348),tensor(0.0804)
8907,8907,tensor(0.0526),tensor(0.0348),tensor(0.0804)
8908,8908,tensor(0.0526),tensor(0.0348),tensor(0.0804)
8909,8909,tensor(0.0526),tensor(0.0348),tensor(0.0804)
8910,8910,tensor(0.0526),tensor(0.0348),tensor(0.0804)
8911,8911,tensor(0.0526),tensor(0.0348),tensor(0.0804)
8912,8912,tensor(0.0526),tensor(0.0348),tensor(0.0804)
8913,8913,tensor(0.0526),tensor(0.0348),tensor(0.0804)
8914,8914,tensor(0.0526),tensor(0.0348),tensor(0.0804)
8915,8915,tensor(0.0526),tensor(0.0348),tensor(0.0804)
8916,8916,tensor(0.0526),tensor(0.0348),tensor(0.0804)
8917,8917,tensor(0.0526),tensor(0.0348),tensor(0.0804)
8918,8918,tensor(0.0526),tensor(0.0348),tensor(0.0804)
8919,8919,tensor(0.0526),tensor(0.0348),tensor(0.0804)
8920,8920,tensor(0.0526),tensor(0.0348),tensor(0.0804)
8921,8921,tensor(0.0526),tensor(0.0348),tensor(0.0804)
8922,8922,tensor(0.0526),tensor(0.0348),tensor(0.0804)
8923,8923,tensor(0.0526),tensor(0.0348),tensor(0.0804)
8924,8924,tensor(0.0526),tensor(0.0348),tensor(0.0804)
8925,8925,tensor(0.0526),tensor(0.0348),tensor(0.0804)
8926,8926,tensor(0.0526),tensor(0.0348),tensor(0.0804)
8927,8927,tensor(0.0526),tensor(0.0348),tensor(0.0804)
8928,8928,tensor(0.0526),tensor(0.0348),tensor(0.0804)
8929,8929,tensor(0.0526),tensor(0.0348),tensor(0.0804)
8930,8930,tensor(0.0526),tensor(0.0348),tensor(0.0804)
8931,8931,tensor(0.0526),tensor(0.0348),tensor(0.0804)
8932,8932,tensor(0.0526),tensor(0.0348),tensor(0.0804)
8933,8933,tensor(0.0526),tensor(0.0348),tensor(0.0804)
8934,8934,tensor(0.0526),tensor(0.0348),tensor(0.0804)
8935,8935,tensor(0.0526),tensor(0.0348),tensor(0.0804)
8936,8936,tensor(0.0526),tensor(0.0348),tensor(0.0804)
8937,8937,tensor(0.0526),tensor(0.0348),tensor(0.0804)
8938,8938,tensor(0.0526),tensor(0.0348),tensor(0.0804)
8939,8939,tensor(0.0526),tensor(0.0348),tensor(0.0804)
8940,8940,tensor(0.0526),tensor(0.0348),tensor(0.0804)
8941,8941,tensor(0.0526),tensor(0.0348),tensor(0.0804)
8942,8942,tensor(0.0526),tensor(0.0348),tensor(0.0804)
8943,8943,tensor(0.0526),tensor(0.0348),tensor(0.0804)
8944,8944,tensor(0.0526),tensor(0.0348),tensor(0.0804)
8945,8945,tensor(0.0526),tensor(0.0348),tensor(0.0804)
8946,8946,tensor(0.0526),tensor(0.0348),tensor(0.0804)
8947,8947,tensor(0.0526),tensor(0.0348),tensor(0.0804)
8948,8948,tensor(0.0526),tensor(0.0348),tensor(0.0804)
8949,8949,tensor(0.0526),tensor(0.0348),tensor(0.0804)
8950,8950,tensor(0.0526),tensor(0.0348),tensor(0.0804)
8951,8951,tensor(0.0526),tensor(0.0348),tensor(0.0804)
8952,8952,tensor(0.0526),tensor(0.0348),tensor(0.0804)
8953,8953,tensor(0.0526),tensor(0.0348),tensor(0.0804)
8954,8954,tensor(0.0526),tensor(0.0348),tensor(0.0804)
8955,8955,tensor(0.0526),tensor(0.0348),tensor(0.0804)
8956,8956,tensor(0.0526),tensor(0.0348),tensor(0.0804)
8957,8957,tensor(0.0526),tensor(0.0348),tensor(0.0804)
8958,8958,tensor(0.0526),tensor(0.0348),tensor(0.0804)
8959,8959,tensor(0.0526),tensor(0.0348),tensor(0.0804)
8960,8960,tensor(0.0526),tensor(0.0348),tensor(0.0804)
8961,8961,tensor(0.0526),tensor(0.0348),tensor(0.0804)
8962,8962,tensor(0.0526),tensor(0.0348),tensor(0.0804)
8963,8963,tensor(0.0526),tensor(0.0348),tensor(0.0804)
8964,8964,tensor(0.0526),tensor(0.0348),tensor(0.0804)
8965,8965,tensor(0.0526),tensor(0.0348),tensor(0.0804)
8966,8966,tensor(0.0526),tensor(0.0348),tensor(0.0804)
8967,8967,tensor(0.0526),tensor(0.0348),tensor(0.0804)
8968,8968,tensor(0.0526),tensor(0.0348),tensor(0.0804)
8969,8969,tensor(0.0526),tensor(0.0348),tensor(0.0804)
8970,8970,tensor(0.0526),tensor(0.0348),tensor(0.0804)
8971,8971,tensor(0.0526),tensor(0.0348),tensor(0.0804)
8972,8972,tensor(0.0526),tensor(0.0348),tensor(0.0804)
8973,8973,tensor(0.0526),tensor(0.0348),tensor(0.0804)
8974,8974,tensor(0.0526),tensor(0.0348),tensor(0.0804)
8975,8975,tensor(0.0526),tensor(0.0348),tensor(0.0804)
8976,8976,tensor(0.0526),tensor(0.0348),tensor(0.0804)
8977,8977,tensor(0.0526),tensor(0.0348),tensor(0.0804)
8978,8978,tensor(0.0526),tensor(0.0348),tensor(0.0804)
8979,8979,tensor(0.0526),tensor(0.0348),tensor(0.0804)
8980,8980,tensor(0.0526),tensor(0.0348),tensor(0.0804)
8981,8981,tensor(0.0526),tensor(0.0348),tensor(0.0804)
8982,8982,tensor(0.0526),tensor(0.0348),tensor(0.0804)
8983,8983,tensor(0.0526),tensor(0.0348),tensor(0.0804)
8984,8984,tensor(0.0526),tensor(0.0348),tensor(0.0804)
8985,8985,tensor(0.0526),tensor(0.0348),tensor(0.0804)
8986,8986,tensor(0.0526),tensor(0.0348),tensor(0.0804)
8987,8987,tensor(0.0526),tensor(0.0348),tensor(0.0804)
8988,8988,tensor(0.0526),tensor(0.0348),tensor(0.0804)
8989,8989,tensor(0.0526),tensor(0.0348),tensor(0.0804)
8990,8990,tensor(0.0526),tensor(0.0348),tensor(0.0804)
8991,8991,tensor(0.0526),tensor(0.0348),tensor(0.0804)
8992,8992,tensor(0.0526),tensor(0.0348),tensor(0.0804)
8993,8993,tensor(0.0526),tensor(0.0348),tensor(0.0804)
8994,8994,tensor(0.0526),tensor(0.0348),tensor(0.0804)
8995,8995,tensor(0.0526),tensor(0.0348),tensor(0.0804)
8996,8996,tensor(0.0526),tensor(0.0348),tensor(0.0804)
8997,8997,tensor(0.0526),tensor(0.0348),tensor(0.0804)
8998,8998,tensor(0.0526),tensor(0.0348),tensor(0.0804)
8999,8999,tensor(0.0526),tensor(0.0348),tensor(0.0804)
9000,9000,tensor(0.0526),tensor(0.0348),tensor(0.0804)
9001,9001,tensor(0.0526),tensor(0.0348),tensor(0.0804)
9002,9002,tensor(0.0526),tensor(0.0348),tensor(0.0804)
9003,9003,tensor(0.0526),tensor(0.0348),tensor(0.0804)
9004,9004,tensor(0.0526),tensor(0.0348),tensor(0.0804)
9005,9005,tensor(0.0526),tensor(0.0348),tensor(0.0804)
9006,9006,tensor(0.0526),tensor(0.0348),tensor(0.0804)
9007,9007,tensor(0.0526),tensor(0.0348),tensor(0.0804)
9008,9008,tensor(0.0526),tensor(0.0348),tensor(0.0804)
9009,9009,tensor(0.0526),tensor(0.0348),tensor(0.0804)
9010,9010,tensor(0.0526),tensor(0.0348),tensor(0.0804)
9011,9011,tensor(0.0526),tensor(0.0348),tensor(0.0804)
9012,9012,tensor(0.0526),tensor(0.0348),tensor(0.0804)
9013,9013,tensor(0.0526),tensor(0.0348),tensor(0.0804)
9014,9014,tensor(0.0526),tensor(0.0348),tensor(0.0804)
9015,9015,tensor(0.0526),tensor(0.0348),tensor(0.0804)
9016,9016,tensor(0.0526),tensor(0.0348),tensor(0.0804)
9017,9017,tensor(0.0526),tensor(0.0348),tensor(0.0804)
9018,9018,tensor(0.0526),tensor(0.0348),tensor(0.0804)
9019,9019,tensor(0.0526),tensor(0.0348),tensor(0.0804)
9020,9020,tensor(0.0526),tensor(0.0348),tensor(0.0804)
9021,9021,tensor(0.0526),tensor(0.0348),tensor(0.0804)
9022,9022,tensor(0.0526),tensor(0.0348),tensor(0.0804)
9023,9023,tensor(0.0526),tensor(0.0348),tensor(0.0804)
9024,9024,tensor(0.0526),tensor(0.0348),tensor(0.0804)
9025,9025,tensor(0.0526),tensor(0.0348),tensor(0.0804)
9026,9026,tensor(0.0526),tensor(0.0348),tensor(0.0804)
9027,9027,tensor(0.0526),tensor(0.0348),tensor(0.0804)
9028,9028,tensor(0.0526),tensor(0.0348),tensor(0.0804)
9029,9029,tensor(0.0526),tensor(0.0348),tensor(0.0804)
9030,9030,tensor(0.0526),tensor(0.0348),tensor(0.0804)
9031,9031,tensor(0.0526),tensor(0.0348),tensor(0.0804)
9032,9032,tensor(0.0526),tensor(0.0348),tensor(0.0804)
9033,9033,tensor(0.0526),tensor(0.0348),tensor(0.0804)
9034,9034,tensor(0.0526),tensor(0.0348),tensor(0.0804)
9035,9035,tensor(0.0526),tensor(0.0348),tensor(0.0804)
9036,9036,tensor(0.0526),tensor(0.0348),tensor(0.0804)
9037,9037,tensor(0.0526),tensor(0.0348),tensor(0.0804)
9038,9038,tensor(0.0526),tensor(0.0348),tensor(0.0804)
9039,9039,tensor(0.0526),tensor(0.0348),tensor(0.0804)
9040,9040,tensor(0.0526),tensor(0.0348),tensor(0.0804)
9041,9041,tensor(0.0526),tensor(0.0348),tensor(0.0804)
9042,9042,tensor(0.0526),tensor(0.0348),tensor(0.0804)
9043,9043,tensor(0.0526),tensor(0.0348),tensor(0.0804)
9044,9044,tensor(0.0526),tensor(0.0348),tensor(0.0804)
9045,9045,tensor(0.0526),tensor(0.0348),tensor(0.0804)
9046,9046,tensor(0.0526),tensor(0.0348),tensor(0.0804)
9047,9047,tensor(0.0526),tensor(0.0348),tensor(0.0804)
9048,9048,tensor(0.0526),tensor(0.0348),tensor(0.0804)
9049,9049,tensor(0.0526),tensor(0.0348),tensor(0.0804)
9050,9050,tensor(0.0526),tensor(0.0348),tensor(0.0804)
9051,9051,tensor(0.0526),tensor(0.0348),tensor(0.0804)
9052,9052,tensor(0.0526),tensor(0.0348),tensor(0.0804)
9053,9053,tensor(0.0526),tensor(0.0348),tensor(0.0804)
9054,9054,tensor(0.0526),tensor(0.0348),tensor(0.0804)
9055,9055,tensor(0.0526),tensor(0.0348),tensor(0.0804)
9056,9056,tensor(0.0526),tensor(0.0348),tensor(0.0804)
9057,9057,tensor(0.0526),tensor(0.0348),tensor(0.0804)
9058,9058,tensor(0.0526),tensor(0.0348),tensor(0.0804)
9059,9059,tensor(0.0526),tensor(0.0348),tensor(0.0804)
9060,9060,tensor(0.0526),tensor(0.0348),tensor(0.0804)
9061,9061,tensor(0.0526),tensor(0.0348),tensor(0.0804)
9062,9062,tensor(0.0526),tensor(0.0348),tensor(0.0804)
9063,9063,tensor(0.0526),tensor(0.0348),tensor(0.0804)
9064,9064,tensor(0.0526),tensor(0.0348),tensor(0.0804)
9065,9065,tensor(0.0526),tensor(0.0348),tensor(0.0804)
9066,9066,tensor(0.0526),tensor(0.0348),tensor(0.0804)
9067,9067,tensor(0.0526),tensor(0.0348),tensor(0.0804)
9068,9068,tensor(0.0526),tensor(0.0348),tensor(0.0804)
9069,9069,tensor(0.0526),tensor(0.0348),tensor(0.0804)
9070,9070,tensor(0.0526),tensor(0.0348),tensor(0.0804)
9071,9071,tensor(0.0526),tensor(0.0348),tensor(0.0804)
9072,9072,tensor(0.0526),tensor(0.0348),tensor(0.0804)
9073,9073,tensor(0.0526),tensor(0.0348),tensor(0.0804)
9074,9074,tensor(0.0526),tensor(0.0348),tensor(0.0804)
9075,9075,tensor(0.0526),tensor(0.0348),tensor(0.0804)
9076,9076,tensor(0.0526),tensor(0.0348),tensor(0.0804)
9077,9077,tensor(0.0526),tensor(0.0348),tensor(0.0804)
9078,9078,tensor(0.0526),tensor(0.0348),tensor(0.0804)
9079,9079,tensor(0.0526),tensor(0.0348),tensor(0.0804)
9080,9080,tensor(0.0526),tensor(0.0348),tensor(0.0804)
9081,9081,tensor(0.0526),tensor(0.0348),tensor(0.0804)
9082,9082,tensor(0.0526),tensor(0.0348),tensor(0.0804)
9083,9083,tensor(0.0526),tensor(0.0348),tensor(0.0804)
9084,9084,tensor(0.0526),tensor(0.0348),tensor(0.0804)
9085,9085,tensor(0.0526),tensor(0.0348),tensor(0.0804)
9086,9086,tensor(0.0526),tensor(0.0348),tensor(0.0804)
9087,9087,tensor(0.0526),tensor(0.0348),tensor(0.0804)
9088,9088,tensor(0.0526),tensor(0.0348),tensor(0.0804)
9089,9089,tensor(0.0526),tensor(0.0348),tensor(0.0804)
9090,9090,tensor(0.0526),tensor(0.0348),tensor(0.0804)
9091,9091,tensor(0.0526),tensor(0.0348),tensor(0.0804)
9092,9092,tensor(0.0526),tensor(0.0348),tensor(0.0804)
9093,9093,tensor(0.0526),tensor(0.0348),tensor(0.0804)
9094,9094,tensor(0.0526),tensor(0.0348),tensor(0.0804)
9095,9095,tensor(0.0526),tensor(0.0348),tensor(0.0804)
9096,9096,tensor(0.0526),tensor(0.0348),tensor(0.0804)
9097,9097,tensor(0.0526),tensor(0.0348),tensor(0.0804)
9098,9098,tensor(0.0526),tensor(0.0348),tensor(0.0804)
9099,9099,tensor(0.0526),tensor(0.0348),tensor(0.0804)
9100,9100,tensor(0.0526),tensor(0.0348),tensor(0.0804)
9101,9101,tensor(0.0526),tensor(0.0348),tensor(0.0804)
9102,9102,tensor(0.0526),tensor(0.0348),tensor(0.0804)
9103,9103,tensor(0.0526),tensor(0.0348),tensor(0.0804)
9104,9104,tensor(0.0526),tensor(0.0348),tensor(0.0804)
9105,9105,tensor(0.0526),tensor(0.0348),tensor(0.0804)
9106,9106,tensor(0.0526),tensor(0.0348),tensor(0.0804)
9107,9107,tensor(0.0526),tensor(0.0348),tensor(0.0804)
9108,9108,tensor(0.0526),tensor(0.0348),tensor(0.0804)
9109,9109,tensor(0.0526),tensor(0.0348),tensor(0.0804)
9110,9110,tensor(0.0526),tensor(0.0348),tensor(0.0804)
9111,9111,tensor(0.0526),tensor(0.0348),tensor(0.0804)
9112,9112,tensor(0.0526),tensor(0.0348),tensor(0.0804)
9113,9113,tensor(0.0526),tensor(0.0348),tensor(0.0804)
9114,9114,tensor(0.0526),tensor(0.0348),tensor(0.0804)
9115,9115,tensor(0.0526),tensor(0.0348),tensor(0.0804)
9116,9116,tensor(0.0526),tensor(0.0348),tensor(0.0804)
9117,9117,tensor(0.0526),tensor(0.0348),tensor(0.0804)
9118,9118,tensor(0.0526),tensor(0.0348),tensor(0.0804)
9119,9119,tensor(0.0526),tensor(0.0348),tensor(0.0804)
9120,9120,tensor(0.0526),tensor(0.0348),tensor(0.0804)
9121,9121,tensor(0.0526),tensor(0.0348),tensor(0.0804)
9122,9122,tensor(0.0526),tensor(0.0348),tensor(0.0804)
9123,9123,tensor(0.0526),tensor(0.0348),tensor(0.0804)
9124,9124,tensor(0.0526),tensor(0.0348),tensor(0.0804)
9125,9125,tensor(0.0526),tensor(0.0348),tensor(0.0804)
9126,9126,tensor(0.0526),tensor(0.0348),tensor(0.0804)
9127,9127,tensor(0.0526),tensor(0.0348),tensor(0.0804)
9128,9128,tensor(0.0526),tensor(0.0348),tensor(0.0804)
9129,9129,tensor(0.0526),tensor(0.0348),tensor(0.0804)
9130,9130,tensor(0.0526),tensor(0.0348),tensor(0.0804)
9131,9131,tensor(0.0526),tensor(0.0348),tensor(0.0804)
9132,9132,tensor(0.0526),tensor(0.0348),tensor(0.0804)
9133,9133,tensor(0.0526),tensor(0.0348),tensor(0.0804)
9134,9134,tensor(0.0526),tensor(0.0348),tensor(0.0804)
9135,9135,tensor(0.0526),tensor(0.0348),tensor(0.0804)
9136,9136,tensor(0.0526),tensor(0.0348),tensor(0.0804)
9137,9137,tensor(0.0526),tensor(0.0348),tensor(0.0804)
9138,9138,tensor(0.0526),tensor(0.0348),tensor(0.0804)
9139,9139,tensor(0.0526),tensor(0.0348),tensor(0.0804)
9140,9140,tensor(0.0526),tensor(0.0348),tensor(0.0804)
9141,9141,tensor(0.0526),tensor(0.0348),tensor(0.0804)
9142,9142,tensor(0.0526),tensor(0.0348),tensor(0.0804)
9143,9143,tensor(0.0526),tensor(0.0348),tensor(0.0804)
9144,9144,tensor(0.0526),tensor(0.0348),tensor(0.0804)
9145,9145,tensor(0.0526),tensor(0.0348),tensor(0.0804)
9146,9146,tensor(0.0526),tensor(0.0348),tensor(0.0804)
9147,9147,tensor(0.0526),tensor(0.0348),tensor(0.0804)
9148,9148,tensor(0.0526),tensor(0.0348),tensor(0.0804)
9149,9149,tensor(0.0526),tensor(0.0348),tensor(0.0804)
9150,9150,tensor(0.0526),tensor(0.0348),tensor(0.0804)
9151,9151,tensor(0.0526),tensor(0.0348),tensor(0.0804)
9152,9152,tensor(0.0526),tensor(0.0348),tensor(0.0804)
9153,9153,tensor(0.0526),tensor(0.0348),tensor(0.0804)
9154,9154,tensor(0.0526),tensor(0.0348),tensor(0.0804)
9155,9155,tensor(0.0526),tensor(0.0348),tensor(0.0804)
9156,9156,tensor(0.0526),tensor(0.0348),tensor(0.0804)
9157,9157,tensor(0.0526),tensor(0.0348),tensor(0.0804)
9158,9158,tensor(0.0526),tensor(0.0348),tensor(0.0804)
9159,9159,tensor(0.0526),tensor(0.0348),tensor(0.0804)
9160,9160,tensor(0.0526),tensor(0.0348),tensor(0.0804)
9161,9161,tensor(0.0526),tensor(0.0348),tensor(0.0804)
9162,9162,tensor(0.0526),tensor(0.0348),tensor(0.0804)
9163,9163,tensor(0.0526),tensor(0.0348),tensor(0.0804)
9164,9164,tensor(0.0526),tensor(0.0348),tensor(0.0804)
9165,9165,tensor(0.0526),tensor(0.0348),tensor(0.0804)
9166,9166,tensor(0.0526),tensor(0.0348),tensor(0.0804)
9167,9167,tensor(0.0526),tensor(0.0348),tensor(0.0804)
9168,9168,tensor(0.0526),tensor(0.0348),tensor(0.0804)
9169,9169,tensor(0.0526),tensor(0.0348),tensor(0.0804)
9170,9170,tensor(0.0526),tensor(0.0348),tensor(0.0804)
9171,9171,tensor(0.0526),tensor(0.0348),tensor(0.0804)
9172,9172,tensor(0.0526),tensor(0.0348),tensor(0.0804)
9173,9173,tensor(0.0526),tensor(0.0348),tensor(0.0804)
9174,9174,tensor(0.0526),tensor(0.0348),tensor(0.0804)
9175,9175,tensor(0.0526),tensor(0.0348),tensor(0.0804)
9176,9176,tensor(0.0526),tensor(0.0348),tensor(0.0804)
9177,9177,tensor(0.0526),tensor(0.0348),tensor(0.0804)
9178,9178,tensor(0.0526),tensor(0.0348),tensor(0.0804)
9179,9179,tensor(0.0526),tensor(0.0348),tensor(0.0804)
9180,9180,tensor(0.0526),tensor(0.0348),tensor(0.0804)
9181,9181,tensor(0.0526),tensor(0.0348),tensor(0.0804)
9182,9182,tensor(0.0526),tensor(0.0348),tensor(0.0804)
9183,9183,tensor(0.0526),tensor(0.0348),tensor(0.0804)
9184,9184,tensor(0.0526),tensor(0.0348),tensor(0.0804)
9185,9185,tensor(0.0526),tensor(0.0348),tensor(0.0804)
9186,9186,tensor(0.0526),tensor(0.0348),tensor(0.0804)
9187,9187,tensor(0.0526),tensor(0.0348),tensor(0.0804)
9188,9188,tensor(0.0526),tensor(0.0348),tensor(0.0804)
9189,9189,tensor(0.0526),tensor(0.0348),tensor(0.0804)
9190,9190,tensor(0.0526),tensor(0.0348),tensor(0.0804)
9191,9191,tensor(0.0526),tensor(0.0348),tensor(0.0804)
9192,9192,tensor(0.0526),tensor(0.0348),tensor(0.0804)
9193,9193,tensor(0.0526),tensor(0.0348),tensor(0.0804)
9194,9194,tensor(0.0526),tensor(0.0348),tensor(0.0804)
9195,9195,tensor(0.0526),tensor(0.0348),tensor(0.0804)
9196,9196,tensor(0.0526),tensor(0.0348),tensor(0.0804)
9197,9197,tensor(0.0526),tensor(0.0348),tensor(0.0804)
9198,9198,tensor(0.0526),tensor(0.0348),tensor(0.0804)
9199,9199,tensor(0.0526),tensor(0.0348),tensor(0.0804)
9200,9200,tensor(0.0526),tensor(0.0348),tensor(0.0804)
9201,9201,tensor(0.0526),tensor(0.0348),tensor(0.0804)
9202,9202,tensor(0.0526),tensor(0.0348),tensor(0.0804)
9203,9203,tensor(0.0526),tensor(0.0348),tensor(0.0804)
9204,9204,tensor(0.0526),tensor(0.0348),tensor(0.0804)
9205,9205,tensor(0.0526),tensor(0.0348),tensor(0.0804)
9206,9206,tensor(0.0526),tensor(0.0348),tensor(0.0804)
9207,9207,tensor(0.0526),tensor(0.0348),tensor(0.0804)
9208,9208,tensor(0.0526),tensor(0.0348),tensor(0.0804)
9209,9209,tensor(0.0526),tensor(0.0348),tensor(0.0804)
9210,9210,tensor(0.0526),tensor(0.0348),tensor(0.0804)
9211,9211,tensor(0.0526),tensor(0.0348),tensor(0.0804)
9212,9212,tensor(0.0526),tensor(0.0348),tensor(0.0804)
9213,9213,tensor(0.0526),tensor(0.0348),tensor(0.0804)
9214,9214,tensor(0.0526),tensor(0.0348),tensor(0.0804)
9215,9215,tensor(0.0526),tensor(0.0348),tensor(0.0804)
9216,9216,tensor(0.0526),tensor(0.0348),tensor(0.0804)
9217,9217,tensor(0.0526),tensor(0.0348),tensor(0.0804)
9218,9218,tensor(0.0526),tensor(0.0348),tensor(0.0804)
9219,9219,tensor(0.0526),tensor(0.0348),tensor(0.0804)
9220,9220,tensor(0.0526),tensor(0.0348),tensor(0.0804)
9221,9221,tensor(0.0526),tensor(0.0348),tensor(0.0804)
9222,9222,tensor(0.0526),tensor(0.0348),tensor(0.0804)
9223,9223,tensor(0.0526),tensor(0.0348),tensor(0.0804)
9224,9224,tensor(0.0526),tensor(0.0348),tensor(0.0804)
9225,9225,tensor(0.0526),tensor(0.0348),tensor(0.0804)
9226,9226,tensor(0.0526),tensor(0.0348),tensor(0.0804)
9227,9227,tensor(0.0526),tensor(0.0348),tensor(0.0804)
9228,9228,tensor(0.0526),tensor(0.0348),tensor(0.0804)
9229,9229,tensor(0.0526),tensor(0.0348),tensor(0.0804)
9230,9230,tensor(0.0526),tensor(0.0348),tensor(0.0804)
9231,9231,tensor(0.0526),tensor(0.0348),tensor(0.0804)
9232,9232,tensor(0.0526),tensor(0.0348),tensor(0.0804)
9233,9233,tensor(0.0526),tensor(0.0348),tensor(0.0804)
9234,9234,tensor(0.0526),tensor(0.0348),tensor(0.0804)
9235,9235,tensor(0.0526),tensor(0.0348),tensor(0.0804)
9236,9236,tensor(0.0526),tensor(0.0348),tensor(0.0804)
9237,9237,tensor(0.0526),tensor(0.0348),tensor(0.0804)
9238,9238,tensor(0.0526),tensor(0.0348),tensor(0.0804)
9239,9239,tensor(0.0526),tensor(0.0348),tensor(0.0804)
9240,9240,tensor(0.0526),tensor(0.0348),tensor(0.0804)
9241,9241,tensor(0.0526),tensor(0.0348),tensor(0.0804)
9242,9242,tensor(0.0526),tensor(0.0348),tensor(0.0804)
9243,9243,tensor(0.0526),tensor(0.0348),tensor(0.0804)
9244,9244,tensor(0.0526),tensor(0.0348),tensor(0.0804)
9245,9245,tensor(0.0526),tensor(0.0348),tensor(0.0804)
9246,9246,tensor(0.0526),tensor(0.0348),tensor(0.0804)
9247,9247,tensor(0.0526),tensor(0.0348),tensor(0.0804)
9248,9248,tensor(0.0526),tensor(0.0348),tensor(0.0804)
9249,9249,tensor(0.0526),tensor(0.0348),tensor(0.0804)
9250,9250,tensor(0.0526),tensor(0.0348),tensor(0.0804)
9251,9251,tensor(0.0526),tensor(0.0348),tensor(0.0804)
9252,9252,tensor(0.0526),tensor(0.0348),tensor(0.0804)
9253,9253,tensor(0.0526),tensor(0.0348),tensor(0.0804)
9254,9254,tensor(0.0526),tensor(0.0348),tensor(0.0804)
9255,9255,tensor(0.0526),tensor(0.0348),tensor(0.0804)
9256,9256,tensor(0.0526),tensor(0.0348),tensor(0.0804)
9257,9257,tensor(0.0526),tensor(0.0348),tensor(0.0804)
9258,9258,tensor(0.0526),tensor(0.0348),tensor(0.0804)
9259,9259,tensor(0.0526),tensor(0.0348),tensor(0.0804)
9260,9260,tensor(0.0526),tensor(0.0348),tensor(0.0804)
9261,9261,tensor(0.0526),tensor(0.0348),tensor(0.0804)
9262,9262,tensor(0.0526),tensor(0.0348),tensor(0.0804)
9263,9263,tensor(0.0526),tensor(0.0348),tensor(0.0804)
9264,9264,tensor(0.0526),tensor(0.0348),tensor(0.0804)
9265,9265,tensor(0.0526),tensor(0.0348),tensor(0.0804)
9266,9266,tensor(0.0526),tensor(0.0348),tensor(0.0804)
9267,9267,tensor(0.0526),tensor(0.0348),tensor(0.0804)
9268,9268,tensor(0.0526),tensor(0.0348),tensor(0.0804)
9269,9269,tensor(0.0526),tensor(0.0348),tensor(0.0804)
9270,9270,tensor(0.0526),tensor(0.0348),tensor(0.0804)
9271,9271,tensor(0.0526),tensor(0.0348),tensor(0.0804)
9272,9272,tensor(0.0526),tensor(0.0348),tensor(0.0804)
9273,9273,tensor(0.0526),tensor(0.0348),tensor(0.0804)
9274,9274,tensor(0.0526),tensor(0.0348),tensor(0.0804)
9275,9275,tensor(0.0526),tensor(0.0348),tensor(0.0804)
9276,9276,tensor(0.0526),tensor(0.0348),tensor(0.0804)
9277,9277,tensor(0.0526),tensor(0.0348),tensor(0.0804)
9278,9278,tensor(0.0526),tensor(0.0348),tensor(0.0804)
9279,9279,tensor(0.0526),tensor(0.0348),tensor(0.0804)
9280,9280,tensor(0.0526),tensor(0.0348),tensor(0.0804)
9281,9281,tensor(0.0526),tensor(0.0348),tensor(0.0804)
9282,9282,tensor(0.0526),tensor(0.0348),tensor(0.0804)
9283,9283,tensor(0.0526),tensor(0.0348),tensor(0.0804)
9284,9284,tensor(0.0526),tensor(0.0348),tensor(0.0804)
9285,9285,tensor(0.0526),tensor(0.0348),tensor(0.0804)
9286,9286,tensor(0.0526),tensor(0.0348),tensor(0.0804)
9287,9287,tensor(0.0526),tensor(0.0348),tensor(0.0804)
9288,9288,tensor(0.0526),tensor(0.0348),tensor(0.0804)
9289,9289,tensor(0.0526),tensor(0.0348),tensor(0.0804)
