a: 3.618926276483405
b: 6.12536671998655
c: 7
d: 0
