a: 6.317282541060819
b: 8.096030098627166
c: 8
d: 1
model_name: my_model_2
