a: 4.747844309018195
b: 6.680137468745356
c: 8
d: -2
model_name: super_model_1
