a: 5.068630675732754
b: 5.454160847168395
c: 4
d: -3
