a: 7.2420367396534715
b: 8.36204443936144
c: 7
d: 3
