a: 7.181959111648867
b: 5.9998530934899135
c: 5
d: 1
model_name: super_model
