a: 6.313767792104464
b: 7.09512889842499
c: 7
d: 0
