a: 5.831314172023486
b: 6.430081685524487
c: 0
d: -3
