a: 6.098825679925302
b: 7.2584006808679575
c: 3
d: 3
