a: 3.12269410032581
b: 6.3588210880897895
c: 3
d: -5
model_name: super_model_1
