a: 5.267527418504371
b: 7.723806619117165
c: 4
d: 3
model_name: my_model_2
