a: 2.5057372086872647
b: 7.810544294997745
c: 1
d: -5
