a: 2.4642632693762683
b: 5.859838957801713
c: 6
d: -1
