a: 7.491380368891873
b: 6.490174261936774
c: 0
d: -1
