a: 5.34730964012616
b: 6.802889841309203
c: 4
d: -3
model_name: my_model_2
