a: 8.252606036494502
b: 7.914046934728432
c: 3
d: 3
