a: 5.880462648276359
b: 7.16776286527913
c: 9
d: 3
