a: 6.844542248759339
b: 6.832890134161252
c: 9
d: -3
