a: 3.9671790693580538
b: 5.782815265913066
c: 0
d: -1
model_name: my_model_2
