a: 6.301759060725302
b: 7.840582114533215
c: 1
d: -2
model_name: super_model
