a: 2.5427404182213045
b: 4.4803570469963425
c: 6
d: -5
