a: 5.349863117155963
b: 6.096809513345217
c: 5
d: 1
