a: 7.394578904312864
b: 7.474019517802371
c: 4
d: 3
model_name: my_model_2
