a: 6.429971873589857
b: 7.07115709842918
c: 0
d: -2
