a: 4.07438359015113
b: 6.322929996009591
c: 6
d: 1
model_name: super_model_1
