,epoch,train_loss,train_mae,val_mae
0,0,tensor(2.9693),tensor(1.7077),tensor(1.7151)
1,1,tensor(2.9633),tensor(1.7052),tensor(1.7127)
2,2,tensor(2.9547),tensor(1.7022),tensor(1.7097)
3,3,tensor(2.9444),tensor(1.6989),tensor(1.7063)
4,4,tensor(2.9329),tensor(1.6952),tensor(1.7027)
5,5,tensor(2.9204),tensor(1.6914),tensor(1.6989)
6,6,tensor(2.9073),tensor(1.6874),tensor(1.6949)
7,7,tensor(2.8937),tensor(1.6833),tensor(1.6909)
8,8,tensor(2.8797),tensor(1.6791),tensor(1.6867)
9,9,tensor(2.8654),tensor(1.6749),tensor(1.6824)
10,10,tensor(2.8510),tensor(1.6706),tensor(1.6782)
11,11,tensor(2.8365),tensor(1.6662),tensor(1.6739)
12,12,tensor(2.8219),tensor(1.6619),tensor(1.6696)
13,13,tensor(2.8072),tensor(1.6575),tensor(1.6652)
14,14,tensor(2.7926),tensor(1.6532),tensor(1.6609)
15,15,tensor(2.7781),tensor(1.6488),tensor(1.6566)
16,16,tensor(2.7636),tensor(1.6445),tensor(1.6523)
17,17,tensor(2.7493),tensor(1.6402),tensor(1.6481)
18,18,tensor(2.7350),tensor(1.6359),tensor(1.6438)
19,19,tensor(2.7209),tensor(1.6317),tensor(1.6396)
20,20,tensor(2.7068),tensor(1.6275),tensor(1.6354)
21,21,tensor(2.6929),tensor(1.6233),tensor(1.6312)
22,22,tensor(2.6791),tensor(1.6191),tensor(1.6271)
23,23,tensor(2.6655),tensor(1.6149),tensor(1.6230)
24,24,tensor(2.6520),tensor(1.6108),tensor(1.6189)
25,25,tensor(2.6386),tensor(1.6067),tensor(1.6148)
26,26,tensor(2.6253),tensor(1.6027),tensor(1.6108)
27,27,tensor(2.6122),tensor(1.5986),tensor(1.6068)
28,28,tensor(2.5992),tensor(1.5946),tensor(1.6028)
29,29,tensor(2.5863),tensor(1.5906),tensor(1.5989)
30,30,tensor(2.5735),tensor(1.5867),tensor(1.5949)
31,31,tensor(2.5609),tensor(1.5827),tensor(1.5910)
32,32,tensor(2.5483),tensor(1.5788),tensor(1.5872)
33,33,tensor(2.5359),tensor(1.5749),tensor(1.5833)
34,34,tensor(2.5236),tensor(1.5711),tensor(1.5795)
35,35,tensor(2.5114),tensor(1.5673),tensor(1.5757)
36,36,tensor(2.4993),tensor(1.5634),tensor(1.5719)
37,37,tensor(2.4874),tensor(1.5596),tensor(1.5681)
38,38,tensor(2.4755),tensor(1.5559),tensor(1.5644)
39,39,tensor(2.4637),tensor(1.5521),tensor(1.5607)
40,40,tensor(2.4520),tensor(1.5484),tensor(1.5569)
41,41,tensor(2.4404),tensor(1.5447),tensor(1.5533)
42,42,tensor(2.4289),tensor(1.5410),tensor(1.5496)
43,43,tensor(2.4175),tensor(1.5373),tensor(1.5459)
44,44,tensor(2.4061),tensor(1.5337),tensor(1.5423)
45,45,tensor(2.3949),tensor(1.5300),tensor(1.5387)
46,46,tensor(2.3838),tensor(1.5264),tensor(1.5351)
47,47,tensor(2.3727),tensor(1.5228),tensor(1.5315)
48,48,tensor(2.3617),tensor(1.5192),tensor(1.5280)
49,49,tensor(2.3508),tensor(1.5156),tensor(1.5244)
50,50,tensor(2.3399),tensor(1.5121),tensor(1.5209)
51,51,tensor(2.3292),tensor(1.5085),tensor(1.5174)
52,52,tensor(2.3185),tensor(1.5050),tensor(1.5139)
53,53,tensor(2.3079),tensor(1.5015),tensor(1.5104)
54,54,tensor(2.2973),tensor(1.4980),tensor(1.5069)
55,55,tensor(2.2868),tensor(1.4945),tensor(1.5034)
56,56,tensor(2.2764),tensor(1.4911),tensor(1.5000)
57,57,tensor(2.2661),tensor(1.4876),tensor(1.4965)
58,58,tensor(2.2558),tensor(1.4842),tensor(1.4931)
59,59,tensor(2.2456),tensor(1.4807),tensor(1.4897)
60,60,tensor(2.2354),tensor(1.4773),tensor(1.4863)
61,61,tensor(2.2253),tensor(1.4739),tensor(1.4829)
62,62,tensor(2.2153),tensor(1.4705),tensor(1.4795)
63,63,tensor(2.2053),tensor(1.4671),tensor(1.4762)
64,64,tensor(2.1954),tensor(1.4637),tensor(1.4728)
65,65,tensor(2.1855),tensor(1.4604),tensor(1.4694)
66,66,tensor(2.1757),tensor(1.4570),tensor(1.4661)
67,67,tensor(2.1660),tensor(1.4537),tensor(1.4628)
68,68,tensor(2.1563),tensor(1.4504),tensor(1.4595)
69,69,tensor(2.1467),tensor(1.4470),tensor(1.4562)
70,70,tensor(2.1371),tensor(1.4437),tensor(1.4529)
71,71,tensor(2.1275),tensor(1.4404),tensor(1.4496)
72,72,tensor(2.1181),tensor(1.4371),tensor(1.4463)
73,73,tensor(2.1086),tensor(1.4338),tensor(1.4430)
74,74,tensor(2.0992),tensor(1.4306),tensor(1.4398)
75,75,tensor(2.0899),tensor(1.4273),tensor(1.4365)
76,76,tensor(2.0806),tensor(1.4241),tensor(1.4333)
77,77,tensor(2.0714),tensor(1.4208),tensor(1.4300)
78,78,tensor(2.0622),tensor(1.4176),tensor(1.4268)
79,79,tensor(2.0530),tensor(1.4143),tensor(1.4236)
80,80,tensor(2.0439),tensor(1.4111),tensor(1.4204)
81,81,tensor(2.0349),tensor(1.4079),tensor(1.4172)
82,82,tensor(2.0259),tensor(1.4047),tensor(1.4140)
83,83,tensor(2.0169),tensor(1.4015),tensor(1.4108)
84,84,tensor(2.0080),tensor(1.3983),tensor(1.4076)
85,85,tensor(1.9991),tensor(1.3951),tensor(1.4044)
86,86,tensor(1.9902),tensor(1.3919),tensor(1.4012)
87,87,tensor(1.9814),tensor(1.3888),tensor(1.3981)
88,88,tensor(1.9727),tensor(1.3856),tensor(1.3949)
89,89,tensor(1.9640),tensor(1.3824),tensor(1.3918)
90,90,tensor(1.9553),tensor(1.3793),tensor(1.3886)
91,91,tensor(1.9467),tensor(1.3762),tensor(1.3855)
92,92,tensor(1.9381),tensor(1.3730),tensor(1.3824)
93,93,tensor(1.9295),tensor(1.3699),tensor(1.3793)
94,94,tensor(1.9210),tensor(1.3668),tensor(1.3762)
95,95,tensor(1.9125),tensor(1.3637),tensor(1.3730)
96,96,tensor(1.9041),tensor(1.3605),tensor(1.3699)
97,97,tensor(1.8957),tensor(1.3574),tensor(1.3668)
98,98,tensor(1.8873),tensor(1.3543),tensor(1.3638)
99,99,tensor(1.8790),tensor(1.3513),tensor(1.3607)
100,100,tensor(1.8707),tensor(1.3482),tensor(1.3576)
101,101,tensor(1.8624),tensor(1.3451),tensor(1.3545)
102,102,tensor(1.8542),tensor(1.3420),tensor(1.3515)
103,103,tensor(1.8460),tensor(1.3390),tensor(1.3484)
104,104,tensor(1.8379),tensor(1.3359),tensor(1.3454)
105,105,tensor(1.8298),tensor(1.3329),tensor(1.3423)
106,106,tensor(1.8217),tensor(1.3298),tensor(1.3393)
107,107,tensor(1.8137),tensor(1.3268),tensor(1.3362)
108,108,tensor(1.8057),tensor(1.3237),tensor(1.3332)
109,109,tensor(1.7977),tensor(1.3207),tensor(1.3302)
110,110,tensor(1.7898),tensor(1.3177),tensor(1.3272)
111,111,tensor(1.7818),tensor(1.3147),tensor(1.3241)
112,112,tensor(1.7740),tensor(1.3116),tensor(1.3211)
113,113,tensor(1.7661),tensor(1.3086),tensor(1.3181)
114,114,tensor(1.7583),tensor(1.3056),tensor(1.3151)
115,115,tensor(1.7506),tensor(1.3026),tensor(1.3122)
116,116,tensor(1.7428),tensor(1.2997),tensor(1.3092)
117,117,tensor(1.7351),tensor(1.2967),tensor(1.3062)
118,118,tensor(1.7275),tensor(1.2937),tensor(1.3032)
119,119,tensor(1.7198),tensor(1.2907),tensor(1.3002)
120,120,tensor(1.7122),tensor(1.2877),tensor(1.2973)
121,121,tensor(1.7046),tensor(1.2848),tensor(1.2943)
122,122,tensor(1.6971),tensor(1.2818),tensor(1.2914)
123,123,tensor(1.6896),tensor(1.2789),tensor(1.2884)
124,124,tensor(1.6821),tensor(1.2759),tensor(1.2855)
125,125,tensor(1.6747),tensor(1.2730),tensor(1.2825)
126,126,tensor(1.6672),tensor(1.2700),tensor(1.2796)
127,127,tensor(1.6599),tensor(1.2671),tensor(1.2767)
128,128,tensor(1.6525),tensor(1.2642),tensor(1.2737)
129,129,tensor(1.6452),tensor(1.2613),tensor(1.2708)
130,130,tensor(1.6379),tensor(1.2583),tensor(1.2679)
131,131,tensor(1.6306),tensor(1.2554),tensor(1.2650)
132,132,tensor(1.6234),tensor(1.2525),tensor(1.2621)
133,133,tensor(1.6162),tensor(1.2496),tensor(1.2592)
134,134,tensor(1.6090),tensor(1.2467),tensor(1.2563)
135,135,tensor(1.6019),tensor(1.2438),tensor(1.2534)
136,136,tensor(1.5947),tensor(1.2409),tensor(1.2505)
137,137,tensor(1.5877),tensor(1.2381),tensor(1.2477)
138,138,tensor(1.5806),tensor(1.2352),tensor(1.2448)
139,139,tensor(1.5736),tensor(1.2323),tensor(1.2419)
140,140,tensor(1.5666),tensor(1.2294),tensor(1.2390)
141,141,tensor(1.5596),tensor(1.2266),tensor(1.2362)
142,142,tensor(1.5527),tensor(1.2237),tensor(1.2333)
143,143,tensor(1.5458),tensor(1.2209),tensor(1.2305)
144,144,tensor(1.5389),tensor(1.2180),tensor(1.2276)
145,145,tensor(1.5320),tensor(1.2152),tensor(1.2248)
146,146,tensor(1.5252),tensor(1.2123),tensor(1.2220)
147,147,tensor(1.5184),tensor(1.2095),tensor(1.2191)
148,148,tensor(1.5116),tensor(1.2067),tensor(1.2163)
149,149,tensor(1.5049),tensor(1.2039),tensor(1.2135)
150,150,tensor(1.4982),tensor(1.2010),tensor(1.2107)
151,151,tensor(1.4915),tensor(1.1982),tensor(1.2079)
152,152,tensor(1.4848),tensor(1.1954),tensor(1.2050)
153,153,tensor(1.4782),tensor(1.1926),tensor(1.2022)
154,154,tensor(1.4716),tensor(1.1898),tensor(1.1994)
155,155,tensor(1.4650),tensor(1.1870),tensor(1.1966)
156,156,tensor(1.4585),tensor(1.1842),tensor(1.1939)
157,157,tensor(1.4519),tensor(1.1814),tensor(1.1911)
158,158,tensor(1.4454),tensor(1.1787),tensor(1.1883)
159,159,tensor(1.4390),tensor(1.1759),tensor(1.1855)
160,160,tensor(1.4325),tensor(1.1731),tensor(1.1828)
161,161,tensor(1.4261),tensor(1.1703),tensor(1.1800)
162,162,tensor(1.4197),tensor(1.1676),tensor(1.1772)
163,163,tensor(1.4134),tensor(1.1648),tensor(1.1745)
164,164,tensor(1.4070),tensor(1.1621),tensor(1.1717)
165,165,tensor(1.4007),tensor(1.1593),tensor(1.1690)
166,166,tensor(1.3944),tensor(1.1566),tensor(1.1662)
167,167,tensor(1.3882),tensor(1.1538),tensor(1.1635)
168,168,tensor(1.3819),tensor(1.1511),tensor(1.1608)
169,169,tensor(1.3757),tensor(1.1484),tensor(1.1580)
170,170,tensor(1.3695),tensor(1.1456),tensor(1.1553)
171,171,tensor(1.3634),tensor(1.1429),tensor(1.1526)
172,172,tensor(1.3573),tensor(1.1402),tensor(1.1499)
173,173,tensor(1.3512),tensor(1.1375),tensor(1.1472)
174,174,tensor(1.3451),tensor(1.1348),tensor(1.1445)
175,175,tensor(1.3390),tensor(1.1321),tensor(1.1417)
176,176,tensor(1.3330),tensor(1.1294),tensor(1.1391)
177,177,tensor(1.3270),tensor(1.1267),tensor(1.1364)
178,178,tensor(1.3210),tensor(1.1240),tensor(1.1337)
179,179,tensor(1.3151),tensor(1.1213),tensor(1.1310)
180,180,tensor(1.3091),tensor(1.1186),tensor(1.1283)
181,181,tensor(1.3032),tensor(1.1160),tensor(1.1256)
182,182,tensor(1.2973),tensor(1.1133),tensor(1.1230)
183,183,tensor(1.2915),tensor(1.1106),tensor(1.1203)
184,184,tensor(1.2857),tensor(1.1080),tensor(1.1176)
185,185,tensor(1.2799),tensor(1.1053),tensor(1.1150)
186,186,tensor(1.2741),tensor(1.1026),tensor(1.1123)
187,187,tensor(1.2683),tensor(1.1000),tensor(1.1097)
188,188,tensor(1.2626),tensor(1.0974),tensor(1.1070)
189,189,tensor(1.2569),tensor(1.0947),tensor(1.1044)
190,190,tensor(1.2512),tensor(1.0921),tensor(1.1018)
191,191,tensor(1.2455),tensor(1.0894),tensor(1.0991)
192,192,tensor(1.2399),tensor(1.0868),tensor(1.0965)
193,193,tensor(1.2343),tensor(1.0842),tensor(1.0939)
194,194,tensor(1.2287),tensor(1.0816),tensor(1.0913)
195,195,tensor(1.2231),tensor(1.0790),tensor(1.0887)
196,196,tensor(1.2176),tensor(1.0764),tensor(1.0861)
197,197,tensor(1.2121),tensor(1.0738),tensor(1.0835)
198,198,tensor(1.2066),tensor(1.0712),tensor(1.0809)
199,199,tensor(1.2011),tensor(1.0686),tensor(1.0783)
200,200,tensor(1.1957),tensor(1.0660),tensor(1.0757)
201,201,tensor(1.1902),tensor(1.0634),tensor(1.0731)
202,202,tensor(1.1848),tensor(1.0608),tensor(1.0705)
203,203,tensor(1.1794),tensor(1.0582),tensor(1.0680)
204,204,tensor(1.1741),tensor(1.0557),tensor(1.0654)
205,205,tensor(1.1688),tensor(1.0531),tensor(1.0628)
206,206,tensor(1.1634),tensor(1.0505),tensor(1.0603)
207,207,tensor(1.1582),tensor(1.0480),tensor(1.0577)
208,208,tensor(1.1529),tensor(1.0454),tensor(1.0551)
209,209,tensor(1.1477),tensor(1.0429),tensor(1.0526)
210,210,tensor(1.1424),tensor(1.0403),tensor(1.0501)
211,211,tensor(1.1372),tensor(1.0378),tensor(1.0475)
212,212,tensor(1.1321),tensor(1.0353),tensor(1.0450)
213,213,tensor(1.1269),tensor(1.0327),tensor(1.0424)
214,214,tensor(1.1218),tensor(1.0302),tensor(1.0399)
215,215,tensor(1.1167),tensor(1.0277),tensor(1.0374)
216,216,tensor(1.1116),tensor(1.0252),tensor(1.0349)
217,217,tensor(1.1065),tensor(1.0226),tensor(1.0324)
218,218,tensor(1.1015),tensor(1.0201),tensor(1.0299)
219,219,tensor(1.0964),tensor(1.0176),tensor(1.0274)
220,220,tensor(1.0914),tensor(1.0151),tensor(1.0249)
221,221,tensor(1.0865),tensor(1.0126),tensor(1.0224)
222,222,tensor(1.0815),tensor(1.0101),tensor(1.0199)
223,223,tensor(1.0766),tensor(1.0077),tensor(1.0174)
224,224,tensor(1.0717),tensor(1.0052),tensor(1.0149)
225,225,tensor(1.0668),tensor(1.0027),tensor(1.0124)
226,226,tensor(1.0619),tensor(1.0002),tensor(1.0100)
227,227,tensor(1.0570),tensor(0.9978),tensor(1.0075)
228,228,tensor(1.0522),tensor(0.9953),tensor(1.0050)
229,229,tensor(1.0474),tensor(0.9928),tensor(1.0026)
230,230,tensor(1.0426),tensor(0.9904),tensor(1.0001)
231,231,tensor(1.0379),tensor(0.9879),tensor(0.9977)
232,232,tensor(1.0331),tensor(0.9855),tensor(0.9952)
233,233,tensor(1.0284),tensor(0.9830),tensor(0.9928)
234,234,tensor(1.0237),tensor(0.9806),tensor(0.9903)
235,235,tensor(1.0190),tensor(0.9782),tensor(0.9879)
236,236,tensor(1.0143),tensor(0.9757),tensor(0.9855)
237,237,tensor(1.0097),tensor(0.9733),tensor(0.9831)
238,238,tensor(1.0051),tensor(0.9709),tensor(0.9806)
239,239,tensor(1.0005),tensor(0.9685),tensor(0.9782)
240,240,tensor(0.9959),tensor(0.9661),tensor(0.9758)
241,241,tensor(0.9913),tensor(0.9637),tensor(0.9734)
242,242,tensor(0.9868),tensor(0.9613),tensor(0.9710)
243,243,tensor(0.9823),tensor(0.9589),tensor(0.9686)
244,244,tensor(0.9778),tensor(0.9565),tensor(0.9662)
245,245,tensor(0.9733),tensor(0.9541),tensor(0.9638)
246,246,tensor(0.9688),tensor(0.9517),tensor(0.9615)
247,247,tensor(0.9644),tensor(0.9493),tensor(0.9591)
248,248,tensor(0.9600),tensor(0.9469),tensor(0.9567)
249,249,tensor(0.9556),tensor(0.9446),tensor(0.9543)
250,250,tensor(0.9512),tensor(0.9422),tensor(0.9520)
251,251,tensor(0.9468),tensor(0.9398),tensor(0.9496)
252,252,tensor(0.9425),tensor(0.9375),tensor(0.9472)
253,253,tensor(0.9382),tensor(0.9351),tensor(0.9449)
254,254,tensor(0.9338),tensor(0.9328),tensor(0.9425)
255,255,tensor(0.9296),tensor(0.9304),tensor(0.9402)
256,256,tensor(0.9253),tensor(0.9281),tensor(0.9379)
257,257,tensor(0.9210),tensor(0.9257),tensor(0.9355)
258,258,tensor(0.9168),tensor(0.9234),tensor(0.9332)
259,259,tensor(0.9126),tensor(0.9211),tensor(0.9309)
260,260,tensor(0.9084),tensor(0.9188),tensor(0.9285)
261,261,tensor(0.9043),tensor(0.9164),tensor(0.9262)
262,262,tensor(0.9001),tensor(0.9141),tensor(0.9239)
263,263,tensor(0.8960),tensor(0.9118),tensor(0.9216)
264,264,tensor(0.8919),tensor(0.9095),tensor(0.9193)
265,265,tensor(0.8878),tensor(0.9072),tensor(0.9170)
266,266,tensor(0.8837),tensor(0.9049),tensor(0.9147)
267,267,tensor(0.8796),tensor(0.9026),tensor(0.9124)
268,268,tensor(0.8756),tensor(0.9003),tensor(0.9101)
269,269,tensor(0.8716),tensor(0.8980),tensor(0.9078)
270,270,tensor(0.8675),tensor(0.8958),tensor(0.9056)
271,271,tensor(0.8636),tensor(0.8935),tensor(0.9033)
272,272,tensor(0.8596),tensor(0.8912),tensor(0.9010)
273,273,tensor(0.8556),tensor(0.8890),tensor(0.8988)
274,274,tensor(0.8517),tensor(0.8867),tensor(0.8965)
275,275,tensor(0.8478),tensor(0.8844),tensor(0.8942)
276,276,tensor(0.8439),tensor(0.8822),tensor(0.8920)
277,277,tensor(0.8400),tensor(0.8799),tensor(0.8897)
278,278,tensor(0.8362),tensor(0.8777),tensor(0.8875)
279,279,tensor(0.8323),tensor(0.8754),tensor(0.8853)
280,280,tensor(0.8285),tensor(0.8732),tensor(0.8830)
281,281,tensor(0.8247),tensor(0.8710),tensor(0.8808)
282,282,tensor(0.8209),tensor(0.8687),tensor(0.8786)
283,283,tensor(0.8171),tensor(0.8665),tensor(0.8763)
284,284,tensor(0.8134),tensor(0.8643),tensor(0.8741)
285,285,tensor(0.8096),tensor(0.8621),tensor(0.8719)
286,286,tensor(0.8059),tensor(0.8599),tensor(0.8697)
287,287,tensor(0.8022),tensor(0.8577),tensor(0.8675)
288,288,tensor(0.7985),tensor(0.8555),tensor(0.8653)
289,289,tensor(0.7948),tensor(0.8533),tensor(0.8631)
290,290,tensor(0.7912),tensor(0.8511),tensor(0.8609)
291,291,tensor(0.7876),tensor(0.8489),tensor(0.8587)
292,292,tensor(0.7839),tensor(0.8467),tensor(0.8565)
293,293,tensor(0.7803),tensor(0.8445),tensor(0.8544)
294,294,tensor(0.7767),tensor(0.8424),tensor(0.8522)
295,295,tensor(0.7732),tensor(0.8402),tensor(0.8500)
296,296,tensor(0.7696),tensor(0.8380),tensor(0.8479)
297,297,tensor(0.7661),tensor(0.8358),tensor(0.8457)
298,298,tensor(0.7626),tensor(0.8337),tensor(0.8435)
299,299,tensor(0.7591),tensor(0.8315),tensor(0.8414)
300,300,tensor(0.7556),tensor(0.8294),tensor(0.8392)
301,301,tensor(0.7521),tensor(0.8272),tensor(0.8371)
302,302,tensor(0.7486),tensor(0.8251),tensor(0.8349)
303,303,tensor(0.7452),tensor(0.8230),tensor(0.8328)
304,304,tensor(0.7418),tensor(0.8208),tensor(0.8307)
305,305,tensor(0.7384),tensor(0.8187),tensor(0.8285)
306,306,tensor(0.7350),tensor(0.8166),tensor(0.8264)
307,307,tensor(0.7316),tensor(0.8145),tensor(0.8243)
308,308,tensor(0.7283),tensor(0.8123),tensor(0.8222)
309,309,tensor(0.7249),tensor(0.8102),tensor(0.8201)
310,310,tensor(0.7216),tensor(0.8081),tensor(0.8180)
311,311,tensor(0.7183),tensor(0.8060),tensor(0.8159)
312,312,tensor(0.7150),tensor(0.8039),tensor(0.8138)
313,313,tensor(0.7117),tensor(0.8018),tensor(0.8117)
314,314,tensor(0.7084),tensor(0.7997),tensor(0.8096)
315,315,tensor(0.7052),tensor(0.7976),tensor(0.8075)
316,316,tensor(0.7019),tensor(0.7956),tensor(0.8054)
317,317,tensor(0.6987),tensor(0.7935),tensor(0.8033)
318,318,tensor(0.6955),tensor(0.7914),tensor(0.8013)
319,319,tensor(0.6923),tensor(0.7893),tensor(0.7992)
320,320,tensor(0.6892),tensor(0.7873),tensor(0.7971)
321,321,tensor(0.6860),tensor(0.7852),tensor(0.7951)
322,322,tensor(0.6829),tensor(0.7831),tensor(0.7930)
323,323,tensor(0.6797),tensor(0.7811),tensor(0.7910)
324,324,tensor(0.6766),tensor(0.7790),tensor(0.7889)
325,325,tensor(0.6735),tensor(0.7770),tensor(0.7869)
326,326,tensor(0.6704),tensor(0.7750),tensor(0.7848)
327,327,tensor(0.6674),tensor(0.7729),tensor(0.7828)
328,328,tensor(0.6643),tensor(0.7709),tensor(0.7808)
329,329,tensor(0.6613),tensor(0.7689),tensor(0.7787)
330,330,tensor(0.6582),tensor(0.7668),tensor(0.7767)
331,331,tensor(0.6552),tensor(0.7648),tensor(0.7747)
332,332,tensor(0.6522),tensor(0.7628),tensor(0.7727)
333,333,tensor(0.6493),tensor(0.7608),tensor(0.7707)
334,334,tensor(0.6463),tensor(0.7588),tensor(0.7687)
335,335,tensor(0.6433),tensor(0.7568),tensor(0.7667)
336,336,tensor(0.6404),tensor(0.7548),tensor(0.7647)
337,337,tensor(0.6375),tensor(0.7528),tensor(0.7627)
338,338,tensor(0.6346),tensor(0.7508),tensor(0.7607)
339,339,tensor(0.6317),tensor(0.7488),tensor(0.7587)
340,340,tensor(0.6288),tensor(0.7468),tensor(0.7567)
341,341,tensor(0.6259),tensor(0.7448),tensor(0.7547)
342,342,tensor(0.6230),tensor(0.7429),tensor(0.7528)
343,343,tensor(0.6202),tensor(0.7409),tensor(0.7508)
344,344,tensor(0.6174),tensor(0.7389),tensor(0.7488)
345,345,tensor(0.6146),tensor(0.7370),tensor(0.7469)
346,346,tensor(0.6118),tensor(0.7350),tensor(0.7449)
347,347,tensor(0.6090),tensor(0.7331),tensor(0.7430)
348,348,tensor(0.6062),tensor(0.7311),tensor(0.7410)
349,349,tensor(0.6034),tensor(0.7292),tensor(0.7391)
350,350,tensor(0.6007),tensor(0.7272),tensor(0.7371)
351,351,tensor(0.5980),tensor(0.7253),tensor(0.7352)
352,352,tensor(0.5952),tensor(0.7233),tensor(0.7333)
353,353,tensor(0.5925),tensor(0.7214),tensor(0.7313)
354,354,tensor(0.5898),tensor(0.7195),tensor(0.7294)
355,355,tensor(0.5872),tensor(0.7176),tensor(0.7275)
356,356,tensor(0.5845),tensor(0.7156),tensor(0.7256)
357,357,tensor(0.5818),tensor(0.7137),tensor(0.7237)
358,358,tensor(0.5792),tensor(0.7118),tensor(0.7218)
359,359,tensor(0.5766),tensor(0.7099),tensor(0.7199)
360,360,tensor(0.5740),tensor(0.7080),tensor(0.7180)
361,361,tensor(0.5714),tensor(0.7061),tensor(0.7161)
362,362,tensor(0.5688),tensor(0.7042),tensor(0.7142)
363,363,tensor(0.5662),tensor(0.7023),tensor(0.7123)
364,364,tensor(0.5636),tensor(0.7004),tensor(0.7104)
365,365,tensor(0.5611),tensor(0.6986),tensor(0.7085)
366,366,tensor(0.5585),tensor(0.6967),tensor(0.7066)
367,367,tensor(0.5560),tensor(0.6948),tensor(0.7048)
368,368,tensor(0.5535),tensor(0.6929),tensor(0.7029)
369,369,tensor(0.5510),tensor(0.6911),tensor(0.7010)
370,370,tensor(0.5485),tensor(0.6892),tensor(0.6992)
371,371,tensor(0.5460),tensor(0.6874),tensor(0.6973)
372,372,tensor(0.5436),tensor(0.6855),tensor(0.6955)
373,373,tensor(0.5411),tensor(0.6837),tensor(0.6936)
374,374,tensor(0.5387),tensor(0.6818),tensor(0.6918)
375,375,tensor(0.5362),tensor(0.6800),tensor(0.6899)
376,376,tensor(0.5338),tensor(0.6781),tensor(0.6881)
377,377,tensor(0.5314),tensor(0.6763),tensor(0.6863)
378,378,tensor(0.5290),tensor(0.6745),tensor(0.6844)
379,379,tensor(0.5266),tensor(0.6726),tensor(0.6826)
380,380,tensor(0.5243),tensor(0.6708),tensor(0.6808)
381,381,tensor(0.5219),tensor(0.6690),tensor(0.6790)
382,382,tensor(0.5196),tensor(0.6672),tensor(0.6772)
383,383,tensor(0.5172),tensor(0.6654),tensor(0.6754)
384,384,tensor(0.5149),tensor(0.6636),tensor(0.6736)
385,385,tensor(0.5126),tensor(0.6618),tensor(0.6718)
386,386,tensor(0.5103),tensor(0.6600),tensor(0.6700)
387,387,tensor(0.5080),tensor(0.6582),tensor(0.6682)
388,388,tensor(0.5057),tensor(0.6564),tensor(0.6664)
389,389,tensor(0.5035),tensor(0.6546),tensor(0.6646)
390,390,tensor(0.5012),tensor(0.6528),tensor(0.6628)
391,391,tensor(0.4990),tensor(0.6510),tensor(0.6610)
392,392,tensor(0.4968),tensor(0.6493),tensor(0.6593)
393,393,tensor(0.4945),tensor(0.6475),tensor(0.6575)
394,394,tensor(0.4923),tensor(0.6457),tensor(0.6557)
395,395,tensor(0.4901),tensor(0.6440),tensor(0.6540)
396,396,tensor(0.4879),tensor(0.6422),tensor(0.6522)
397,397,tensor(0.4858),tensor(0.6404),tensor(0.6505)
398,398,tensor(0.4836),tensor(0.6387),tensor(0.6487)
399,399,tensor(0.4815),tensor(0.6369),tensor(0.6470)
400,400,tensor(0.4793),tensor(0.6352),tensor(0.6452)
401,401,tensor(0.4772),tensor(0.6335),tensor(0.6435)
402,402,tensor(0.4751),tensor(0.6317),tensor(0.6417)
403,403,tensor(0.4729),tensor(0.6300),tensor(0.6400)
404,404,tensor(0.4708),tensor(0.6283),tensor(0.6383)
405,405,tensor(0.4688),tensor(0.6265),tensor(0.6366)
406,406,tensor(0.4667),tensor(0.6248),tensor(0.6348)
407,407,tensor(0.4646),tensor(0.6231),tensor(0.6331)
408,408,tensor(0.4626),tensor(0.6214),tensor(0.6314)
409,409,tensor(0.4605),tensor(0.6197),tensor(0.6297)
410,410,tensor(0.4585),tensor(0.6180),tensor(0.6280)
411,411,tensor(0.4565),tensor(0.6163),tensor(0.6263)
412,412,tensor(0.4544),tensor(0.6146),tensor(0.6246)
413,413,tensor(0.4524),tensor(0.6129),tensor(0.6229)
414,414,tensor(0.4504),tensor(0.6112),tensor(0.6212)
415,415,tensor(0.4485),tensor(0.6095),tensor(0.6195)
416,416,tensor(0.4465),tensor(0.6078),tensor(0.6179)
417,417,tensor(0.4445),tensor(0.6061),tensor(0.6162)
418,418,tensor(0.4426),tensor(0.6045),tensor(0.6145)
419,419,tensor(0.4406),tensor(0.6028),tensor(0.6128)
420,420,tensor(0.4387),tensor(0.6011),tensor(0.6112)
421,421,tensor(0.4368),tensor(0.5994),tensor(0.6095)
422,422,tensor(0.4349),tensor(0.5978),tensor(0.6078)
423,423,tensor(0.4329),tensor(0.5961),tensor(0.6062)
424,424,tensor(0.4311),tensor(0.5945),tensor(0.6045)
425,425,tensor(0.4292),tensor(0.5928),tensor(0.6029)
426,426,tensor(0.4273),tensor(0.5912),tensor(0.6012)
427,427,tensor(0.4254),tensor(0.5895),tensor(0.5996)
428,428,tensor(0.4236),tensor(0.5879),tensor(0.5980)
429,429,tensor(0.4217),tensor(0.5863),tensor(0.5963)
430,430,tensor(0.4199),tensor(0.5846),tensor(0.5947)
431,431,tensor(0.4181),tensor(0.5830),tensor(0.5931)
432,432,tensor(0.4162),tensor(0.5814),tensor(0.5915)
433,433,tensor(0.4144),tensor(0.5798),tensor(0.5898)
434,434,tensor(0.4126),tensor(0.5781),tensor(0.5882)
435,435,tensor(0.4109),tensor(0.5765),tensor(0.5866)
436,436,tensor(0.4091),tensor(0.5749),tensor(0.5850)
437,437,tensor(0.4073),tensor(0.5733),tensor(0.5834)
438,438,tensor(0.4055),tensor(0.5717),tensor(0.5818)
439,439,tensor(0.4038),tensor(0.5701),tensor(0.5802)
440,440,tensor(0.4020),tensor(0.5685),tensor(0.5786)
441,441,tensor(0.4003),tensor(0.5669),tensor(0.5770)
442,442,tensor(0.3986),tensor(0.5653),tensor(0.5754)
443,443,tensor(0.3969),tensor(0.5638),tensor(0.5739)
444,444,tensor(0.3952),tensor(0.5622),tensor(0.5723)
445,445,tensor(0.3935),tensor(0.5606),tensor(0.5707)
446,446,tensor(0.3918),tensor(0.5590),tensor(0.5691)
447,447,tensor(0.3901),tensor(0.5575),tensor(0.5676)
448,448,tensor(0.3884),tensor(0.5559),tensor(0.5660)
449,449,tensor(0.3868),tensor(0.5543),tensor(0.5644)
450,450,tensor(0.3851),tensor(0.5528),tensor(0.5629)
451,451,tensor(0.3835),tensor(0.5512),tensor(0.5613)
452,452,tensor(0.3818),tensor(0.5497),tensor(0.5598)
453,453,tensor(0.3802),tensor(0.5481),tensor(0.5582)
454,454,tensor(0.3786),tensor(0.5466),tensor(0.5567)
455,455,tensor(0.3770),tensor(0.5450),tensor(0.5552)
456,456,tensor(0.3754),tensor(0.5435),tensor(0.5536)
457,457,tensor(0.3738),tensor(0.5420),tensor(0.5521)
458,458,tensor(0.3722),tensor(0.5404),tensor(0.5506)
459,459,tensor(0.3706),tensor(0.5389),tensor(0.5490)
460,460,tensor(0.3690),tensor(0.5374),tensor(0.5475)
461,461,tensor(0.3675),tensor(0.5359),tensor(0.5460)
462,462,tensor(0.3659),tensor(0.5344),tensor(0.5445)
463,463,tensor(0.3644),tensor(0.5328),tensor(0.5430)
464,464,tensor(0.3629),tensor(0.5313),tensor(0.5415)
465,465,tensor(0.3613),tensor(0.5298),tensor(0.5400)
466,466,tensor(0.3598),tensor(0.5283),tensor(0.5385)
467,467,tensor(0.3583),tensor(0.5268),tensor(0.5370)
468,468,tensor(0.3568),tensor(0.5253),tensor(0.5355)
469,469,tensor(0.3553),tensor(0.5238),tensor(0.5340)
470,470,tensor(0.3538),tensor(0.5224),tensor(0.5325)
471,471,tensor(0.3523),tensor(0.5209),tensor(0.5310)
472,472,tensor(0.3509),tensor(0.5194),tensor(0.5295)
473,473,tensor(0.3494),tensor(0.5179),tensor(0.5281)
474,474,tensor(0.3479),tensor(0.5164),tensor(0.5266)
475,475,tensor(0.3465),tensor(0.5150),tensor(0.5251)
476,476,tensor(0.3450),tensor(0.5135),tensor(0.5237)
477,477,tensor(0.3436),tensor(0.5120),tensor(0.5222)
478,478,tensor(0.3422),tensor(0.5106),tensor(0.5207)
479,479,tensor(0.3408),tensor(0.5091),tensor(0.5193)
480,480,tensor(0.3394),tensor(0.5077),tensor(0.5178)
481,481,tensor(0.3380),tensor(0.5062),tensor(0.5164)
482,482,tensor(0.3366),tensor(0.5048),tensor(0.5149)
483,483,tensor(0.3352),tensor(0.5033),tensor(0.5135)
484,484,tensor(0.3338),tensor(0.5019),tensor(0.5121)
485,485,tensor(0.3324),tensor(0.5005),tensor(0.5106)
486,486,tensor(0.3311),tensor(0.4990),tensor(0.5092)
487,487,tensor(0.3297),tensor(0.4976),tensor(0.5078)
488,488,tensor(0.3284),tensor(0.4962),tensor(0.5063)
489,489,tensor(0.3270),tensor(0.4948),tensor(0.5049)
490,490,tensor(0.3257),tensor(0.4933),tensor(0.5035)
491,491,tensor(0.3244),tensor(0.4919),tensor(0.5021)
492,492,tensor(0.3230),tensor(0.4905),tensor(0.5007)
493,493,tensor(0.3217),tensor(0.4891),tensor(0.4993)
494,494,tensor(0.3204),tensor(0.4877),tensor(0.4979)
495,495,tensor(0.3191),tensor(0.4863),tensor(0.4965)
496,496,tensor(0.3178),tensor(0.4849),tensor(0.4951)
497,497,tensor(0.3165),tensor(0.4835),tensor(0.4937)
498,498,tensor(0.3153),tensor(0.4821),tensor(0.4923)
499,499,tensor(0.3140),tensor(0.4807),tensor(0.4909)
500,500,tensor(0.3127),tensor(0.4793),tensor(0.4895)
501,501,tensor(0.3115),tensor(0.4780),tensor(0.4881)
502,502,tensor(0.3102),tensor(0.4766),tensor(0.4868)
503,503,tensor(0.3090),tensor(0.4752),tensor(0.4854)
504,504,tensor(0.3077),tensor(0.4738),tensor(0.4840)
505,505,tensor(0.3065),tensor(0.4725),tensor(0.4827)
506,506,tensor(0.3053),tensor(0.4711),tensor(0.4813)
507,507,tensor(0.3041),tensor(0.4697),tensor(0.4799)
508,508,tensor(0.3028),tensor(0.4684),tensor(0.4786)
509,509,tensor(0.3016),tensor(0.4670),tensor(0.4772)
510,510,tensor(0.3004),tensor(0.4657),tensor(0.4759)
511,511,tensor(0.2993),tensor(0.4643),tensor(0.4745)
512,512,tensor(0.2981),tensor(0.4630),tensor(0.4732)
513,513,tensor(0.2969),tensor(0.4616),tensor(0.4718)
514,514,tensor(0.2957),tensor(0.4603),tensor(0.4705)
515,515,tensor(0.2946),tensor(0.4590),tensor(0.4692)
516,516,tensor(0.2934),tensor(0.4576),tensor(0.4678)
517,517,tensor(0.2922),tensor(0.4563),tensor(0.4665)
518,518,tensor(0.2911),tensor(0.4550),tensor(0.4652)
519,519,tensor(0.2900),tensor(0.4537),tensor(0.4639)
520,520,tensor(0.2888),tensor(0.4523),tensor(0.4626)
521,521,tensor(0.2877),tensor(0.4510),tensor(0.4612)
522,522,tensor(0.2866),tensor(0.4497),tensor(0.4599)
523,523,tensor(0.2855),tensor(0.4484),tensor(0.4586)
524,524,tensor(0.2844),tensor(0.4471),tensor(0.4573)
525,525,tensor(0.2833),tensor(0.4458),tensor(0.4560)
526,526,tensor(0.2822),tensor(0.4445),tensor(0.4547)
527,527,tensor(0.2811),tensor(0.4432),tensor(0.4534)
528,528,tensor(0.2800),tensor(0.4419),tensor(0.4521)
529,529,tensor(0.2789),tensor(0.4406),tensor(0.4508)
530,530,tensor(0.2778),tensor(0.4393),tensor(0.4496)
531,531,tensor(0.2768),tensor(0.4380),tensor(0.4483)
532,532,tensor(0.2757),tensor(0.4368),tensor(0.4470)
533,533,tensor(0.2747),tensor(0.4355),tensor(0.4457)
534,534,tensor(0.2736),tensor(0.4342),tensor(0.4444)
535,535,tensor(0.2726),tensor(0.4329),tensor(0.4432)
536,536,tensor(0.2715),tensor(0.4317),tensor(0.4419)
537,537,tensor(0.2705),tensor(0.4304),tensor(0.4406)
538,538,tensor(0.2695),tensor(0.4291),tensor(0.4394)
539,539,tensor(0.2685),tensor(0.4279),tensor(0.4381)
540,540,tensor(0.2674),tensor(0.4266),tensor(0.4369)
541,541,tensor(0.2664),tensor(0.4254),tensor(0.4356)
542,542,tensor(0.2654),tensor(0.4241),tensor(0.4344)
543,543,tensor(0.2644),tensor(0.4229),tensor(0.4331)
544,544,tensor(0.2635),tensor(0.4216),tensor(0.4319)
545,545,tensor(0.2625),tensor(0.4204),tensor(0.4307)
546,546,tensor(0.2615),tensor(0.4192),tensor(0.4294)
547,547,tensor(0.2605),tensor(0.4179),tensor(0.4282)
548,548,tensor(0.2595),tensor(0.4167),tensor(0.4270)
549,549,tensor(0.2586),tensor(0.4155),tensor(0.4257)
550,550,tensor(0.2576),tensor(0.4142),tensor(0.4245)
551,551,tensor(0.2567),tensor(0.4130),tensor(0.4233)
552,552,tensor(0.2557),tensor(0.4118),tensor(0.4221)
553,553,tensor(0.2548),tensor(0.4106),tensor(0.4209)
554,554,tensor(0.2538),tensor(0.4094),tensor(0.4196)
555,555,tensor(0.2529),tensor(0.4082),tensor(0.4184)
556,556,tensor(0.2520),tensor(0.4070),tensor(0.4172)
557,557,tensor(0.2511),tensor(0.4058),tensor(0.4160)
558,558,tensor(0.2502),tensor(0.4046),tensor(0.4148)
559,559,tensor(0.2492),tensor(0.4034),tensor(0.4136)
560,560,tensor(0.2483),tensor(0.4022),tensor(0.4124)
561,561,tensor(0.2474),tensor(0.4010),tensor(0.4113)
562,562,tensor(0.2465),tensor(0.3998),tensor(0.4101)
563,563,tensor(0.2457),tensor(0.3986),tensor(0.4089)
564,564,tensor(0.2448),tensor(0.3974),tensor(0.4077)
565,565,tensor(0.2439),tensor(0.3962),tensor(0.4065)
566,566,tensor(0.2430),tensor(0.3951),tensor(0.4054)
567,567,tensor(0.2422),tensor(0.3939),tensor(0.4042)
568,568,tensor(0.2413),tensor(0.3927),tensor(0.4030)
569,569,tensor(0.2404),tensor(0.3916),tensor(0.4019)
570,570,tensor(0.2396),tensor(0.3904),tensor(0.4007)
571,571,tensor(0.2387),tensor(0.3892),tensor(0.3995)
572,572,tensor(0.2379),tensor(0.3881),tensor(0.3984)
573,573,tensor(0.2370),tensor(0.3869),tensor(0.3972)
574,574,tensor(0.2362),tensor(0.3858),tensor(0.3961)
575,575,tensor(0.2354),tensor(0.3846),tensor(0.3949)
576,576,tensor(0.2346),tensor(0.3835),tensor(0.3938)
577,577,tensor(0.2337),tensor(0.3823),tensor(0.3926)
578,578,tensor(0.2329),tensor(0.3812),tensor(0.3915)
579,579,tensor(0.2321),tensor(0.3801),tensor(0.3904)
580,580,tensor(0.2313),tensor(0.3789),tensor(0.3892)
581,581,tensor(0.2305),tensor(0.3778),tensor(0.3881)
582,582,tensor(0.2297),tensor(0.3767),tensor(0.3870)
583,583,tensor(0.2289),tensor(0.3755),tensor(0.3859)
584,584,tensor(0.2281),tensor(0.3744),tensor(0.3847)
585,585,tensor(0.2273),tensor(0.3733),tensor(0.3836)
586,586,tensor(0.2266),tensor(0.3722),tensor(0.3825)
587,587,tensor(0.2258),tensor(0.3711),tensor(0.3814)
588,588,tensor(0.2250),tensor(0.3700),tensor(0.3803)
589,589,tensor(0.2242),tensor(0.3689),tensor(0.3792)
590,590,tensor(0.2235),tensor(0.3677),tensor(0.3781)
591,591,tensor(0.2227),tensor(0.3666),tensor(0.3770)
592,592,tensor(0.2220),tensor(0.3655),tensor(0.3759)
593,593,tensor(0.2212),tensor(0.3645),tensor(0.3748)
594,594,tensor(0.2205),tensor(0.3634),tensor(0.3737)
595,595,tensor(0.2197),tensor(0.3623),tensor(0.3726)
596,596,tensor(0.2190),tensor(0.3612),tensor(0.3715)
597,597,tensor(0.2183),tensor(0.3601),tensor(0.3704)
598,598,tensor(0.2176),tensor(0.3590),tensor(0.3693)
599,599,tensor(0.2168),tensor(0.3579),tensor(0.3683)
600,600,tensor(0.2161),tensor(0.3569),tensor(0.3672)
601,601,tensor(0.2154),tensor(0.3558),tensor(0.3661)
602,602,tensor(0.2147),tensor(0.3547),tensor(0.3650)
603,603,tensor(0.2140),tensor(0.3536),tensor(0.3640)
604,604,tensor(0.2133),tensor(0.3526),tensor(0.3629)
605,605,tensor(0.2126),tensor(0.3515),tensor(0.3619)
606,606,tensor(0.2119),tensor(0.3505),tensor(0.3608)
607,607,tensor(0.2112),tensor(0.3494),tensor(0.3597)
608,608,tensor(0.2105),tensor(0.3484),tensor(0.3587)
609,609,tensor(0.2098),tensor(0.3473),tensor(0.3576)
610,610,tensor(0.2092),tensor(0.3463),tensor(0.3566)
611,611,tensor(0.2085),tensor(0.3452),tensor(0.3555)
612,612,tensor(0.2078),tensor(0.3442),tensor(0.3545)
613,613,tensor(0.2072),tensor(0.3431),tensor(0.3535)
614,614,tensor(0.2065),tensor(0.3421),tensor(0.3524)
615,615,tensor(0.2058),tensor(0.3411),tensor(0.3514)
616,616,tensor(0.2052),tensor(0.3400),tensor(0.3504)
617,617,tensor(0.2045),tensor(0.3390),tensor(0.3493)
618,618,tensor(0.2039),tensor(0.3380),tensor(0.3483)
619,619,tensor(0.2032),tensor(0.3369),tensor(0.3473)
620,620,tensor(0.2026),tensor(0.3359),tensor(0.3463)
621,621,tensor(0.2020),tensor(0.3349),tensor(0.3453)
622,622,tensor(0.2013),tensor(0.3339),tensor(0.3442)
623,623,tensor(0.2007),tensor(0.3329),tensor(0.3432)
624,624,tensor(0.2001),tensor(0.3319),tensor(0.3422)
625,625,tensor(0.1995),tensor(0.3309),tensor(0.3412)
626,626,tensor(0.1989),tensor(0.3299),tensor(0.3402)
627,627,tensor(0.1982),tensor(0.3289),tensor(0.3392)
628,628,tensor(0.1976),tensor(0.3279),tensor(0.3382)
629,629,tensor(0.1970),tensor(0.3269),tensor(0.3372)
630,630,tensor(0.1964),tensor(0.3259),tensor(0.3362)
631,631,tensor(0.1958),tensor(0.3249),tensor(0.3352)
632,632,tensor(0.1952),tensor(0.3239),tensor(0.3342)
633,633,tensor(0.1946),tensor(0.3229),tensor(0.3333)
634,634,tensor(0.1941),tensor(0.3219),tensor(0.3323)
635,635,tensor(0.1935),tensor(0.3209),tensor(0.3313)
636,636,tensor(0.1929),tensor(0.3200),tensor(0.3303)
637,637,tensor(0.1923),tensor(0.3190),tensor(0.3294)
638,638,tensor(0.1917),tensor(0.3180),tensor(0.3284)
639,639,tensor(0.1912),tensor(0.3170),tensor(0.3274)
640,640,tensor(0.1906),tensor(0.3161),tensor(0.3264)
641,641,tensor(0.1900),tensor(0.3151),tensor(0.3255)
642,642,tensor(0.1895),tensor(0.3142),tensor(0.3245)
643,643,tensor(0.1889),tensor(0.3132),tensor(0.3236)
644,644,tensor(0.1884),tensor(0.3122),tensor(0.3226)
645,645,tensor(0.1878),tensor(0.3113),tensor(0.3217)
646,646,tensor(0.1873),tensor(0.3103),tensor(0.3207)
647,647,tensor(0.1867),tensor(0.3094),tensor(0.3198)
648,648,tensor(0.1862),tensor(0.3084),tensor(0.3188)
649,649,tensor(0.1857),tensor(0.3075),tensor(0.3179)
650,650,tensor(0.1851),tensor(0.3066),tensor(0.3169)
651,651,tensor(0.1846),tensor(0.3056),tensor(0.3160)
652,652,tensor(0.1841),tensor(0.3047),tensor(0.3151)
653,653,tensor(0.1836),tensor(0.3037),tensor(0.3141)
654,654,tensor(0.1830),tensor(0.3028),tensor(0.3132)
655,655,tensor(0.1825),tensor(0.3019),tensor(0.3123)
656,656,tensor(0.1820),tensor(0.3010),tensor(0.3113)
657,657,tensor(0.1815),tensor(0.3000),tensor(0.3104)
658,658,tensor(0.1810),tensor(0.2991),tensor(0.3095)
659,659,tensor(0.1805),tensor(0.2982),tensor(0.3086)
660,660,tensor(0.1800),tensor(0.2973),tensor(0.3077)
661,661,tensor(0.1795),tensor(0.2964),tensor(0.3068)
662,662,tensor(0.1790),tensor(0.2955),tensor(0.3059)
663,663,tensor(0.1785),tensor(0.2946),tensor(0.3049)
664,664,tensor(0.1780),tensor(0.2937),tensor(0.3040)
665,665,tensor(0.1775),tensor(0.2928),tensor(0.3031)
666,666,tensor(0.1770),tensor(0.2919),tensor(0.3022)
667,667,tensor(0.1766),tensor(0.2910),tensor(0.3013)
668,668,tensor(0.1761),tensor(0.2901),tensor(0.3005)
669,669,tensor(0.1756),tensor(0.2892),tensor(0.2996)
670,670,tensor(0.1751),tensor(0.2883),tensor(0.2987)
671,671,tensor(0.1747),tensor(0.2874),tensor(0.2978)
672,672,tensor(0.1742),tensor(0.2865),tensor(0.2969)
673,673,tensor(0.1737),tensor(0.2856),tensor(0.2960)
674,674,tensor(0.1733),tensor(0.2847),tensor(0.2951)
675,675,tensor(0.1728),tensor(0.2839),tensor(0.2943)
676,676,tensor(0.1724),tensor(0.2830),tensor(0.2934)
677,677,tensor(0.1719),tensor(0.2821),tensor(0.2925)
678,678,tensor(0.1715),tensor(0.2812),tensor(0.2916)
679,679,tensor(0.1710),tensor(0.2804),tensor(0.2908)
680,680,tensor(0.1706),tensor(0.2795),tensor(0.2899)
681,681,tensor(0.1701),tensor(0.2786),tensor(0.2891)
682,682,tensor(0.1697),tensor(0.2778),tensor(0.2882)
683,683,tensor(0.1692),tensor(0.2769),tensor(0.2873)
684,684,tensor(0.1688),tensor(0.2761),tensor(0.2865)
685,685,tensor(0.1684),tensor(0.2752),tensor(0.2856)
686,686,tensor(0.1680),tensor(0.2744),tensor(0.2848)
687,687,tensor(0.1675),tensor(0.2735),tensor(0.2839)
688,688,tensor(0.1671),tensor(0.2727),tensor(0.2831)
689,689,tensor(0.1667),tensor(0.2718),tensor(0.2822)
690,690,tensor(0.1663),tensor(0.2710),tensor(0.2814)
691,691,tensor(0.1659),tensor(0.2702),tensor(0.2806)
692,692,tensor(0.1654),tensor(0.2693),tensor(0.2797)
693,693,tensor(0.1650),tensor(0.2685),tensor(0.2789)
694,694,tensor(0.1646),tensor(0.2677),tensor(0.2781)
695,695,tensor(0.1642),tensor(0.2668),tensor(0.2772)
696,696,tensor(0.1638),tensor(0.2660),tensor(0.2764)
697,697,tensor(0.1634),tensor(0.2652),tensor(0.2756)
698,698,tensor(0.1630),tensor(0.2643),tensor(0.2748)
699,699,tensor(0.1626),tensor(0.2635),tensor(0.2739)
700,700,tensor(0.1622),tensor(0.2627),tensor(0.2731)
701,701,tensor(0.1619),tensor(0.2619),tensor(0.2723)
702,702,tensor(0.1615),tensor(0.2611),tensor(0.2715)
703,703,tensor(0.1611),tensor(0.2603),tensor(0.2707)
704,704,tensor(0.1607),tensor(0.2595),tensor(0.2699)
705,705,tensor(0.1603),tensor(0.2587),tensor(0.2691)
706,706,tensor(0.1599),tensor(0.2579),tensor(0.2683)
707,707,tensor(0.1596),tensor(0.2571),tensor(0.2675)
708,708,tensor(0.1592),tensor(0.2563),tensor(0.2667)
709,709,tensor(0.1588),tensor(0.2555),tensor(0.2659)
710,710,tensor(0.1585),tensor(0.2547),tensor(0.2651)
711,711,tensor(0.1581),tensor(0.2539),tensor(0.2643)
712,712,tensor(0.1577),tensor(0.2531),tensor(0.2635)
713,713,tensor(0.1574),tensor(0.2523),tensor(0.2627)
714,714,tensor(0.1570),tensor(0.2515),tensor(0.2619)
715,715,tensor(0.1566),tensor(0.2507),tensor(0.2612)
716,716,tensor(0.1563),tensor(0.2499),tensor(0.2604)
717,717,tensor(0.1559),tensor(0.2492),tensor(0.2596)
718,718,tensor(0.1556),tensor(0.2484),tensor(0.2588)
719,719,tensor(0.1552),tensor(0.2476),tensor(0.2580)
720,720,tensor(0.1549),tensor(0.2468),tensor(0.2573)
721,721,tensor(0.1546),tensor(0.2461),tensor(0.2565)
722,722,tensor(0.1542),tensor(0.2453),tensor(0.2557)
723,723,tensor(0.1539),tensor(0.2445),tensor(0.2550)
724,724,tensor(0.1535),tensor(0.2438),tensor(0.2542)
725,725,tensor(0.1532),tensor(0.2430),tensor(0.2535)
726,726,tensor(0.1529),tensor(0.2423),tensor(0.2527)
727,727,tensor(0.1525),tensor(0.2415),tensor(0.2519)
728,728,tensor(0.1522),tensor(0.2408),tensor(0.2512)
729,729,tensor(0.1519),tensor(0.2400),tensor(0.2504)
730,730,tensor(0.1516),tensor(0.2393),tensor(0.2497)
731,731,tensor(0.1512),tensor(0.2385),tensor(0.2489)
732,732,tensor(0.1509),tensor(0.2378),tensor(0.2482)
733,733,tensor(0.1506),tensor(0.2370),tensor(0.2475)
734,734,tensor(0.1503),tensor(0.2363),tensor(0.2467)
735,735,tensor(0.1500),tensor(0.2355),tensor(0.2460)
736,736,tensor(0.1497),tensor(0.2348),tensor(0.2452)
737,737,tensor(0.1493),tensor(0.2341),tensor(0.2445)
738,738,tensor(0.1490),tensor(0.2333),tensor(0.2438)
739,739,tensor(0.1487),tensor(0.2326),tensor(0.2431)
740,740,tensor(0.1484),tensor(0.2319),tensor(0.2423)
741,741,tensor(0.1481),tensor(0.2312),tensor(0.2416)
742,742,tensor(0.1478),tensor(0.2304),tensor(0.2409)
743,743,tensor(0.1475),tensor(0.2297),tensor(0.2402)
744,744,tensor(0.1472),tensor(0.2290),tensor(0.2394)
745,745,tensor(0.1469),tensor(0.2283),tensor(0.2387)
746,746,tensor(0.1466),tensor(0.2276),tensor(0.2380)
747,747,tensor(0.1463),tensor(0.2269),tensor(0.2373)
748,748,tensor(0.1461),tensor(0.2261),tensor(0.2366)
749,749,tensor(0.1458),tensor(0.2254),tensor(0.2359)
750,750,tensor(0.1455),tensor(0.2247),tensor(0.2352)
751,751,tensor(0.1452),tensor(0.2240),tensor(0.2345)
752,752,tensor(0.1449),tensor(0.2233),tensor(0.2338)
753,753,tensor(0.1446),tensor(0.2226),tensor(0.2331)
754,754,tensor(0.1444),tensor(0.2219),tensor(0.2324)
755,755,tensor(0.1441),tensor(0.2212),tensor(0.2317)
756,756,tensor(0.1438),tensor(0.2205),tensor(0.2310)
757,757,tensor(0.1435),tensor(0.2199),tensor(0.2303)
758,758,tensor(0.1433),tensor(0.2192),tensor(0.2296)
759,759,tensor(0.1430),tensor(0.2185),tensor(0.2289)
760,760,tensor(0.1427),tensor(0.2178),tensor(0.2282)
761,761,tensor(0.1425),tensor(0.2171),tensor(0.2276)
762,762,tensor(0.1422),tensor(0.2164),tensor(0.2269)
763,763,tensor(0.1419),tensor(0.2157),tensor(0.2262)
764,764,tensor(0.1417),tensor(0.2151),tensor(0.2255)
765,765,tensor(0.1414),tensor(0.2144),tensor(0.2248)
766,766,tensor(0.1412),tensor(0.2137),tensor(0.2242)
767,767,tensor(0.1409),tensor(0.2131),tensor(0.2235)
768,768,tensor(0.1406),tensor(0.2124),tensor(0.2228)
769,769,tensor(0.1404),tensor(0.2117),tensor(0.2222)
770,770,tensor(0.1401),tensor(0.2111),tensor(0.2215)
771,771,tensor(0.1399),tensor(0.2104),tensor(0.2208)
772,772,tensor(0.1396),tensor(0.2097),tensor(0.2202)
773,773,tensor(0.1394),tensor(0.2091),tensor(0.2195)
774,774,tensor(0.1392),tensor(0.2084),tensor(0.2189)
775,775,tensor(0.1389),tensor(0.2078),tensor(0.2182)
776,776,tensor(0.1387),tensor(0.2071),tensor(0.2176)
777,777,tensor(0.1384),tensor(0.2065),tensor(0.2169)
778,778,tensor(0.1382),tensor(0.2058),tensor(0.2163)
779,779,tensor(0.1380),tensor(0.2052),tensor(0.2156)
780,780,tensor(0.1377),tensor(0.2045),tensor(0.2150)
781,781,tensor(0.1375),tensor(0.2039),tensor(0.2143)
782,782,tensor(0.1372),tensor(0.2032),tensor(0.2137)
783,783,tensor(0.1370),tensor(0.2026),tensor(0.2131)
784,784,tensor(0.1368),tensor(0.2020),tensor(0.2124)
785,785,tensor(0.1366),tensor(0.2013),tensor(0.2118)
786,786,tensor(0.1363),tensor(0.2007),tensor(0.2111)
787,787,tensor(0.1361),tensor(0.2001),tensor(0.2105)
788,788,tensor(0.1359),tensor(0.1994),tensor(0.2099)
789,789,tensor(0.1357),tensor(0.1988),tensor(0.2093)
790,790,tensor(0.1354),tensor(0.1982),tensor(0.2086)
791,791,tensor(0.1352),tensor(0.1976),tensor(0.2080)
792,792,tensor(0.1350),tensor(0.1969),tensor(0.2074)
793,793,tensor(0.1348),tensor(0.1963),tensor(0.2068)
794,794,tensor(0.1346),tensor(0.1957),tensor(0.2062)
795,795,tensor(0.1344),tensor(0.1951),tensor(0.2055)
796,796,tensor(0.1342),tensor(0.1945),tensor(0.2049)
797,797,tensor(0.1339),tensor(0.1939),tensor(0.2043)
798,798,tensor(0.1337),tensor(0.1933),tensor(0.2037)
799,799,tensor(0.1335),tensor(0.1926),tensor(0.2031)
800,800,tensor(0.1333),tensor(0.1920),tensor(0.2025)
801,801,tensor(0.1331),tensor(0.1914),tensor(0.2019)
802,802,tensor(0.1329),tensor(0.1908),tensor(0.2013)
803,803,tensor(0.1327),tensor(0.1902),tensor(0.2007)
804,804,tensor(0.1325),tensor(0.1896),tensor(0.2001)
805,805,tensor(0.1323),tensor(0.1890),tensor(0.1995)
806,806,tensor(0.1321),tensor(0.1884),tensor(0.1989)
807,807,tensor(0.1319),tensor(0.1878),tensor(0.1983)
808,808,tensor(0.1317),tensor(0.1873),tensor(0.1977)
809,809,tensor(0.1315),tensor(0.1867),tensor(0.1971)
810,810,tensor(0.1313),tensor(0.1861),tensor(0.1965)
811,811,tensor(0.1311),tensor(0.1855),tensor(0.1960)
812,812,tensor(0.1309),tensor(0.1849),tensor(0.1954)
813,813,tensor(0.1308),tensor(0.1843),tensor(0.1948)
814,814,tensor(0.1306),tensor(0.1838),tensor(0.1942)
815,815,tensor(0.1304),tensor(0.1832),tensor(0.1936)
816,816,tensor(0.1302),tensor(0.1826),tensor(0.1931)
817,817,tensor(0.1300),tensor(0.1820),tensor(0.1925)
818,818,tensor(0.1298),tensor(0.1815),tensor(0.1919)
819,819,tensor(0.1296),tensor(0.1809),tensor(0.1913)
820,820,tensor(0.1295),tensor(0.1803),tensor(0.1908)
821,821,tensor(0.1293),tensor(0.1797),tensor(0.1902)
822,822,tensor(0.1291),tensor(0.1792),tensor(0.1896)
823,823,tensor(0.1289),tensor(0.1786),tensor(0.1891)
824,824,tensor(0.1287),tensor(0.1781),tensor(0.1885)
825,825,tensor(0.1286),tensor(0.1775),tensor(0.1880)
826,826,tensor(0.1284),tensor(0.1769),tensor(0.1874)
827,827,tensor(0.1282),tensor(0.1764),tensor(0.1868)
828,828,tensor(0.1281),tensor(0.1758),tensor(0.1863)
829,829,tensor(0.1279),tensor(0.1753),tensor(0.1857)
830,830,tensor(0.1277),tensor(0.1747),tensor(0.1852)
831,831,tensor(0.1275),tensor(0.1742),tensor(0.1846)
832,832,tensor(0.1274),tensor(0.1736),tensor(0.1841)
833,833,tensor(0.1272),tensor(0.1731),tensor(0.1835)
834,834,tensor(0.1270),tensor(0.1725),tensor(0.1830)
835,835,tensor(0.1269),tensor(0.1720),tensor(0.1825)
836,836,tensor(0.1267),tensor(0.1715),tensor(0.1819)
837,837,tensor(0.1266),tensor(0.1709),tensor(0.1814)
838,838,tensor(0.1264),tensor(0.1704),tensor(0.1808)
839,839,tensor(0.1262),tensor(0.1698),tensor(0.1803)
840,840,tensor(0.1261),tensor(0.1693),tensor(0.1798)
841,841,tensor(0.1259),tensor(0.1688),tensor(0.1792)
842,842,tensor(0.1258),tensor(0.1682),tensor(0.1787)
843,843,tensor(0.1256),tensor(0.1677),tensor(0.1782)
844,844,tensor(0.1255),tensor(0.1672),tensor(0.1777)
845,845,tensor(0.1253),tensor(0.1667),tensor(0.1771)
846,846,tensor(0.1252),tensor(0.1661),tensor(0.1766)
847,847,tensor(0.1250),tensor(0.1656),tensor(0.1761)
848,848,tensor(0.1248),tensor(0.1651),tensor(0.1756)
849,849,tensor(0.1247),tensor(0.1646),tensor(0.1751)
850,850,tensor(0.1246),tensor(0.1641),tensor(0.1745)
851,851,tensor(0.1244),tensor(0.1636),tensor(0.1740)
852,852,tensor(0.1243),tensor(0.1630),tensor(0.1735)
853,853,tensor(0.1241),tensor(0.1625),tensor(0.1730)
854,854,tensor(0.1240),tensor(0.1620),tensor(0.1725)
855,855,tensor(0.1238),tensor(0.1615),tensor(0.1720)
856,856,tensor(0.1237),tensor(0.1610),tensor(0.1715)
857,857,tensor(0.1235),tensor(0.1605),tensor(0.1710)
858,858,tensor(0.1234),tensor(0.1600),tensor(0.1705)
859,859,tensor(0.1233),tensor(0.1595),tensor(0.1700)
860,860,tensor(0.1231),tensor(0.1590),tensor(0.1695)
861,861,tensor(0.1230),tensor(0.1585),tensor(0.1690)
862,862,tensor(0.1228),tensor(0.1580),tensor(0.1685)
863,863,tensor(0.1227),tensor(0.1575),tensor(0.1680)
864,864,tensor(0.1226),tensor(0.1570),tensor(0.1675)
865,865,tensor(0.1224),tensor(0.1565),tensor(0.1670)
866,866,tensor(0.1223),tensor(0.1560),tensor(0.1665)
867,867,tensor(0.1222),tensor(0.1555),tensor(0.1660)
868,868,tensor(0.1220),tensor(0.1551),tensor(0.1655)
869,869,tensor(0.1219),tensor(0.1546),tensor(0.1650)
870,870,tensor(0.1218),tensor(0.1541),tensor(0.1646)
871,871,tensor(0.1217),tensor(0.1536),tensor(0.1641)
872,872,tensor(0.1215),tensor(0.1531),tensor(0.1636)
873,873,tensor(0.1214),tensor(0.1526),tensor(0.1631)
874,874,tensor(0.1213),tensor(0.1522),tensor(0.1626)
875,875,tensor(0.1211),tensor(0.1517),tensor(0.1622)
876,876,tensor(0.1210),tensor(0.1512),tensor(0.1617)
877,877,tensor(0.1209),tensor(0.1507),tensor(0.1612)
878,878,tensor(0.1208),tensor(0.1503),tensor(0.1607)
879,879,tensor(0.1207),tensor(0.1498),tensor(0.1603)
880,880,tensor(0.1205),tensor(0.1493),tensor(0.1598)
881,881,tensor(0.1204),tensor(0.1489),tensor(0.1593)
882,882,tensor(0.1203),tensor(0.1484),tensor(0.1589)
883,883,tensor(0.1202),tensor(0.1479),tensor(0.1584)
884,884,tensor(0.1201),tensor(0.1475),tensor(0.1579)
885,885,tensor(0.1199),tensor(0.1470),tensor(0.1575)
886,886,tensor(0.1198),tensor(0.1466),tensor(0.1570)
887,887,tensor(0.1197),tensor(0.1461),tensor(0.1566)
888,888,tensor(0.1196),tensor(0.1457),tensor(0.1561)
889,889,tensor(0.1195),tensor(0.1452),tensor(0.1557)
890,890,tensor(0.1194),tensor(0.1447),tensor(0.1552)
891,891,tensor(0.1192),tensor(0.1443),tensor(0.1548)
892,892,tensor(0.1191),tensor(0.1438),tensor(0.1543)
893,893,tensor(0.1190),tensor(0.1434),tensor(0.1539)
894,894,tensor(0.1189),tensor(0.1430),tensor(0.1534)
895,895,tensor(0.1188),tensor(0.1425),tensor(0.1530)
896,896,tensor(0.1187),tensor(0.1421),tensor(0.1525)
897,897,tensor(0.1186),tensor(0.1416),tensor(0.1521)
898,898,tensor(0.1185),tensor(0.1412),tensor(0.1516)
899,899,tensor(0.1184),tensor(0.1407),tensor(0.1512)
900,900,tensor(0.1183),tensor(0.1403),tensor(0.1508)
901,901,tensor(0.1182),tensor(0.1399),tensor(0.1503)
902,902,tensor(0.1181),tensor(0.1394),tensor(0.1499)
903,903,tensor(0.1180),tensor(0.1390),tensor(0.1495)
904,904,tensor(0.1178),tensor(0.1386),tensor(0.1490)
905,905,tensor(0.1177),tensor(0.1381),tensor(0.1486)
906,906,tensor(0.1176),tensor(0.1377),tensor(0.1482)
907,907,tensor(0.1175),tensor(0.1373),tensor(0.1477)
908,908,tensor(0.1174),tensor(0.1369),tensor(0.1473)
909,909,tensor(0.1173),tensor(0.1364),tensor(0.1469)
910,910,tensor(0.1172),tensor(0.1360),tensor(0.1465)
911,911,tensor(0.1171),tensor(0.1356),tensor(0.1461)
912,912,tensor(0.1170),tensor(0.1352),tensor(0.1456)
913,913,tensor(0.1169),tensor(0.1348),tensor(0.1452)
914,914,tensor(0.1169),tensor(0.1343),tensor(0.1448)
915,915,tensor(0.1168),tensor(0.1339),tensor(0.1444)
916,916,tensor(0.1167),tensor(0.1335),tensor(0.1440)
917,917,tensor(0.1166),tensor(0.1331),tensor(0.1436)
918,918,tensor(0.1165),tensor(0.1327),tensor(0.1431)
919,919,tensor(0.1164),tensor(0.1323),tensor(0.1427)
920,920,tensor(0.1163),tensor(0.1319),tensor(0.1423)
921,921,tensor(0.1162),tensor(0.1315),tensor(0.1419)
922,922,tensor(0.1161),tensor(0.1311),tensor(0.1415)
923,923,tensor(0.1160),tensor(0.1306),tensor(0.1411)
924,924,tensor(0.1159),tensor(0.1302),tensor(0.1407)
925,925,tensor(0.1158),tensor(0.1298),tensor(0.1403)
926,926,tensor(0.1157),tensor(0.1294),tensor(0.1399)
927,927,tensor(0.1157),tensor(0.1290),tensor(0.1395)
928,928,tensor(0.1156),tensor(0.1286),tensor(0.1391)
929,929,tensor(0.1155),tensor(0.1283),tensor(0.1387)
930,930,tensor(0.1154),tensor(0.1279),tensor(0.1383)
931,931,tensor(0.1153),tensor(0.1275),tensor(0.1379)
932,932,tensor(0.1152),tensor(0.1271),tensor(0.1375)
933,933,tensor(0.1151),tensor(0.1267),tensor(0.1371)
934,934,tensor(0.1150),tensor(0.1263),tensor(0.1368)
935,935,tensor(0.1150),tensor(0.1259),tensor(0.1364)
936,936,tensor(0.1149),tensor(0.1255),tensor(0.1360)
937,937,tensor(0.1148),tensor(0.1251),tensor(0.1356)
938,938,tensor(0.1147),tensor(0.1248),tensor(0.1352)
939,939,tensor(0.1146),tensor(0.1244),tensor(0.1348)
940,940,tensor(0.1146),tensor(0.1240),tensor(0.1344)
941,941,tensor(0.1145),tensor(0.1236),tensor(0.1341)
942,942,tensor(0.1144),tensor(0.1232),tensor(0.1337)
943,943,tensor(0.1143),tensor(0.1229),tensor(0.1333)
944,944,tensor(0.1142),tensor(0.1225),tensor(0.1329)
945,945,tensor(0.1142),tensor(0.1221),tensor(0.1326)
946,946,tensor(0.1141),tensor(0.1217),tensor(0.1322)
947,947,tensor(0.1140),tensor(0.1214),tensor(0.1318)
948,948,tensor(0.1139),tensor(0.1210),tensor(0.1314)
949,949,tensor(0.1138),tensor(0.1206),tensor(0.1311)
950,950,tensor(0.1138),tensor(0.1203),tensor(0.1307)
951,951,tensor(0.1137),tensor(0.1199),tensor(0.1303)
952,952,tensor(0.1136),tensor(0.1195),tensor(0.1300)
953,953,tensor(0.1135),tensor(0.1192),tensor(0.1296)
954,954,tensor(0.1135),tensor(0.1188),tensor(0.1292)
955,955,tensor(0.1134),tensor(0.1184),tensor(0.1289)
956,956,tensor(0.1133),tensor(0.1181),tensor(0.1285)
957,957,tensor(0.1132),tensor(0.1177),tensor(0.1282)
958,958,tensor(0.1132),tensor(0.1174),tensor(0.1278)
959,959,tensor(0.1131),tensor(0.1170),tensor(0.1274)
960,960,tensor(0.1130),tensor(0.1166),tensor(0.1271)
961,961,tensor(0.1130),tensor(0.1163),tensor(0.1267)
962,962,tensor(0.1129),tensor(0.1159),tensor(0.1264)
963,963,tensor(0.1128),tensor(0.1156),tensor(0.1260)
964,964,tensor(0.1128),tensor(0.1152),tensor(0.1257)
965,965,tensor(0.1127),tensor(0.1149),tensor(0.1253)
966,966,tensor(0.1126),tensor(0.1145),tensor(0.1250)
967,967,tensor(0.1125),tensor(0.1142),tensor(0.1246)
968,968,tensor(0.1125),tensor(0.1138),tensor(0.1243)
969,969,tensor(0.1124),tensor(0.1135),tensor(0.1240)
970,970,tensor(0.1123),tensor(0.1132),tensor(0.1236)
971,971,tensor(0.1123),tensor(0.1128),tensor(0.1233)
972,972,tensor(0.1122),tensor(0.1125),tensor(0.1229)
973,973,tensor(0.1121),tensor(0.1121),tensor(0.1226)
974,974,tensor(0.1121),tensor(0.1118),tensor(0.1223)
975,975,tensor(0.1120),tensor(0.1115),tensor(0.1219)
976,976,tensor(0.1120),tensor(0.1111),tensor(0.1216)
977,977,tensor(0.1119),tensor(0.1108),tensor(0.1212)
978,978,tensor(0.1118),tensor(0.1105),tensor(0.1209)
979,979,tensor(0.1118),tensor(0.1101),tensor(0.1206)
980,980,tensor(0.1117),tensor(0.1098),tensor(0.1202)
981,981,tensor(0.1116),tensor(0.1095),tensor(0.1199)
982,982,tensor(0.1116),tensor(0.1091),tensor(0.1196)
983,983,tensor(0.1115),tensor(0.1088),tensor(0.1193)
984,984,tensor(0.1115),tensor(0.1085),tensor(0.1189)
985,985,tensor(0.1114),tensor(0.1082),tensor(0.1186)
986,986,tensor(0.1113),tensor(0.1078),tensor(0.1183)
987,987,tensor(0.1113),tensor(0.1075),tensor(0.1180)
988,988,tensor(0.1112),tensor(0.1072),tensor(0.1176)
989,989,tensor(0.1112),tensor(0.1069),tensor(0.1173)
990,990,tensor(0.1111),tensor(0.1066),tensor(0.1170)
991,991,tensor(0.1110),tensor(0.1062),tensor(0.1167)
992,992,tensor(0.1110),tensor(0.1059),tensor(0.1164)
993,993,tensor(0.1109),tensor(0.1056),tensor(0.1161)
994,994,tensor(0.1109),tensor(0.1053),tensor(0.1157)
995,995,tensor(0.1108),tensor(0.1050),tensor(0.1154)
996,996,tensor(0.1108),tensor(0.1047),tensor(0.1151)
997,997,tensor(0.1107),tensor(0.1044),tensor(0.1148)
998,998,tensor(0.1106),tensor(0.1041),tensor(0.1145)
999,999,tensor(0.1106),tensor(0.1037),tensor(0.1142)
1000,1000,tensor(0.1105),tensor(0.1034),tensor(0.1139)
1001,1001,tensor(0.1105),tensor(0.1031),tensor(0.1136)
1002,1002,tensor(0.1104),tensor(0.1028),tensor(0.1133)
1003,1003,tensor(0.1104),tensor(0.1025),tensor(0.1130)
1004,1004,tensor(0.1103),tensor(0.1022),tensor(0.1127)
1005,1005,tensor(0.1103),tensor(0.1019),tensor(0.1124)
1006,1006,tensor(0.1102),tensor(0.1016),tensor(0.1121)
1007,1007,tensor(0.1102),tensor(0.1013),tensor(0.1118)
1008,1008,tensor(0.1101),tensor(0.1010),tensor(0.1115)
1009,1009,tensor(0.1101),tensor(0.1007),tensor(0.1112)
1010,1010,tensor(0.1100),tensor(0.1004),tensor(0.1109)
1011,1011,tensor(0.1100),tensor(0.1001),tensor(0.1106)
1012,1012,tensor(0.1099),tensor(0.0998),tensor(0.1103)
1013,1013,tensor(0.1099),tensor(0.0995),tensor(0.1100)
1014,1014,tensor(0.1098),tensor(0.0993),tensor(0.1097)
1015,1015,tensor(0.1098),tensor(0.0990),tensor(0.1094)
1016,1016,tensor(0.1097),tensor(0.0987),tensor(0.1091)
1017,1017,tensor(0.1097),tensor(0.0984),tensor(0.1088)
1018,1018,tensor(0.1096),tensor(0.0981),tensor(0.1085)
1019,1019,tensor(0.1096),tensor(0.0978),tensor(0.1082)
1020,1020,tensor(0.1095),tensor(0.0975),tensor(0.1080)
1021,1021,tensor(0.1095),tensor(0.0972),tensor(0.1077)
1022,1022,tensor(0.1094),tensor(0.0970),tensor(0.1074)
1023,1023,tensor(0.1094),tensor(0.0967),tensor(0.1071)
1024,1024,tensor(0.1093),tensor(0.0964),tensor(0.1068)
1025,1025,tensor(0.1093),tensor(0.0961),tensor(0.1065)
1026,1026,tensor(0.1092),tensor(0.0958),tensor(0.1063)
1027,1027,tensor(0.1092),tensor(0.0956),tensor(0.1060)
1028,1028,tensor(0.1091),tensor(0.0953),tensor(0.1057)
1029,1029,tensor(0.1091),tensor(0.0950),tensor(0.1054)
1030,1030,tensor(0.1090),tensor(0.0947),tensor(0.1052)
1031,1031,tensor(0.1090),tensor(0.0945),tensor(0.1049)
1032,1032,tensor(0.1090),tensor(0.0942),tensor(0.1046)
1033,1033,tensor(0.1089),tensor(0.0939),tensor(0.1043)
1034,1034,tensor(0.1089),tensor(0.0936),tensor(0.1041)
1035,1035,tensor(0.1088),tensor(0.0934),tensor(0.1038)
1036,1036,tensor(0.1088),tensor(0.0931),tensor(0.1035)
1037,1037,tensor(0.1087),tensor(0.0928),tensor(0.1033)
1038,1038,tensor(0.1087),tensor(0.0926),tensor(0.1030)
1039,1039,tensor(0.1087),tensor(0.0923),tensor(0.1027)
1040,1040,tensor(0.1086),tensor(0.0920),tensor(0.1025)
1041,1041,tensor(0.1086),tensor(0.0918),tensor(0.1022)
1042,1042,tensor(0.1085),tensor(0.0915),tensor(0.1019)
1043,1043,tensor(0.1085),tensor(0.0912),tensor(0.1017)
1044,1044,tensor(0.1084),tensor(0.0910),tensor(0.1014)
1045,1045,tensor(0.1084),tensor(0.0907),tensor(0.1012)
1046,1046,tensor(0.1084),tensor(0.0905),tensor(0.1009)
1047,1047,tensor(0.1083),tensor(0.0902),tensor(0.1006)
1048,1048,tensor(0.1083),tensor(0.0900),tensor(0.1004)
1049,1049,tensor(0.1082),tensor(0.0897),tensor(0.1001)
1050,1050,tensor(0.1082),tensor(0.0894),tensor(0.0999)
1051,1051,tensor(0.1082),tensor(0.0892),tensor(0.0996)
1052,1052,tensor(0.1081),tensor(0.0889),tensor(0.0994)
1053,1053,tensor(0.1081),tensor(0.0887),tensor(0.0991)
1054,1054,tensor(0.1080),tensor(0.0884),tensor(0.0989)
1055,1055,tensor(0.1080),tensor(0.0882),tensor(0.0986)
1056,1056,tensor(0.1080),tensor(0.0879),tensor(0.0984)
1057,1057,tensor(0.1079),tensor(0.0877),tensor(0.0981)
1058,1058,tensor(0.1079),tensor(0.0874),tensor(0.0979)
1059,1059,tensor(0.1079),tensor(0.0872),tensor(0.0976)
1060,1060,tensor(0.1078),tensor(0.0869),tensor(0.0974)
1061,1061,tensor(0.1078),tensor(0.0867),tensor(0.0971)
1062,1062,tensor(0.1077),tensor(0.0865),tensor(0.0969)
1063,1063,tensor(0.1077),tensor(0.0862),tensor(0.0966)
1064,1064,tensor(0.1077),tensor(0.0860),tensor(0.0964)
1065,1065,tensor(0.1076),tensor(0.0857),tensor(0.0962)
1066,1066,tensor(0.1076),tensor(0.0855),tensor(0.0959)
1067,1067,tensor(0.1076),tensor(0.0853),tensor(0.0957)
1068,1068,tensor(0.1075),tensor(0.0850),tensor(0.0954)
1069,1069,tensor(0.1075),tensor(0.0848),tensor(0.0952)
1070,1070,tensor(0.1075),tensor(0.0845),tensor(0.0950)
1071,1071,tensor(0.1074),tensor(0.0843),tensor(0.0947)
1072,1072,tensor(0.1074),tensor(0.0841),tensor(0.0945)
1073,1073,tensor(0.1073),tensor(0.0838),tensor(0.0943)
1074,1074,tensor(0.1073),tensor(0.0836),tensor(0.0940)
1075,1075,tensor(0.1073),tensor(0.0834),tensor(0.0938)
1076,1076,tensor(0.1072),tensor(0.0831),tensor(0.0936)
1077,1077,tensor(0.1072),tensor(0.0829),tensor(0.0933)
1078,1078,tensor(0.1072),tensor(0.0827),tensor(0.0931)
1079,1079,tensor(0.1071),tensor(0.0825),tensor(0.0929)
1080,1080,tensor(0.1071),tensor(0.0822),tensor(0.0926)
1081,1081,tensor(0.1071),tensor(0.0820),tensor(0.0924)
1082,1082,tensor(0.1070),tensor(0.0818),tensor(0.0922)
1083,1083,tensor(0.1070),tensor(0.0816),tensor(0.0920)
1084,1084,tensor(0.1070),tensor(0.0813),tensor(0.0917)
1085,1085,tensor(0.1069),tensor(0.0811),tensor(0.0915)
1086,1086,tensor(0.1069),tensor(0.0809),tensor(0.0913)
1087,1087,tensor(0.1069),tensor(0.0807),tensor(0.0911)
1088,1088,tensor(0.1068),tensor(0.0804),tensor(0.0909)
1089,1089,tensor(0.1068),tensor(0.0802),tensor(0.0906)
1090,1090,tensor(0.1068),tensor(0.0800),tensor(0.0904)
1091,1091,tensor(0.1068),tensor(0.0798),tensor(0.0902)
1092,1092,tensor(0.1067),tensor(0.0796),tensor(0.0900)
1093,1093,tensor(0.1067),tensor(0.0794),tensor(0.0898)
1094,1094,tensor(0.1067),tensor(0.0791),tensor(0.0895)
1095,1095,tensor(0.1066),tensor(0.0789),tensor(0.0893)
1096,1096,tensor(0.1066),tensor(0.0787),tensor(0.0891)
1097,1097,tensor(0.1066),tensor(0.0785),tensor(0.0889)
1098,1098,tensor(0.1065),tensor(0.0783),tensor(0.0887)
1099,1099,tensor(0.1065),tensor(0.0781),tensor(0.0885)
1100,1100,tensor(0.1065),tensor(0.0779),tensor(0.0883)
1101,1101,tensor(0.1064),tensor(0.0777),tensor(0.0881)
1102,1102,tensor(0.1064),tensor(0.0775),tensor(0.0879)
1103,1103,tensor(0.1064),tensor(0.0772),tensor(0.0876)
1104,1104,tensor(0.1064),tensor(0.0770),tensor(0.0874)
1105,1105,tensor(0.1063),tensor(0.0768),tensor(0.0872)
1106,1106,tensor(0.1063),tensor(0.0766),tensor(0.0870)
1107,1107,tensor(0.1063),tensor(0.0764),tensor(0.0868)
1108,1108,tensor(0.1062),tensor(0.0762),tensor(0.0866)
1109,1109,tensor(0.1062),tensor(0.0760),tensor(0.0864)
1110,1110,tensor(0.1062),tensor(0.0758),tensor(0.0862)
1111,1111,tensor(0.1062),tensor(0.0756),tensor(0.0860)
1112,1112,tensor(0.1061),tensor(0.0754),tensor(0.0858)
1113,1113,tensor(0.1061),tensor(0.0752),tensor(0.0856)
1114,1114,tensor(0.1061),tensor(0.0750),tensor(0.0854)
1115,1115,tensor(0.1061),tensor(0.0748),tensor(0.0852)
1116,1116,tensor(0.1060),tensor(0.0746),tensor(0.0850)
1117,1117,tensor(0.1060),tensor(0.0744),tensor(0.0848)
1118,1118,tensor(0.1060),tensor(0.0742),tensor(0.0846)
1119,1119,tensor(0.1059),tensor(0.0740),tensor(0.0844)
1120,1120,tensor(0.1059),tensor(0.0738),tensor(0.0842)
1121,1121,tensor(0.1059),tensor(0.0737),tensor(0.0840)
1122,1122,tensor(0.1059),tensor(0.0735),tensor(0.0839)
1123,1123,tensor(0.1058),tensor(0.0733),tensor(0.0837)
1124,1124,tensor(0.1058),tensor(0.0731),tensor(0.0835)
1125,1125,tensor(0.1058),tensor(0.0729),tensor(0.0833)
1126,1126,tensor(0.1058),tensor(0.0727),tensor(0.0831)
1127,1127,tensor(0.1057),tensor(0.0725),tensor(0.0829)
1128,1128,tensor(0.1057),tensor(0.0723),tensor(0.0827)
1129,1129,tensor(0.1057),tensor(0.0721),tensor(0.0825)
1130,1130,tensor(0.1057),tensor(0.0719),tensor(0.0823)
1131,1131,tensor(0.1056),tensor(0.0718),tensor(0.0822)
1132,1132,tensor(0.1056),tensor(0.0716),tensor(0.0820)
1133,1133,tensor(0.1056),tensor(0.0714),tensor(0.0818)
1134,1134,tensor(0.1056),tensor(0.0712),tensor(0.0816)
1135,1135,tensor(0.1055),tensor(0.0710),tensor(0.0814)
1136,1136,tensor(0.1055),tensor(0.0708),tensor(0.0812)
1137,1137,tensor(0.1055),tensor(0.0707),tensor(0.0811)
1138,1138,tensor(0.1055),tensor(0.0705),tensor(0.0809)
1139,1139,tensor(0.1054),tensor(0.0703),tensor(0.0807)
1140,1140,tensor(0.1054),tensor(0.0701),tensor(0.0805)
1141,1141,tensor(0.1054),tensor(0.0699),tensor(0.0803)
1142,1142,tensor(0.1054),tensor(0.0698),tensor(0.0802)
1143,1143,tensor(0.1053),tensor(0.0696),tensor(0.0800)
1144,1144,tensor(0.1053),tensor(0.0694),tensor(0.0798)
1145,1145,tensor(0.1053),tensor(0.0692),tensor(0.0796)
1146,1146,tensor(0.1053),tensor(0.0691),tensor(0.0795)
1147,1147,tensor(0.1052),tensor(0.0689),tensor(0.0793)
1148,1148,tensor(0.1052),tensor(0.0687),tensor(0.0791)
1149,1149,tensor(0.1052),tensor(0.0685),tensor(0.0789)
1150,1150,tensor(0.1052),tensor(0.0684),tensor(0.0788)
1151,1151,tensor(0.1052),tensor(0.0682),tensor(0.0786)
1152,1152,tensor(0.1051),tensor(0.0680),tensor(0.0784)
1153,1153,tensor(0.1051),tensor(0.0679),tensor(0.0782)
1154,1154,tensor(0.1051),tensor(0.0677),tensor(0.0781)
1155,1155,tensor(0.1051),tensor(0.0675),tensor(0.0779)
1156,1156,tensor(0.1050),tensor(0.0674),tensor(0.0777)
1157,1157,tensor(0.1050),tensor(0.0672),tensor(0.0776)
1158,1158,tensor(0.1050),tensor(0.0670),tensor(0.0774)
1159,1159,tensor(0.1050),tensor(0.0669),tensor(0.0772)
1160,1160,tensor(0.1050),tensor(0.0667),tensor(0.0771)
1161,1161,tensor(0.1049),tensor(0.0665),tensor(0.0769)
1162,1162,tensor(0.1049),tensor(0.0664),tensor(0.0767)
1163,1163,tensor(0.1049),tensor(0.0662),tensor(0.0766)
1164,1164,tensor(0.1049),tensor(0.0660),tensor(0.0764)
1165,1165,tensor(0.1048),tensor(0.0659),tensor(0.0763)
1166,1166,tensor(0.1048),tensor(0.0657),tensor(0.0761)
1167,1167,tensor(0.1048),tensor(0.0656),tensor(0.0759)
1168,1168,tensor(0.1048),tensor(0.0654),tensor(0.0758)
1169,1169,tensor(0.1048),tensor(0.0652),tensor(0.0756)
1170,1170,tensor(0.1047),tensor(0.0651),tensor(0.0755)
1171,1171,tensor(0.1047),tensor(0.0649),tensor(0.0753)
1172,1172,tensor(0.1047),tensor(0.0648),tensor(0.0751)
1173,1173,tensor(0.1047),tensor(0.0646),tensor(0.0750)
1174,1174,tensor(0.1047),tensor(0.0645),tensor(0.0748)
1175,1175,tensor(0.1046),tensor(0.0643),tensor(0.0747)
1176,1176,tensor(0.1046),tensor(0.0642),tensor(0.0745)
1177,1177,tensor(0.1046),tensor(0.0640),tensor(0.0744)
1178,1178,tensor(0.1046),tensor(0.0638),tensor(0.0742)
1179,1179,tensor(0.1046),tensor(0.0637),tensor(0.0741)
1180,1180,tensor(0.1045),tensor(0.0635),tensor(0.0739)
1181,1181,tensor(0.1045),tensor(0.0634),tensor(0.0738)
1182,1182,tensor(0.1045),tensor(0.0632),tensor(0.0736)
1183,1183,tensor(0.1045),tensor(0.0631),tensor(0.0735)
1184,1184,tensor(0.1045),tensor(0.0629),tensor(0.0733)
1185,1185,tensor(0.1044),tensor(0.0628),tensor(0.0732)
1186,1186,tensor(0.1044),tensor(0.0626),tensor(0.0730)
1187,1187,tensor(0.1044),tensor(0.0625),tensor(0.0729)
1188,1188,tensor(0.1044),tensor(0.0624),tensor(0.0727)
1189,1189,tensor(0.1044),tensor(0.0622),tensor(0.0726)
1190,1190,tensor(0.1043),tensor(0.0621),tensor(0.0724)
1191,1191,tensor(0.1043),tensor(0.0619),tensor(0.0723)
1192,1192,tensor(0.1043),tensor(0.0618),tensor(0.0721)
1193,1193,tensor(0.1043),tensor(0.0616),tensor(0.0720)
1194,1194,tensor(0.1043),tensor(0.0615),tensor(0.0718)
1195,1195,tensor(0.1043),tensor(0.0613),tensor(0.0717)
1196,1196,tensor(0.1042),tensor(0.0612),tensor(0.0716)
1197,1197,tensor(0.1042),tensor(0.0611),tensor(0.0714)
1198,1198,tensor(0.1042),tensor(0.0609),tensor(0.0713)
1199,1199,tensor(0.1042),tensor(0.0608),tensor(0.0711)
1200,1200,tensor(0.1042),tensor(0.0606),tensor(0.0710)
1201,1201,tensor(0.1041),tensor(0.0605),tensor(0.0709)
1202,1202,tensor(0.1041),tensor(0.0604),tensor(0.0707)
1203,1203,tensor(0.1041),tensor(0.0602),tensor(0.0706)
1204,1204,tensor(0.1041),tensor(0.0601),tensor(0.0704)
1205,1205,tensor(0.1041),tensor(0.0600),tensor(0.0703)
1206,1206,tensor(0.1041),tensor(0.0598),tensor(0.0702)
1207,1207,tensor(0.1040),tensor(0.0597),tensor(0.0700)
1208,1208,tensor(0.1040),tensor(0.0595),tensor(0.0699)
1209,1209,tensor(0.1040),tensor(0.0594),tensor(0.0698)
1210,1210,tensor(0.1040),tensor(0.0593),tensor(0.0696)
1211,1211,tensor(0.1040),tensor(0.0591),tensor(0.0695)
1212,1212,tensor(0.1039),tensor(0.0590),tensor(0.0694)
1213,1213,tensor(0.1039),tensor(0.0589),tensor(0.0692)
1214,1214,tensor(0.1039),tensor(0.0587),tensor(0.0691)
1215,1215,tensor(0.1039),tensor(0.0586),tensor(0.0690)
1216,1216,tensor(0.1039),tensor(0.0585),tensor(0.0688)
1217,1217,tensor(0.1039),tensor(0.0584),tensor(0.0687)
1218,1218,tensor(0.1038),tensor(0.0582),tensor(0.0686)
1219,1219,tensor(0.1038),tensor(0.0581),tensor(0.0685)
1220,1220,tensor(0.1038),tensor(0.0580),tensor(0.0683)
1221,1221,tensor(0.1038),tensor(0.0578),tensor(0.0682)
1222,1222,tensor(0.1038),tensor(0.0577),tensor(0.0681)
1223,1223,tensor(0.1038),tensor(0.0576),tensor(0.0679)
1224,1224,tensor(0.1037),tensor(0.0575),tensor(0.0678)
1225,1225,tensor(0.1037),tensor(0.0573),tensor(0.0677)
1226,1226,tensor(0.1037),tensor(0.0572),tensor(0.0676)
1227,1227,tensor(0.1037),tensor(0.0571),tensor(0.0674)
1228,1228,tensor(0.1037),tensor(0.0570),tensor(0.0673)
1229,1229,tensor(0.1037),tensor(0.0568),tensor(0.0672)
1230,1230,tensor(0.1036),tensor(0.0567),tensor(0.0671)
1231,1231,tensor(0.1036),tensor(0.0566),tensor(0.0669)
1232,1232,tensor(0.1036),tensor(0.0565),tensor(0.0668)
1233,1233,tensor(0.1036),tensor(0.0564),tensor(0.0667)
1234,1234,tensor(0.1036),tensor(0.0562),tensor(0.0666)
1235,1235,tensor(0.1036),tensor(0.0561),tensor(0.0665)
1236,1236,tensor(0.1035),tensor(0.0560),tensor(0.0663)
1237,1237,tensor(0.1035),tensor(0.0559),tensor(0.0662)
1238,1238,tensor(0.1035),tensor(0.0558),tensor(0.0661)
1239,1239,tensor(0.1035),tensor(0.0556),tensor(0.0660)
1240,1240,tensor(0.1035),tensor(0.0555),tensor(0.0659)
1241,1241,tensor(0.1035),tensor(0.0554),tensor(0.0658)
1242,1242,tensor(0.1035),tensor(0.0553),tensor(0.0656)
1243,1243,tensor(0.1034),tensor(0.0552),tensor(0.0655)
1244,1244,tensor(0.1034),tensor(0.0551),tensor(0.0654)
1245,1245,tensor(0.1034),tensor(0.0549),tensor(0.0653)
1246,1246,tensor(0.1034),tensor(0.0548),tensor(0.0652)
1247,1247,tensor(0.1034),tensor(0.0547),tensor(0.0651)
1248,1248,tensor(0.1034),tensor(0.0546),tensor(0.0649)
1249,1249,tensor(0.1033),tensor(0.0545),tensor(0.0648)
1250,1250,tensor(0.1033),tensor(0.0544),tensor(0.0647)
1251,1251,tensor(0.1033),tensor(0.0543),tensor(0.0646)
1252,1252,tensor(0.1033),tensor(0.0542),tensor(0.0645)
1253,1253,tensor(0.1033),tensor(0.0540),tensor(0.0644)
1254,1254,tensor(0.1033),tensor(0.0539),tensor(0.0643)
1255,1255,tensor(0.1033),tensor(0.0538),tensor(0.0642)
1256,1256,tensor(0.1032),tensor(0.0537),tensor(0.0641)
1257,1257,tensor(0.1032),tensor(0.0536),tensor(0.0639)
1258,1258,tensor(0.1032),tensor(0.0535),tensor(0.0638)
1259,1259,tensor(0.1032),tensor(0.0534),tensor(0.0637)
1260,1260,tensor(0.1032),tensor(0.0533),tensor(0.0636)
1261,1261,tensor(0.1032),tensor(0.0532),tensor(0.0635)
1262,1262,tensor(0.1031),tensor(0.0531),tensor(0.0634)
1263,1263,tensor(0.1031),tensor(0.0530),tensor(0.0633)
1264,1264,tensor(0.1031),tensor(0.0529),tensor(0.0632)
1265,1265,tensor(0.1031),tensor(0.0528),tensor(0.0631)
1266,1266,tensor(0.1031),tensor(0.0526),tensor(0.0630)
1267,1267,tensor(0.1031),tensor(0.0525),tensor(0.0629)
1268,1268,tensor(0.1031),tensor(0.0524),tensor(0.0628)
1269,1269,tensor(0.1030),tensor(0.0523),tensor(0.0627)
1270,1270,tensor(0.1030),tensor(0.0522),tensor(0.0626)
1271,1271,tensor(0.1030),tensor(0.0521),tensor(0.0625)
1272,1272,tensor(0.1030),tensor(0.0520),tensor(0.0624)
1273,1273,tensor(0.1030),tensor(0.0519),tensor(0.0623)
1274,1274,tensor(0.1030),tensor(0.0518),tensor(0.0622)
1275,1275,tensor(0.1030),tensor(0.0517),tensor(0.0621)
1276,1276,tensor(0.1029),tensor(0.0516),tensor(0.0620)
1277,1277,tensor(0.1029),tensor(0.0515),tensor(0.0619)
1278,1278,tensor(0.1029),tensor(0.0514),tensor(0.0618)
1279,1279,tensor(0.1029),tensor(0.0513),tensor(0.0617)
1280,1280,tensor(0.1029),tensor(0.0512),tensor(0.0616)
1281,1281,tensor(0.1029),tensor(0.0511),tensor(0.0615)
1282,1282,tensor(0.1029),tensor(0.0510),tensor(0.0614)
1283,1283,tensor(0.1028),tensor(0.0509),tensor(0.0613)
1284,1284,tensor(0.1028),tensor(0.0508),tensor(0.0612)
1285,1285,tensor(0.1028),tensor(0.0507),tensor(0.0611)
1286,1286,tensor(0.1028),tensor(0.0506),tensor(0.0610)
1287,1287,tensor(0.1028),tensor(0.0506),tensor(0.0609)
1288,1288,tensor(0.1028),tensor(0.0505),tensor(0.0608)
1289,1289,tensor(0.1028),tensor(0.0504),tensor(0.0607)
1290,1290,tensor(0.1028),tensor(0.0503),tensor(0.0606)
1291,1291,tensor(0.1027),tensor(0.0502),tensor(0.0605)
1292,1292,tensor(0.1027),tensor(0.0501),tensor(0.0604)
1293,1293,tensor(0.1027),tensor(0.0500),tensor(0.0603)
1294,1294,tensor(0.1027),tensor(0.0499),tensor(0.0602)
1295,1295,tensor(0.1027),tensor(0.0498),tensor(0.0601)
1296,1296,tensor(0.1027),tensor(0.0497),tensor(0.0600)
1297,1297,tensor(0.1027),tensor(0.0496),tensor(0.0599)
1298,1298,tensor(0.1026),tensor(0.0495),tensor(0.0599)
1299,1299,tensor(0.1026),tensor(0.0494),tensor(0.0598)
1300,1300,tensor(0.1026),tensor(0.0494),tensor(0.0597)
1301,1301,tensor(0.1026),tensor(0.0493),tensor(0.0596)
1302,1302,tensor(0.1026),tensor(0.0492),tensor(0.0595)
1303,1303,tensor(0.1026),tensor(0.0491),tensor(0.0594)
1304,1304,tensor(0.1026),tensor(0.0490),tensor(0.0593)
1305,1305,tensor(0.1026),tensor(0.0489),tensor(0.0592)
1306,1306,tensor(0.1025),tensor(0.0488),tensor(0.0591)
1307,1307,tensor(0.1025),tensor(0.0487),tensor(0.0590)
1308,1308,tensor(0.1025),tensor(0.0486),tensor(0.0590)
1309,1309,tensor(0.1025),tensor(0.0486),tensor(0.0589)
1310,1310,tensor(0.1025),tensor(0.0485),tensor(0.0588)
1311,1311,tensor(0.1025),tensor(0.0484),tensor(0.0587)
1312,1312,tensor(0.1025),tensor(0.0483),tensor(0.0586)
1313,1313,tensor(0.1025),tensor(0.0482),tensor(0.0585)
1314,1314,tensor(0.1024),tensor(0.0481),tensor(0.0584)
1315,1315,tensor(0.1024),tensor(0.0481),tensor(0.0584)
1316,1316,tensor(0.1024),tensor(0.0480),tensor(0.0583)
1317,1317,tensor(0.1024),tensor(0.0479),tensor(0.0582)
1318,1318,tensor(0.1024),tensor(0.0478),tensor(0.0581)
1319,1319,tensor(0.1024),tensor(0.0477),tensor(0.0580)
1320,1320,tensor(0.1024),tensor(0.0476),tensor(0.0579)
1321,1321,tensor(0.1023),tensor(0.0476),tensor(0.0579)
1322,1322,tensor(0.1023),tensor(0.0475),tensor(0.0578)
1323,1323,tensor(0.1023),tensor(0.0474),tensor(0.0577)
1324,1324,tensor(0.1023),tensor(0.0473),tensor(0.0576)
1325,1325,tensor(0.1023),tensor(0.0472),tensor(0.0575)
1326,1326,tensor(0.1023),tensor(0.0472),tensor(0.0575)
1327,1327,tensor(0.1023),tensor(0.0471),tensor(0.0574)
1328,1328,tensor(0.1023),tensor(0.0470),tensor(0.0573)
1329,1329,tensor(0.1022),tensor(0.0469),tensor(0.0572)
1330,1330,tensor(0.1022),tensor(0.0468),tensor(0.0571)
1331,1331,tensor(0.1022),tensor(0.0468),tensor(0.0571)
1332,1332,tensor(0.1022),tensor(0.0467),tensor(0.0570)
1333,1333,tensor(0.1022),tensor(0.0466),tensor(0.0569)
1334,1334,tensor(0.1022),tensor(0.0465),tensor(0.0568)
1335,1335,tensor(0.1022),tensor(0.0465),tensor(0.0568)
1336,1336,tensor(0.1022),tensor(0.0464),tensor(0.0567)
1337,1337,tensor(0.1022),tensor(0.0463),tensor(0.0566)
1338,1338,tensor(0.1021),tensor(0.0462),tensor(0.0565)
1339,1339,tensor(0.1021),tensor(0.0461),tensor(0.0565)
1340,1340,tensor(0.1021),tensor(0.0461),tensor(0.0564)
1341,1341,tensor(0.1021),tensor(0.0460),tensor(0.0563)
1342,1342,tensor(0.1021),tensor(0.0459),tensor(0.0562)
1343,1343,tensor(0.1021),tensor(0.0459),tensor(0.0562)
1344,1344,tensor(0.1021),tensor(0.0458),tensor(0.0561)
1345,1345,tensor(0.1021),tensor(0.0457),tensor(0.0560)
1346,1346,tensor(0.1020),tensor(0.0456),tensor(0.0559)
1347,1347,tensor(0.1020),tensor(0.0456),tensor(0.0559)
1348,1348,tensor(0.1020),tensor(0.0455),tensor(0.0558)
1349,1349,tensor(0.1020),tensor(0.0454),tensor(0.0557)
1350,1350,tensor(0.1020),tensor(0.0453),tensor(0.0556)
1351,1351,tensor(0.1020),tensor(0.0453),tensor(0.0556)
1352,1352,tensor(0.1020),tensor(0.0452),tensor(0.0555)
1353,1353,tensor(0.1020),tensor(0.0451),tensor(0.0554)
1354,1354,tensor(0.1019),tensor(0.0451),tensor(0.0554)
1355,1355,tensor(0.1019),tensor(0.0450),tensor(0.0553)
1356,1356,tensor(0.1019),tensor(0.0449),tensor(0.0552)
1357,1357,tensor(0.1019),tensor(0.0449),tensor(0.0551)
1358,1358,tensor(0.1019),tensor(0.0448),tensor(0.0551)
1359,1359,tensor(0.1019),tensor(0.0447),tensor(0.0550)
1360,1360,tensor(0.1019),tensor(0.0446),tensor(0.0549)
1361,1361,tensor(0.1019),tensor(0.0446),tensor(0.0549)
1362,1362,tensor(0.1019),tensor(0.0445),tensor(0.0548)
1363,1363,tensor(0.1018),tensor(0.0444),tensor(0.0547)
1364,1364,tensor(0.1018),tensor(0.0444),tensor(0.0547)
1365,1365,tensor(0.1018),tensor(0.0443),tensor(0.0546)
1366,1366,tensor(0.1018),tensor(0.0442),tensor(0.0545)
1367,1367,tensor(0.1018),tensor(0.0442),tensor(0.0545)
1368,1368,tensor(0.1018),tensor(0.0441),tensor(0.0544)
1369,1369,tensor(0.1018),tensor(0.0440),tensor(0.0543)
1370,1370,tensor(0.1018),tensor(0.0440),tensor(0.0543)
1371,1371,tensor(0.1017),tensor(0.0439),tensor(0.0542)
1372,1372,tensor(0.1017),tensor(0.0439),tensor(0.0541)
1373,1373,tensor(0.1017),tensor(0.0438),tensor(0.0541)
1374,1374,tensor(0.1017),tensor(0.0437),tensor(0.0540)
1375,1375,tensor(0.1017),tensor(0.0437),tensor(0.0540)
1376,1376,tensor(0.1017),tensor(0.0436),tensor(0.0539)
1377,1377,tensor(0.1017),tensor(0.0435),tensor(0.0538)
1378,1378,tensor(0.1017),tensor(0.0435),tensor(0.0538)
1379,1379,tensor(0.1017),tensor(0.0434),tensor(0.0537)
1380,1380,tensor(0.1016),tensor(0.0434),tensor(0.0536)
1381,1381,tensor(0.1016),tensor(0.0433),tensor(0.0536)
1382,1382,tensor(0.1016),tensor(0.0432),tensor(0.0535)
1383,1383,tensor(0.1016),tensor(0.0432),tensor(0.0535)
1384,1384,tensor(0.1016),tensor(0.0431),tensor(0.0534)
1385,1385,tensor(0.1016),tensor(0.0430),tensor(0.0533)
1386,1386,tensor(0.1016),tensor(0.0430),tensor(0.0533)
1387,1387,tensor(0.1016),tensor(0.0429),tensor(0.0532)
1388,1388,tensor(0.1016),tensor(0.0429),tensor(0.0532)
1389,1389,tensor(0.1015),tensor(0.0428),tensor(0.0531)
1390,1390,tensor(0.1015),tensor(0.0427),tensor(0.0530)
1391,1391,tensor(0.1015),tensor(0.0427),tensor(0.0530)
1392,1392,tensor(0.1015),tensor(0.0426),tensor(0.0529)
1393,1393,tensor(0.1015),tensor(0.0426),tensor(0.0529)
1394,1394,tensor(0.1015),tensor(0.0425),tensor(0.0528)
1395,1395,tensor(0.1015),tensor(0.0425),tensor(0.0527)
1396,1396,tensor(0.1015),tensor(0.0424),tensor(0.0527)
1397,1397,tensor(0.1015),tensor(0.0423),tensor(0.0526)
1398,1398,tensor(0.1014),tensor(0.0423),tensor(0.0526)
1399,1399,tensor(0.1014),tensor(0.0422),tensor(0.0525)
1400,1400,tensor(0.1014),tensor(0.0422),tensor(0.0525)
1401,1401,tensor(0.1014),tensor(0.0421),tensor(0.0524)
1402,1402,tensor(0.1014),tensor(0.0421),tensor(0.0523)
1403,1403,tensor(0.1014),tensor(0.0420),tensor(0.0523)
1404,1404,tensor(0.1014),tensor(0.0419),tensor(0.0522)
1405,1405,tensor(0.1014),tensor(0.0419),tensor(0.0522)
1406,1406,tensor(0.1014),tensor(0.0418),tensor(0.0521)
1407,1407,tensor(0.1013),tensor(0.0418),tensor(0.0521)
1408,1408,tensor(0.1013),tensor(0.0417),tensor(0.0520)
1409,1409,tensor(0.1013),tensor(0.0417),tensor(0.0520)
1410,1410,tensor(0.1013),tensor(0.0416),tensor(0.0519)
1411,1411,tensor(0.1013),tensor(0.0416),tensor(0.0518)
1412,1412,tensor(0.1013),tensor(0.0415),tensor(0.0518)
1413,1413,tensor(0.1013),tensor(0.0415),tensor(0.0517)
1414,1414,tensor(0.1013),tensor(0.0414),tensor(0.0517)
1415,1415,tensor(0.1013),tensor(0.0414),tensor(0.0516)
1416,1416,tensor(0.1012),tensor(0.0413),tensor(0.0516)
1417,1417,tensor(0.1012),tensor(0.0413),tensor(0.0515)
1418,1418,tensor(0.1012),tensor(0.0412),tensor(0.0515)
1419,1419,tensor(0.1012),tensor(0.0412),tensor(0.0514)
1420,1420,tensor(0.1012),tensor(0.0411),tensor(0.0514)
1421,1421,tensor(0.1012),tensor(0.0411),tensor(0.0513)
1422,1422,tensor(0.1012),tensor(0.0410),tensor(0.0513)
1423,1423,tensor(0.1012),tensor(0.0409),tensor(0.0512)
1424,1424,tensor(0.1012),tensor(0.0409),tensor(0.0512)
1425,1425,tensor(0.1011),tensor(0.0408),tensor(0.0511)
1426,1426,tensor(0.1011),tensor(0.0408),tensor(0.0511)
1427,1427,tensor(0.1011),tensor(0.0408),tensor(0.0510)
1428,1428,tensor(0.1011),tensor(0.0407),tensor(0.0510)
1429,1429,tensor(0.1011),tensor(0.0407),tensor(0.0509)
1430,1430,tensor(0.1011),tensor(0.0406),tensor(0.0509)
1431,1431,tensor(0.1011),tensor(0.0406),tensor(0.0508)
1432,1432,tensor(0.1011),tensor(0.0405),tensor(0.0508)
1433,1433,tensor(0.1011),tensor(0.0405),tensor(0.0507)
1434,1434,tensor(0.1011),tensor(0.0404),tensor(0.0507)
1435,1435,tensor(0.1010),tensor(0.0404),tensor(0.0506)
1436,1436,tensor(0.1010),tensor(0.0403),tensor(0.0506)
1437,1437,tensor(0.1010),tensor(0.0403),tensor(0.0505)
1438,1438,tensor(0.1010),tensor(0.0402),tensor(0.0505)
1439,1439,tensor(0.1010),tensor(0.0402),tensor(0.0504)
1440,1440,tensor(0.1010),tensor(0.0401),tensor(0.0504)
1441,1441,tensor(0.1010),tensor(0.0401),tensor(0.0504)
1442,1442,tensor(0.1010),tensor(0.0400),tensor(0.0503)
1443,1443,tensor(0.1010),tensor(0.0400),tensor(0.0503)
1444,1444,tensor(0.1009),tensor(0.0399),tensor(0.0502)
1445,1445,tensor(0.1009),tensor(0.0399),tensor(0.0502)
1446,1446,tensor(0.1009),tensor(0.0399),tensor(0.0501)
1447,1447,tensor(0.1009),tensor(0.0398),tensor(0.0501)
1448,1448,tensor(0.1009),tensor(0.0398),tensor(0.0500)
1449,1449,tensor(0.1009),tensor(0.0397),tensor(0.0500)
1450,1450,tensor(0.1009),tensor(0.0397),tensor(0.0499)
1451,1451,tensor(0.1009),tensor(0.0396),tensor(0.0499)
1452,1452,tensor(0.1009),tensor(0.0396),tensor(0.0499)
1453,1453,tensor(0.1009),tensor(0.0395),tensor(0.0498)
1454,1454,tensor(0.1008),tensor(0.0395),tensor(0.0498)
1455,1455,tensor(0.1008),tensor(0.0395),tensor(0.0497)
1456,1456,tensor(0.1008),tensor(0.0394),tensor(0.0497)
1457,1457,tensor(0.1008),tensor(0.0394),tensor(0.0496)
1458,1458,tensor(0.1008),tensor(0.0393),tensor(0.0496)
1459,1459,tensor(0.1008),tensor(0.0393),tensor(0.0496)
1460,1460,tensor(0.1008),tensor(0.0393),tensor(0.0495)
1461,1461,tensor(0.1008),tensor(0.0392),tensor(0.0495)
1462,1462,tensor(0.1008),tensor(0.0392),tensor(0.0494)
1463,1463,tensor(0.1007),tensor(0.0391),tensor(0.0494)
1464,1464,tensor(0.1007),tensor(0.0391),tensor(0.0493)
1465,1465,tensor(0.1007),tensor(0.0390),tensor(0.0493)
1466,1466,tensor(0.1007),tensor(0.0390),tensor(0.0493)
1467,1467,tensor(0.1007),tensor(0.0390),tensor(0.0492)
1468,1468,tensor(0.1007),tensor(0.0389),tensor(0.0492)
1469,1469,tensor(0.1007),tensor(0.0389),tensor(0.0491)
1470,1470,tensor(0.1007),tensor(0.0388),tensor(0.0491)
1471,1471,tensor(0.1007),tensor(0.0388),tensor(0.0491)
1472,1472,tensor(0.1007),tensor(0.0388),tensor(0.0490)
1473,1473,tensor(0.1006),tensor(0.0387),tensor(0.0490)
1474,1474,tensor(0.1006),tensor(0.0387),tensor(0.0489)
1475,1475,tensor(0.1006),tensor(0.0386),tensor(0.0489)
1476,1476,tensor(0.1006),tensor(0.0386),tensor(0.0489)
1477,1477,tensor(0.1006),tensor(0.0386),tensor(0.0488)
1478,1478,tensor(0.1006),tensor(0.0385),tensor(0.0488)
1479,1479,tensor(0.1006),tensor(0.0385),tensor(0.0488)
1480,1480,tensor(0.1006),tensor(0.0385),tensor(0.0487)
1481,1481,tensor(0.1006),tensor(0.0384),tensor(0.0487)
1482,1482,tensor(0.1006),tensor(0.0384),tensor(0.0486)
1483,1483,tensor(0.1005),tensor(0.0383),tensor(0.0486)
1484,1484,tensor(0.1005),tensor(0.0383),tensor(0.0486)
1485,1485,tensor(0.1005),tensor(0.0383),tensor(0.0485)
1486,1486,tensor(0.1005),tensor(0.0382),tensor(0.0485)
1487,1487,tensor(0.1005),tensor(0.0382),tensor(0.0485)
1488,1488,tensor(0.1005),tensor(0.0382),tensor(0.0484)
1489,1489,tensor(0.1005),tensor(0.0381),tensor(0.0484)
1490,1490,tensor(0.1005),tensor(0.0381),tensor(0.0483)
1491,1491,tensor(0.1005),tensor(0.0381),tensor(0.0483)
1492,1492,tensor(0.1004),tensor(0.0380),tensor(0.0483)
1493,1493,tensor(0.1004),tensor(0.0380),tensor(0.0482)
1494,1494,tensor(0.1004),tensor(0.0379),tensor(0.0482)
1495,1495,tensor(0.1004),tensor(0.0379),tensor(0.0482)
1496,1496,tensor(0.1004),tensor(0.0379),tensor(0.0481)
1497,1497,tensor(0.1004),tensor(0.0378),tensor(0.0481)
1498,1498,tensor(0.1004),tensor(0.0378),tensor(0.0481)
1499,1499,tensor(0.1004),tensor(0.0378),tensor(0.0480)
1500,1500,tensor(0.1004),tensor(0.0377),tensor(0.0480)
1501,1501,tensor(0.1004),tensor(0.0377),tensor(0.0480)
1502,1502,tensor(0.1003),tensor(0.0377),tensor(0.0479)
1503,1503,tensor(0.1003),tensor(0.0376),tensor(0.0479)
1504,1504,tensor(0.1003),tensor(0.0376),tensor(0.0479)
1505,1505,tensor(0.1003),tensor(0.0376),tensor(0.0478)
1506,1506,tensor(0.1003),tensor(0.0375),tensor(0.0478)
1507,1507,tensor(0.1003),tensor(0.0375),tensor(0.0478)
1508,1508,tensor(0.1003),tensor(0.0375),tensor(0.0477)
1509,1509,tensor(0.1003),tensor(0.0374),tensor(0.0477)
1510,1510,tensor(0.1003),tensor(0.0374),tensor(0.0477)
1511,1511,tensor(0.1003),tensor(0.0374),tensor(0.0476)
1512,1512,tensor(0.1002),tensor(0.0373),tensor(0.0476)
1513,1513,tensor(0.1002),tensor(0.0373),tensor(0.0476)
1514,1514,tensor(0.1002),tensor(0.0373),tensor(0.0475)
1515,1515,tensor(0.1002),tensor(0.0372),tensor(0.0475)
1516,1516,tensor(0.1002),tensor(0.0372),tensor(0.0475)
1517,1517,tensor(0.1002),tensor(0.0372),tensor(0.0474)
1518,1518,tensor(0.1002),tensor(0.0371),tensor(0.0474)
1519,1519,tensor(0.1002),tensor(0.0371),tensor(0.0474)
1520,1520,tensor(0.1002),tensor(0.0371),tensor(0.0473)
1521,1521,tensor(0.1002),tensor(0.0371),tensor(0.0473)
1522,1522,tensor(0.1001),tensor(0.0370),tensor(0.0473)
1523,1523,tensor(0.1001),tensor(0.0370),tensor(0.0472)
1524,1524,tensor(0.1001),tensor(0.0370),tensor(0.0472)
1525,1525,tensor(0.1001),tensor(0.0369),tensor(0.0472)
1526,1526,tensor(0.1001),tensor(0.0369),tensor(0.0472)
1527,1527,tensor(0.1001),tensor(0.0369),tensor(0.0471)
1528,1528,tensor(0.1001),tensor(0.0368),tensor(0.0471)
1529,1529,tensor(0.1001),tensor(0.0368),tensor(0.0471)
1530,1530,tensor(0.1001),tensor(0.0368),tensor(0.0470)
1531,1531,tensor(0.1001),tensor(0.0368),tensor(0.0470)
1532,1532,tensor(0.1000),tensor(0.0367),tensor(0.0470)
1533,1533,tensor(0.1000),tensor(0.0367),tensor(0.0469)
1534,1534,tensor(0.1000),tensor(0.0367),tensor(0.0469)
1535,1535,tensor(0.1000),tensor(0.0366),tensor(0.0469)
1536,1536,tensor(0.1000),tensor(0.0366),tensor(0.0469)
1537,1537,tensor(0.1000),tensor(0.0366),tensor(0.0468)
1538,1538,tensor(0.1000),tensor(0.0366),tensor(0.0468)
1539,1539,tensor(0.1000),tensor(0.0365),tensor(0.0468)
1540,1540,tensor(0.1000),tensor(0.0365),tensor(0.0467)
1541,1541,tensor(0.1000),tensor(0.0365),tensor(0.0467)
1542,1542,tensor(0.0999),tensor(0.0364),tensor(0.0467)
1543,1543,tensor(0.0999),tensor(0.0364),tensor(0.0467)
1544,1544,tensor(0.0999),tensor(0.0364),tensor(0.0466)
1545,1545,tensor(0.0999),tensor(0.0364),tensor(0.0466)
1546,1546,tensor(0.0999),tensor(0.0363),tensor(0.0466)
1547,1547,tensor(0.0999),tensor(0.0363),tensor(0.0466)
1548,1548,tensor(0.0999),tensor(0.0363),tensor(0.0465)
1549,1549,tensor(0.0999),tensor(0.0363),tensor(0.0465)
1550,1550,tensor(0.0999),tensor(0.0362),tensor(0.0465)
1551,1551,tensor(0.0999),tensor(0.0362),tensor(0.0464)
1552,1552,tensor(0.0998),tensor(0.0362),tensor(0.0464)
1553,1553,tensor(0.0998),tensor(0.0362),tensor(0.0464)
1554,1554,tensor(0.0998),tensor(0.0361),tensor(0.0464)
1555,1555,tensor(0.0998),tensor(0.0361),tensor(0.0463)
1556,1556,tensor(0.0998),tensor(0.0361),tensor(0.0463)
1557,1557,tensor(0.0998),tensor(0.0361),tensor(0.0463)
1558,1558,tensor(0.0998),tensor(0.0360),tensor(0.0463)
1559,1559,tensor(0.0998),tensor(0.0360),tensor(0.0462)
1560,1560,tensor(0.0998),tensor(0.0360),tensor(0.0462)
1561,1561,tensor(0.0998),tensor(0.0360),tensor(0.0462)
1562,1562,tensor(0.0997),tensor(0.0359),tensor(0.0462)
1563,1563,tensor(0.0997),tensor(0.0359),tensor(0.0461)
1564,1564,tensor(0.0997),tensor(0.0359),tensor(0.0461)
1565,1565,tensor(0.0997),tensor(0.0359),tensor(0.0461)
1566,1566,tensor(0.0997),tensor(0.0358),tensor(0.0461)
1567,1567,tensor(0.0997),tensor(0.0358),tensor(0.0460)
1568,1568,tensor(0.0997),tensor(0.0358),tensor(0.0460)
1569,1569,tensor(0.0997),tensor(0.0358),tensor(0.0460)
1570,1570,tensor(0.0997),tensor(0.0357),tensor(0.0460)
1571,1571,tensor(0.0997),tensor(0.0357),tensor(0.0459)
1572,1572,tensor(0.0997),tensor(0.0357),tensor(0.0459)
1573,1573,tensor(0.0996),tensor(0.0357),tensor(0.0459)
1574,1574,tensor(0.0996),tensor(0.0356),tensor(0.0459)
1575,1575,tensor(0.0996),tensor(0.0356),tensor(0.0458)
1576,1576,tensor(0.0996),tensor(0.0356),tensor(0.0458)
1577,1577,tensor(0.0996),tensor(0.0356),tensor(0.0458)
1578,1578,tensor(0.0996),tensor(0.0355),tensor(0.0458)
1579,1579,tensor(0.0996),tensor(0.0355),tensor(0.0458)
1580,1580,tensor(0.0996),tensor(0.0355),tensor(0.0457)
1581,1581,tensor(0.0996),tensor(0.0355),tensor(0.0457)
1582,1582,tensor(0.0996),tensor(0.0355),tensor(0.0457)
1583,1583,tensor(0.0995),tensor(0.0354),tensor(0.0457)
1584,1584,tensor(0.0995),tensor(0.0354),tensor(0.0456)
1585,1585,tensor(0.0995),tensor(0.0354),tensor(0.0456)
1586,1586,tensor(0.0995),tensor(0.0354),tensor(0.0456)
1587,1587,tensor(0.0995),tensor(0.0353),tensor(0.0456)
1588,1588,tensor(0.0995),tensor(0.0353),tensor(0.0456)
1589,1589,tensor(0.0995),tensor(0.0353),tensor(0.0455)
1590,1590,tensor(0.0995),tensor(0.0353),tensor(0.0455)
1591,1591,tensor(0.0995),tensor(0.0353),tensor(0.0455)
1592,1592,tensor(0.0995),tensor(0.0352),tensor(0.0455)
1593,1593,tensor(0.0994),tensor(0.0352),tensor(0.0454)
1594,1594,tensor(0.0994),tensor(0.0352),tensor(0.0454)
1595,1595,tensor(0.0994),tensor(0.0352),tensor(0.0454)
1596,1596,tensor(0.0994),tensor(0.0352),tensor(0.0454)
1597,1597,tensor(0.0994),tensor(0.0351),tensor(0.0454)
1598,1598,tensor(0.0994),tensor(0.0351),tensor(0.0453)
1599,1599,tensor(0.0994),tensor(0.0351),tensor(0.0453)
1600,1600,tensor(0.0994),tensor(0.0351),tensor(0.0453)
1601,1601,tensor(0.0994),tensor(0.0351),tensor(0.0453)
1602,1602,tensor(0.0994),tensor(0.0350),tensor(0.0453)
1603,1603,tensor(0.0994),tensor(0.0350),tensor(0.0452)
1604,1604,tensor(0.0993),tensor(0.0350),tensor(0.0452)
1605,1605,tensor(0.0993),tensor(0.0350),tensor(0.0452)
1606,1606,tensor(0.0993),tensor(0.0350),tensor(0.0452)
1607,1607,tensor(0.0993),tensor(0.0349),tensor(0.0452)
1608,1608,tensor(0.0993),tensor(0.0349),tensor(0.0451)
1609,1609,tensor(0.0993),tensor(0.0349),tensor(0.0451)
1610,1610,tensor(0.0993),tensor(0.0349),tensor(0.0451)
1611,1611,tensor(0.0993),tensor(0.0349),tensor(0.0451)
1612,1612,tensor(0.0993),tensor(0.0348),tensor(0.0451)
1613,1613,tensor(0.0993),tensor(0.0348),tensor(0.0450)
1614,1614,tensor(0.0992),tensor(0.0348),tensor(0.0450)
1615,1615,tensor(0.0992),tensor(0.0348),tensor(0.0450)
1616,1616,tensor(0.0992),tensor(0.0348),tensor(0.0450)
1617,1617,tensor(0.0992),tensor(0.0347),tensor(0.0450)
1618,1618,tensor(0.0992),tensor(0.0347),tensor(0.0450)
1619,1619,tensor(0.0992),tensor(0.0347),tensor(0.0449)
1620,1620,tensor(0.0992),tensor(0.0347),tensor(0.0449)
1621,1621,tensor(0.0992),tensor(0.0347),tensor(0.0449)
1622,1622,tensor(0.0992),tensor(0.0347),tensor(0.0449)
1623,1623,tensor(0.0992),tensor(0.0346),tensor(0.0449)
1624,1624,tensor(0.0991),tensor(0.0346),tensor(0.0448)
1625,1625,tensor(0.0991),tensor(0.0346),tensor(0.0448)
1626,1626,tensor(0.0991),tensor(0.0346),tensor(0.0448)
1627,1627,tensor(0.0991),tensor(0.0346),tensor(0.0448)
1628,1628,tensor(0.0991),tensor(0.0346),tensor(0.0448)
1629,1629,tensor(0.0991),tensor(0.0345),tensor(0.0448)
1630,1630,tensor(0.0991),tensor(0.0345),tensor(0.0447)
1631,1631,tensor(0.0991),tensor(0.0345),tensor(0.0447)
1632,1632,tensor(0.0991),tensor(0.0345),tensor(0.0447)
1633,1633,tensor(0.0991),tensor(0.0345),tensor(0.0447)
1634,1634,tensor(0.0991),tensor(0.0344),tensor(0.0447)
1635,1635,tensor(0.0990),tensor(0.0344),tensor(0.0447)
1636,1636,tensor(0.0990),tensor(0.0344),tensor(0.0446)
1637,1637,tensor(0.0990),tensor(0.0344),tensor(0.0446)
1638,1638,tensor(0.0990),tensor(0.0344),tensor(0.0446)
1639,1639,tensor(0.0990),tensor(0.0344),tensor(0.0446)
1640,1640,tensor(0.0990),tensor(0.0343),tensor(0.0446)
1641,1641,tensor(0.0990),tensor(0.0343),tensor(0.0446)
1642,1642,tensor(0.0990),tensor(0.0343),tensor(0.0445)
1643,1643,tensor(0.0990),tensor(0.0343),tensor(0.0445)
1644,1644,tensor(0.0990),tensor(0.0343),tensor(0.0445)
1645,1645,tensor(0.0989),tensor(0.0343),tensor(0.0445)
1646,1646,tensor(0.0989),tensor(0.0343),tensor(0.0445)
1647,1647,tensor(0.0989),tensor(0.0342),tensor(0.0445)
1648,1648,tensor(0.0989),tensor(0.0342),tensor(0.0444)
1649,1649,tensor(0.0989),tensor(0.0342),tensor(0.0444)
1650,1650,tensor(0.0989),tensor(0.0342),tensor(0.0444)
1651,1651,tensor(0.0989),tensor(0.0342),tensor(0.0444)
1652,1652,tensor(0.0989),tensor(0.0342),tensor(0.0444)
1653,1653,tensor(0.0989),tensor(0.0341),tensor(0.0444)
1654,1654,tensor(0.0989),tensor(0.0341),tensor(0.0443)
1655,1655,tensor(0.0989),tensor(0.0341),tensor(0.0443)
1656,1656,tensor(0.0988),tensor(0.0341),tensor(0.0443)
1657,1657,tensor(0.0988),tensor(0.0341),tensor(0.0443)
1658,1658,tensor(0.0988),tensor(0.0341),tensor(0.0443)
1659,1659,tensor(0.0988),tensor(0.0341),tensor(0.0443)
1660,1660,tensor(0.0988),tensor(0.0340),tensor(0.0443)
1661,1661,tensor(0.0988),tensor(0.0340),tensor(0.0442)
1662,1662,tensor(0.0988),tensor(0.0340),tensor(0.0442)
1663,1663,tensor(0.0988),tensor(0.0340),tensor(0.0442)
1664,1664,tensor(0.0988),tensor(0.0340),tensor(0.0442)
1665,1665,tensor(0.0988),tensor(0.0340),tensor(0.0442)
1666,1666,tensor(0.0987),tensor(0.0340),tensor(0.0442)
1667,1667,tensor(0.0987),tensor(0.0339),tensor(0.0442)
1668,1668,tensor(0.0987),tensor(0.0339),tensor(0.0441)
1669,1669,tensor(0.0987),tensor(0.0339),tensor(0.0441)
1670,1670,tensor(0.0987),tensor(0.0339),tensor(0.0441)
1671,1671,tensor(0.0987),tensor(0.0339),tensor(0.0441)
1672,1672,tensor(0.0987),tensor(0.0339),tensor(0.0441)
1673,1673,tensor(0.0987),tensor(0.0339),tensor(0.0441)
1674,1674,tensor(0.0987),tensor(0.0338),tensor(0.0441)
1675,1675,tensor(0.0987),tensor(0.0338),tensor(0.0440)
1676,1676,tensor(0.0987),tensor(0.0338),tensor(0.0440)
1677,1677,tensor(0.0986),tensor(0.0338),tensor(0.0440)
1678,1678,tensor(0.0986),tensor(0.0338),tensor(0.0440)
1679,1679,tensor(0.0986),tensor(0.0338),tensor(0.0440)
1680,1680,tensor(0.0986),tensor(0.0338),tensor(0.0440)
1681,1681,tensor(0.0986),tensor(0.0338),tensor(0.0440)
1682,1682,tensor(0.0986),tensor(0.0337),tensor(0.0440)
1683,1683,tensor(0.0986),tensor(0.0337),tensor(0.0439)
1684,1684,tensor(0.0986),tensor(0.0337),tensor(0.0439)
1685,1685,tensor(0.0986),tensor(0.0337),tensor(0.0439)
1686,1686,tensor(0.0986),tensor(0.0337),tensor(0.0439)
1687,1687,tensor(0.0986),tensor(0.0337),tensor(0.0439)
1688,1688,tensor(0.0985),tensor(0.0337),tensor(0.0439)
1689,1689,tensor(0.0985),tensor(0.0336),tensor(0.0439)
1690,1690,tensor(0.0985),tensor(0.0336),tensor(0.0438)
1691,1691,tensor(0.0985),tensor(0.0336),tensor(0.0438)
1692,1692,tensor(0.0985),tensor(0.0336),tensor(0.0438)
1693,1693,tensor(0.0985),tensor(0.0336),tensor(0.0438)
1694,1694,tensor(0.0985),tensor(0.0336),tensor(0.0438)
1695,1695,tensor(0.0985),tensor(0.0336),tensor(0.0438)
1696,1696,tensor(0.0985),tensor(0.0336),tensor(0.0438)
1697,1697,tensor(0.0985),tensor(0.0336),tensor(0.0438)
1698,1698,tensor(0.0984),tensor(0.0335),tensor(0.0437)
1699,1699,tensor(0.0984),tensor(0.0335),tensor(0.0437)
1700,1700,tensor(0.0984),tensor(0.0335),tensor(0.0437)
1701,1701,tensor(0.0984),tensor(0.0335),tensor(0.0437)
1702,1702,tensor(0.0984),tensor(0.0335),tensor(0.0437)
1703,1703,tensor(0.0984),tensor(0.0335),tensor(0.0437)
1704,1704,tensor(0.0984),tensor(0.0335),tensor(0.0437)
1705,1705,tensor(0.0984),tensor(0.0335),tensor(0.0437)
1706,1706,tensor(0.0984),tensor(0.0334),tensor(0.0437)
1707,1707,tensor(0.0984),tensor(0.0334),tensor(0.0436)
1708,1708,tensor(0.0984),tensor(0.0334),tensor(0.0436)
1709,1709,tensor(0.0983),tensor(0.0334),tensor(0.0436)
1710,1710,tensor(0.0983),tensor(0.0334),tensor(0.0436)
1711,1711,tensor(0.0983),tensor(0.0334),tensor(0.0436)
1712,1712,tensor(0.0983),tensor(0.0334),tensor(0.0436)
1713,1713,tensor(0.0983),tensor(0.0334),tensor(0.0436)
1714,1714,tensor(0.0983),tensor(0.0334),tensor(0.0436)
1715,1715,tensor(0.0983),tensor(0.0333),tensor(0.0436)
1716,1716,tensor(0.0983),tensor(0.0333),tensor(0.0435)
1717,1717,tensor(0.0983),tensor(0.0333),tensor(0.0435)
1718,1718,tensor(0.0983),tensor(0.0333),tensor(0.0435)
1719,1719,tensor(0.0983),tensor(0.0333),tensor(0.0435)
1720,1720,tensor(0.0982),tensor(0.0333),tensor(0.0435)
1721,1721,tensor(0.0982),tensor(0.0333),tensor(0.0435)
1722,1722,tensor(0.0982),tensor(0.0333),tensor(0.0435)
1723,1723,tensor(0.0982),tensor(0.0333),tensor(0.0435)
1724,1724,tensor(0.0982),tensor(0.0333),tensor(0.0435)
1725,1725,tensor(0.0982),tensor(0.0332),tensor(0.0434)
1726,1726,tensor(0.0982),tensor(0.0332),tensor(0.0434)
1727,1727,tensor(0.0982),tensor(0.0332),tensor(0.0434)
1728,1728,tensor(0.0982),tensor(0.0332),tensor(0.0434)
1729,1729,tensor(0.0982),tensor(0.0332),tensor(0.0434)
1730,1730,tensor(0.0982),tensor(0.0332),tensor(0.0434)
1731,1731,tensor(0.0981),tensor(0.0332),tensor(0.0434)
1732,1732,tensor(0.0981),tensor(0.0332),tensor(0.0434)
1733,1733,tensor(0.0981),tensor(0.0332),tensor(0.0434)
1734,1734,tensor(0.0981),tensor(0.0332),tensor(0.0434)
1735,1735,tensor(0.0981),tensor(0.0331),tensor(0.0433)
1736,1736,tensor(0.0981),tensor(0.0331),tensor(0.0433)
1737,1737,tensor(0.0981),tensor(0.0331),tensor(0.0433)
1738,1738,tensor(0.0981),tensor(0.0331),tensor(0.0433)
1739,1739,tensor(0.0981),tensor(0.0331),tensor(0.0433)
1740,1740,tensor(0.0981),tensor(0.0331),tensor(0.0433)
1741,1741,tensor(0.0980),tensor(0.0331),tensor(0.0433)
1742,1742,tensor(0.0980),tensor(0.0331),tensor(0.0433)
1743,1743,tensor(0.0980),tensor(0.0331),tensor(0.0433)
1744,1744,tensor(0.0980),tensor(0.0331),tensor(0.0433)
1745,1745,tensor(0.0980),tensor(0.0331),tensor(0.0433)
1746,1746,tensor(0.0980),tensor(0.0330),tensor(0.0432)
1747,1747,tensor(0.0980),tensor(0.0330),tensor(0.0432)
1748,1748,tensor(0.0980),tensor(0.0330),tensor(0.0432)
1749,1749,tensor(0.0980),tensor(0.0330),tensor(0.0432)
1750,1750,tensor(0.0980),tensor(0.0330),tensor(0.0432)
1751,1751,tensor(0.0980),tensor(0.0330),tensor(0.0432)
1752,1752,tensor(0.0979),tensor(0.0330),tensor(0.0432)
1753,1753,tensor(0.0979),tensor(0.0330),tensor(0.0432)
1754,1754,tensor(0.0979),tensor(0.0330),tensor(0.0432)
1755,1755,tensor(0.0979),tensor(0.0330),tensor(0.0432)
1756,1756,tensor(0.0979),tensor(0.0330),tensor(0.0432)
1757,1757,tensor(0.0979),tensor(0.0329),tensor(0.0431)
1758,1758,tensor(0.0979),tensor(0.0329),tensor(0.0431)
1759,1759,tensor(0.0979),tensor(0.0329),tensor(0.0431)
1760,1760,tensor(0.0979),tensor(0.0329),tensor(0.0431)
1761,1761,tensor(0.0979),tensor(0.0329),tensor(0.0431)
1762,1762,tensor(0.0979),tensor(0.0329),tensor(0.0431)
1763,1763,tensor(0.0978),tensor(0.0329),tensor(0.0431)
1764,1764,tensor(0.0978),tensor(0.0329),tensor(0.0431)
1765,1765,tensor(0.0978),tensor(0.0329),tensor(0.0431)
1766,1766,tensor(0.0978),tensor(0.0329),tensor(0.0431)
1767,1767,tensor(0.0978),tensor(0.0329),tensor(0.0431)
1768,1768,tensor(0.0978),tensor(0.0329),tensor(0.0431)
1769,1769,tensor(0.0978),tensor(0.0328),tensor(0.0430)
1770,1770,tensor(0.0978),tensor(0.0328),tensor(0.0430)
1771,1771,tensor(0.0978),tensor(0.0328),tensor(0.0430)
1772,1772,tensor(0.0978),tensor(0.0328),tensor(0.0430)
1773,1773,tensor(0.0978),tensor(0.0328),tensor(0.0430)
1774,1774,tensor(0.0977),tensor(0.0328),tensor(0.0430)
1775,1775,tensor(0.0977),tensor(0.0328),tensor(0.0430)
1776,1776,tensor(0.0977),tensor(0.0328),tensor(0.0430)
1777,1777,tensor(0.0977),tensor(0.0328),tensor(0.0430)
1778,1778,tensor(0.0977),tensor(0.0328),tensor(0.0430)
1779,1779,tensor(0.0977),tensor(0.0328),tensor(0.0430)
1780,1780,tensor(0.0977),tensor(0.0328),tensor(0.0430)
1781,1781,tensor(0.0977),tensor(0.0328),tensor(0.0430)
1782,1782,tensor(0.0977),tensor(0.0327),tensor(0.0429)
1783,1783,tensor(0.0977),tensor(0.0327),tensor(0.0429)
1784,1784,tensor(0.0977),tensor(0.0327),tensor(0.0429)
1785,1785,tensor(0.0976),tensor(0.0327),tensor(0.0429)
1786,1786,tensor(0.0976),tensor(0.0327),tensor(0.0429)
1787,1787,tensor(0.0976),tensor(0.0327),tensor(0.0429)
1788,1788,tensor(0.0976),tensor(0.0327),tensor(0.0429)
1789,1789,tensor(0.0976),tensor(0.0327),tensor(0.0429)
1790,1790,tensor(0.0976),tensor(0.0327),tensor(0.0429)
1791,1791,tensor(0.0976),tensor(0.0327),tensor(0.0429)
1792,1792,tensor(0.0976),tensor(0.0327),tensor(0.0429)
1793,1793,tensor(0.0976),tensor(0.0327),tensor(0.0429)
1794,1794,tensor(0.0976),tensor(0.0327),tensor(0.0429)
1795,1795,tensor(0.0976),tensor(0.0327),tensor(0.0429)
1796,1796,tensor(0.0975),tensor(0.0326),tensor(0.0428)
1797,1797,tensor(0.0975),tensor(0.0326),tensor(0.0428)
1798,1798,tensor(0.0975),tensor(0.0326),tensor(0.0428)
1799,1799,tensor(0.0975),tensor(0.0326),tensor(0.0428)
1800,1800,tensor(0.0975),tensor(0.0326),tensor(0.0428)
1801,1801,tensor(0.0975),tensor(0.0326),tensor(0.0428)
1802,1802,tensor(0.0975),tensor(0.0326),tensor(0.0428)
1803,1803,tensor(0.0975),tensor(0.0326),tensor(0.0428)
1804,1804,tensor(0.0975),tensor(0.0326),tensor(0.0428)
1805,1805,tensor(0.0975),tensor(0.0326),tensor(0.0428)
1806,1806,tensor(0.0975),tensor(0.0326),tensor(0.0428)
1807,1807,tensor(0.0974),tensor(0.0326),tensor(0.0428)
1808,1808,tensor(0.0974),tensor(0.0326),tensor(0.0428)
1809,1809,tensor(0.0974),tensor(0.0326),tensor(0.0428)
1810,1810,tensor(0.0974),tensor(0.0326),tensor(0.0427)
1811,1811,tensor(0.0974),tensor(0.0325),tensor(0.0427)
1812,1812,tensor(0.0974),tensor(0.0325),tensor(0.0427)
1813,1813,tensor(0.0974),tensor(0.0325),tensor(0.0427)
1814,1814,tensor(0.0974),tensor(0.0325),tensor(0.0427)
1815,1815,tensor(0.0974),tensor(0.0325),tensor(0.0427)
1816,1816,tensor(0.0974),tensor(0.0325),tensor(0.0427)
1817,1817,tensor(0.0974),tensor(0.0325),tensor(0.0427)
1818,1818,tensor(0.0973),tensor(0.0325),tensor(0.0427)
1819,1819,tensor(0.0973),tensor(0.0325),tensor(0.0427)
1820,1820,tensor(0.0973),tensor(0.0325),tensor(0.0427)
1821,1821,tensor(0.0973),tensor(0.0325),tensor(0.0427)
1822,1822,tensor(0.0973),tensor(0.0325),tensor(0.0427)
1823,1823,tensor(0.0973),tensor(0.0325),tensor(0.0427)
1824,1824,tensor(0.0973),tensor(0.0325),tensor(0.0427)
1825,1825,tensor(0.0973),tensor(0.0325),tensor(0.0427)
1826,1826,tensor(0.0973),tensor(0.0325),tensor(0.0427)
1827,1827,tensor(0.0973),tensor(0.0324),tensor(0.0426)
1828,1828,tensor(0.0973),tensor(0.0324),tensor(0.0426)
1829,1829,tensor(0.0972),tensor(0.0324),tensor(0.0426)
1830,1830,tensor(0.0972),tensor(0.0324),tensor(0.0426)
1831,1831,tensor(0.0972),tensor(0.0324),tensor(0.0426)
1832,1832,tensor(0.0972),tensor(0.0324),tensor(0.0426)
1833,1833,tensor(0.0972),tensor(0.0324),tensor(0.0426)
1834,1834,tensor(0.0972),tensor(0.0324),tensor(0.0426)
1835,1835,tensor(0.0972),tensor(0.0324),tensor(0.0426)
1836,1836,tensor(0.0972),tensor(0.0324),tensor(0.0426)
1837,1837,tensor(0.0972),tensor(0.0324),tensor(0.0426)
1838,1838,tensor(0.0972),tensor(0.0324),tensor(0.0426)
1839,1839,tensor(0.0972),tensor(0.0324),tensor(0.0426)
1840,1840,tensor(0.0971),tensor(0.0324),tensor(0.0426)
1841,1841,tensor(0.0971),tensor(0.0324),tensor(0.0426)
1842,1842,tensor(0.0971),tensor(0.0324),tensor(0.0426)
1843,1843,tensor(0.0971),tensor(0.0324),tensor(0.0426)
1844,1844,tensor(0.0971),tensor(0.0324),tensor(0.0425)
1845,1845,tensor(0.0971),tensor(0.0323),tensor(0.0425)
1846,1846,tensor(0.0971),tensor(0.0323),tensor(0.0425)
1847,1847,tensor(0.0971),tensor(0.0323),tensor(0.0425)
1848,1848,tensor(0.0971),tensor(0.0323),tensor(0.0425)
1849,1849,tensor(0.0971),tensor(0.0323),tensor(0.0425)
1850,1850,tensor(0.0971),tensor(0.0323),tensor(0.0425)
1851,1851,tensor(0.0970),tensor(0.0323),tensor(0.0425)
1852,1852,tensor(0.0970),tensor(0.0323),tensor(0.0425)
1853,1853,tensor(0.0970),tensor(0.0323),tensor(0.0425)
1854,1854,tensor(0.0970),tensor(0.0323),tensor(0.0425)
1855,1855,tensor(0.0970),tensor(0.0323),tensor(0.0425)
1856,1856,tensor(0.0970),tensor(0.0323),tensor(0.0425)
1857,1857,tensor(0.0970),tensor(0.0323),tensor(0.0425)
1858,1858,tensor(0.0970),tensor(0.0323),tensor(0.0425)
1859,1859,tensor(0.0970),tensor(0.0323),tensor(0.0425)
1860,1860,tensor(0.0970),tensor(0.0323),tensor(0.0425)
1861,1861,tensor(0.0970),tensor(0.0323),tensor(0.0425)
1862,1862,tensor(0.0970),tensor(0.0323),tensor(0.0425)
1863,1863,tensor(0.0969),tensor(0.0323),tensor(0.0425)
1864,1864,tensor(0.0969),tensor(0.0323),tensor(0.0424)
1865,1865,tensor(0.0969),tensor(0.0322),tensor(0.0424)
1866,1866,tensor(0.0969),tensor(0.0322),tensor(0.0424)
1867,1867,tensor(0.0969),tensor(0.0322),tensor(0.0424)
1868,1868,tensor(0.0969),tensor(0.0322),tensor(0.0424)
1869,1869,tensor(0.0969),tensor(0.0322),tensor(0.0424)
1870,1870,tensor(0.0969),tensor(0.0322),tensor(0.0424)
1871,1871,tensor(0.0969),tensor(0.0322),tensor(0.0424)
1872,1872,tensor(0.0969),tensor(0.0322),tensor(0.0424)
1873,1873,tensor(0.0969),tensor(0.0322),tensor(0.0424)
1874,1874,tensor(0.0968),tensor(0.0322),tensor(0.0424)
1875,1875,tensor(0.0968),tensor(0.0322),tensor(0.0424)
1876,1876,tensor(0.0968),tensor(0.0322),tensor(0.0424)
1877,1877,tensor(0.0968),tensor(0.0322),tensor(0.0424)
1878,1878,tensor(0.0968),tensor(0.0322),tensor(0.0424)
1879,1879,tensor(0.0968),tensor(0.0322),tensor(0.0424)
1880,1880,tensor(0.0968),tensor(0.0322),tensor(0.0424)
1881,1881,tensor(0.0968),tensor(0.0322),tensor(0.0424)
1882,1882,tensor(0.0968),tensor(0.0322),tensor(0.0424)
1883,1883,tensor(0.0968),tensor(0.0322),tensor(0.0424)
1884,1884,tensor(0.0968),tensor(0.0322),tensor(0.0424)
1885,1885,tensor(0.0967),tensor(0.0322),tensor(0.0423)
1886,1886,tensor(0.0967),tensor(0.0322),tensor(0.0423)
1887,1887,tensor(0.0967),tensor(0.0322),tensor(0.0423)
1888,1888,tensor(0.0967),tensor(0.0321),tensor(0.0423)
1889,1889,tensor(0.0967),tensor(0.0321),tensor(0.0423)
1890,1890,tensor(0.0967),tensor(0.0321),tensor(0.0423)
1891,1891,tensor(0.0967),tensor(0.0321),tensor(0.0423)
1892,1892,tensor(0.0967),tensor(0.0321),tensor(0.0423)
1893,1893,tensor(0.0967),tensor(0.0321),tensor(0.0423)
1894,1894,tensor(0.0967),tensor(0.0321),tensor(0.0423)
1895,1895,tensor(0.0967),tensor(0.0321),tensor(0.0423)
1896,1896,tensor(0.0966),tensor(0.0321),tensor(0.0423)
1897,1897,tensor(0.0966),tensor(0.0321),tensor(0.0423)
1898,1898,tensor(0.0966),tensor(0.0321),tensor(0.0423)
1899,1899,tensor(0.0966),tensor(0.0321),tensor(0.0423)
1900,1900,tensor(0.0966),tensor(0.0321),tensor(0.0423)
1901,1901,tensor(0.0966),tensor(0.0321),tensor(0.0423)
1902,1902,tensor(0.0966),tensor(0.0321),tensor(0.0423)
1903,1903,tensor(0.0966),tensor(0.0321),tensor(0.0423)
1904,1904,tensor(0.0966),tensor(0.0321),tensor(0.0423)
1905,1905,tensor(0.0966),tensor(0.0321),tensor(0.0423)
1906,1906,tensor(0.0966),tensor(0.0321),tensor(0.0423)
1907,1907,tensor(0.0966),tensor(0.0321),tensor(0.0423)
1908,1908,tensor(0.0965),tensor(0.0321),tensor(0.0423)
1909,1909,tensor(0.0965),tensor(0.0321),tensor(0.0423)
1910,1910,tensor(0.0965),tensor(0.0321),tensor(0.0422)
1911,1911,tensor(0.0965),tensor(0.0321),tensor(0.0422)
1912,1912,tensor(0.0965),tensor(0.0320),tensor(0.0422)
1913,1913,tensor(0.0965),tensor(0.0320),tensor(0.0422)
1914,1914,tensor(0.0965),tensor(0.0320),tensor(0.0422)
1915,1915,tensor(0.0965),tensor(0.0320),tensor(0.0422)
1916,1916,tensor(0.0965),tensor(0.0320),tensor(0.0422)
1917,1917,tensor(0.0965),tensor(0.0320),tensor(0.0422)
1918,1918,tensor(0.0965),tensor(0.0320),tensor(0.0422)
1919,1919,tensor(0.0964),tensor(0.0320),tensor(0.0422)
1920,1920,tensor(0.0964),tensor(0.0320),tensor(0.0422)
1921,1921,tensor(0.0964),tensor(0.0320),tensor(0.0422)
1922,1922,tensor(0.0964),tensor(0.0320),tensor(0.0422)
1923,1923,tensor(0.0964),tensor(0.0320),tensor(0.0422)
1924,1924,tensor(0.0964),tensor(0.0320),tensor(0.0422)
1925,1925,tensor(0.0964),tensor(0.0320),tensor(0.0422)
1926,1926,tensor(0.0964),tensor(0.0320),tensor(0.0422)
1927,1927,tensor(0.0964),tensor(0.0320),tensor(0.0422)
1928,1928,tensor(0.0964),tensor(0.0320),tensor(0.0422)
1929,1929,tensor(0.0964),tensor(0.0320),tensor(0.0422)
1930,1930,tensor(0.0963),tensor(0.0320),tensor(0.0422)
1931,1931,tensor(0.0963),tensor(0.0320),tensor(0.0422)
1932,1932,tensor(0.0963),tensor(0.0320),tensor(0.0422)
1933,1933,tensor(0.0963),tensor(0.0320),tensor(0.0422)
1934,1934,tensor(0.0963),tensor(0.0320),tensor(0.0422)
1935,1935,tensor(0.0963),tensor(0.0320),tensor(0.0422)
1936,1936,tensor(0.0963),tensor(0.0320),tensor(0.0422)
1937,1937,tensor(0.0963),tensor(0.0320),tensor(0.0421)
1938,1938,tensor(0.0963),tensor(0.0320),tensor(0.0421)
1939,1939,tensor(0.0963),tensor(0.0320),tensor(0.0421)
1940,1940,tensor(0.0963),tensor(0.0320),tensor(0.0421)
1941,1941,tensor(0.0963),tensor(0.0319),tensor(0.0421)
1942,1942,tensor(0.0962),tensor(0.0319),tensor(0.0421)
1943,1943,tensor(0.0962),tensor(0.0319),tensor(0.0421)
1944,1944,tensor(0.0962),tensor(0.0319),tensor(0.0421)
1945,1945,tensor(0.0962),tensor(0.0319),tensor(0.0421)
1946,1946,tensor(0.0962),tensor(0.0319),tensor(0.0421)
1947,1947,tensor(0.0962),tensor(0.0319),tensor(0.0421)
1948,1948,tensor(0.0962),tensor(0.0319),tensor(0.0421)
1949,1949,tensor(0.0962),tensor(0.0319),tensor(0.0421)
1950,1950,tensor(0.0962),tensor(0.0319),tensor(0.0421)
1951,1951,tensor(0.0962),tensor(0.0319),tensor(0.0421)
1952,1952,tensor(0.0962),tensor(0.0319),tensor(0.0421)
1953,1953,tensor(0.0961),tensor(0.0319),tensor(0.0421)
1954,1954,tensor(0.0961),tensor(0.0319),tensor(0.0421)
1955,1955,tensor(0.0961),tensor(0.0319),tensor(0.0421)
1956,1956,tensor(0.0961),tensor(0.0319),tensor(0.0421)
1957,1957,tensor(0.0961),tensor(0.0319),tensor(0.0421)
1958,1958,tensor(0.0961),tensor(0.0319),tensor(0.0421)
1959,1959,tensor(0.0961),tensor(0.0319),tensor(0.0421)
1960,1960,tensor(0.0961),tensor(0.0319),tensor(0.0421)
1961,1961,tensor(0.0961),tensor(0.0319),tensor(0.0421)
1962,1962,tensor(0.0961),tensor(0.0319),tensor(0.0421)
1963,1963,tensor(0.0961),tensor(0.0319),tensor(0.0421)
1964,1964,tensor(0.0961),tensor(0.0319),tensor(0.0421)
1965,1965,tensor(0.0960),tensor(0.0319),tensor(0.0421)
1966,1966,tensor(0.0960),tensor(0.0319),tensor(0.0421)
1967,1967,tensor(0.0960),tensor(0.0319),tensor(0.0421)
1968,1968,tensor(0.0960),tensor(0.0319),tensor(0.0421)
1969,1969,tensor(0.0960),tensor(0.0319),tensor(0.0420)
1970,1970,tensor(0.0960),tensor(0.0319),tensor(0.0420)
1971,1971,tensor(0.0960),tensor(0.0319),tensor(0.0420)
1972,1972,tensor(0.0960),tensor(0.0319),tensor(0.0420)
1973,1973,tensor(0.0960),tensor(0.0319),tensor(0.0420)
1974,1974,tensor(0.0960),tensor(0.0318),tensor(0.0420)
1975,1975,tensor(0.0960),tensor(0.0318),tensor(0.0420)
1976,1976,tensor(0.0959),tensor(0.0318),tensor(0.0420)
1977,1977,tensor(0.0959),tensor(0.0318),tensor(0.0420)
1978,1978,tensor(0.0959),tensor(0.0318),tensor(0.0420)
1979,1979,tensor(0.0959),tensor(0.0318),tensor(0.0420)
1980,1980,tensor(0.0959),tensor(0.0318),tensor(0.0420)
1981,1981,tensor(0.0959),tensor(0.0318),tensor(0.0420)
1982,1982,tensor(0.0959),tensor(0.0318),tensor(0.0420)
1983,1983,tensor(0.0959),tensor(0.0318),tensor(0.0420)
1984,1984,tensor(0.0959),tensor(0.0318),tensor(0.0420)
1985,1985,tensor(0.0959),tensor(0.0318),tensor(0.0420)
1986,1986,tensor(0.0959),tensor(0.0318),tensor(0.0420)
1987,1987,tensor(0.0959),tensor(0.0318),tensor(0.0420)
1988,1988,tensor(0.0958),tensor(0.0318),tensor(0.0420)
1989,1989,tensor(0.0958),tensor(0.0318),tensor(0.0420)
1990,1990,tensor(0.0958),tensor(0.0318),tensor(0.0420)
1991,1991,tensor(0.0958),tensor(0.0318),tensor(0.0420)
1992,1992,tensor(0.0958),tensor(0.0318),tensor(0.0420)
1993,1993,tensor(0.0958),tensor(0.0318),tensor(0.0420)
1994,1994,tensor(0.0958),tensor(0.0318),tensor(0.0420)
1995,1995,tensor(0.0958),tensor(0.0318),tensor(0.0420)
1996,1996,tensor(0.0958),tensor(0.0318),tensor(0.0420)
1997,1997,tensor(0.0958),tensor(0.0318),tensor(0.0420)
1998,1998,tensor(0.0958),tensor(0.0318),tensor(0.0420)
1999,1999,tensor(0.0958),tensor(0.0318),tensor(0.0420)
2000,2000,tensor(0.0957),tensor(0.0318),tensor(0.0420)
2001,2001,tensor(0.0957),tensor(0.0318),tensor(0.0420)
2002,2002,tensor(0.0957),tensor(0.0318),tensor(0.0420)
2003,2003,tensor(0.0957),tensor(0.0318),tensor(0.0420)
2004,2004,tensor(0.0957),tensor(0.0318),tensor(0.0420)
2005,2005,tensor(0.0957),tensor(0.0318),tensor(0.0419)
2006,2006,tensor(0.0957),tensor(0.0318),tensor(0.0419)
2007,2007,tensor(0.0957),tensor(0.0318),tensor(0.0419)
2008,2008,tensor(0.0957),tensor(0.0318),tensor(0.0419)
2009,2009,tensor(0.0957),tensor(0.0318),tensor(0.0419)
2010,2010,tensor(0.0957),tensor(0.0318),tensor(0.0419)
2011,2011,tensor(0.0956),tensor(0.0317),tensor(0.0419)
2012,2012,tensor(0.0956),tensor(0.0317),tensor(0.0419)
2013,2013,tensor(0.0956),tensor(0.0317),tensor(0.0419)
2014,2014,tensor(0.0956),tensor(0.0317),tensor(0.0419)
2015,2015,tensor(0.0956),tensor(0.0317),tensor(0.0419)
2016,2016,tensor(0.0956),tensor(0.0317),tensor(0.0419)
2017,2017,tensor(0.0956),tensor(0.0317),tensor(0.0419)
2018,2018,tensor(0.0956),tensor(0.0317),tensor(0.0419)
2019,2019,tensor(0.0956),tensor(0.0317),tensor(0.0419)
2020,2020,tensor(0.0956),tensor(0.0317),tensor(0.0419)
2021,2021,tensor(0.0956),tensor(0.0317),tensor(0.0419)
2022,2022,tensor(0.0956),tensor(0.0317),tensor(0.0419)
2023,2023,tensor(0.0955),tensor(0.0317),tensor(0.0419)
2024,2024,tensor(0.0955),tensor(0.0317),tensor(0.0419)
2025,2025,tensor(0.0955),tensor(0.0317),tensor(0.0419)
2026,2026,tensor(0.0955),tensor(0.0317),tensor(0.0419)
2027,2027,tensor(0.0955),tensor(0.0317),tensor(0.0419)
2028,2028,tensor(0.0955),tensor(0.0317),tensor(0.0419)
2029,2029,tensor(0.0955),tensor(0.0317),tensor(0.0419)
2030,2030,tensor(0.0955),tensor(0.0317),tensor(0.0419)
2031,2031,tensor(0.0955),tensor(0.0317),tensor(0.0419)
2032,2032,tensor(0.0955),tensor(0.0317),tensor(0.0419)
2033,2033,tensor(0.0955),tensor(0.0317),tensor(0.0419)
2034,2034,tensor(0.0955),tensor(0.0317),tensor(0.0419)
2035,2035,tensor(0.0954),tensor(0.0317),tensor(0.0419)
2036,2036,tensor(0.0954),tensor(0.0317),tensor(0.0419)
2037,2037,tensor(0.0954),tensor(0.0317),tensor(0.0419)
2038,2038,tensor(0.0954),tensor(0.0317),tensor(0.0419)
2039,2039,tensor(0.0954),tensor(0.0317),tensor(0.0419)
2040,2040,tensor(0.0954),tensor(0.0317),tensor(0.0419)
2041,2041,tensor(0.0954),tensor(0.0317),tensor(0.0419)
2042,2042,tensor(0.0954),tensor(0.0317),tensor(0.0419)
2043,2043,tensor(0.0954),tensor(0.0317),tensor(0.0419)
2044,2044,tensor(0.0954),tensor(0.0317),tensor(0.0419)
2045,2045,tensor(0.0954),tensor(0.0317),tensor(0.0419)
2046,2046,tensor(0.0954),tensor(0.0317),tensor(0.0419)
2047,2047,tensor(0.0953),tensor(0.0317),tensor(0.0418)
2048,2048,tensor(0.0953),tensor(0.0317),tensor(0.0418)
2049,2049,tensor(0.0953),tensor(0.0317),tensor(0.0418)
2050,2050,tensor(0.0953),tensor(0.0317),tensor(0.0418)
2051,2051,tensor(0.0953),tensor(0.0317),tensor(0.0418)
2052,2052,tensor(0.0953),tensor(0.0317),tensor(0.0418)
2053,2053,tensor(0.0953),tensor(0.0317),tensor(0.0418)
2054,2054,tensor(0.0953),tensor(0.0317),tensor(0.0418)
2055,2055,tensor(0.0953),tensor(0.0316),tensor(0.0418)
2056,2056,tensor(0.0953),tensor(0.0316),tensor(0.0418)
2057,2057,tensor(0.0953),tensor(0.0316),tensor(0.0418)
2058,2058,tensor(0.0953),tensor(0.0316),tensor(0.0418)
2059,2059,tensor(0.0952),tensor(0.0316),tensor(0.0418)
2060,2060,tensor(0.0952),tensor(0.0316),tensor(0.0418)
2061,2061,tensor(0.0952),tensor(0.0316),tensor(0.0418)
2062,2062,tensor(0.0952),tensor(0.0316),tensor(0.0418)
2063,2063,tensor(0.0952),tensor(0.0316),tensor(0.0418)
2064,2064,tensor(0.0952),tensor(0.0316),tensor(0.0418)
2065,2065,tensor(0.0952),tensor(0.0316),tensor(0.0418)
2066,2066,tensor(0.0952),tensor(0.0316),tensor(0.0418)
2067,2067,tensor(0.0952),tensor(0.0316),tensor(0.0418)
2068,2068,tensor(0.0952),tensor(0.0316),tensor(0.0418)
2069,2069,tensor(0.0952),tensor(0.0316),tensor(0.0418)
2070,2070,tensor(0.0952),tensor(0.0316),tensor(0.0418)
2071,2071,tensor(0.0951),tensor(0.0316),tensor(0.0418)
2072,2072,tensor(0.0951),tensor(0.0316),tensor(0.0418)
2073,2073,tensor(0.0951),tensor(0.0316),tensor(0.0418)
2074,2074,tensor(0.0951),tensor(0.0316),tensor(0.0418)
2075,2075,tensor(0.0951),tensor(0.0316),tensor(0.0418)
2076,2076,tensor(0.0951),tensor(0.0316),tensor(0.0418)
2077,2077,tensor(0.0951),tensor(0.0316),tensor(0.0418)
2078,2078,tensor(0.0951),tensor(0.0316),tensor(0.0418)
2079,2079,tensor(0.0951),tensor(0.0316),tensor(0.0418)
2080,2080,tensor(0.0951),tensor(0.0316),tensor(0.0418)
2081,2081,tensor(0.0951),tensor(0.0316),tensor(0.0418)
2082,2082,tensor(0.0951),tensor(0.0316),tensor(0.0418)
2083,2083,tensor(0.0950),tensor(0.0316),tensor(0.0418)
2084,2084,tensor(0.0950),tensor(0.0316),tensor(0.0418)
2085,2085,tensor(0.0950),tensor(0.0316),tensor(0.0418)
2086,2086,tensor(0.0950),tensor(0.0316),tensor(0.0418)
2087,2087,tensor(0.0950),tensor(0.0316),tensor(0.0418)
2088,2088,tensor(0.0950),tensor(0.0316),tensor(0.0418)
2089,2089,tensor(0.0950),tensor(0.0316),tensor(0.0418)
2090,2090,tensor(0.0950),tensor(0.0316),tensor(0.0418)
2091,2091,tensor(0.0950),tensor(0.0316),tensor(0.0418)
2092,2092,tensor(0.0950),tensor(0.0316),tensor(0.0418)
2093,2093,tensor(0.0950),tensor(0.0316),tensor(0.0418)
2094,2094,tensor(0.0950),tensor(0.0316),tensor(0.0418)
2095,2095,tensor(0.0949),tensor(0.0316),tensor(0.0418)
2096,2096,tensor(0.0949),tensor(0.0316),tensor(0.0417)
2097,2097,tensor(0.0949),tensor(0.0316),tensor(0.0417)
2098,2098,tensor(0.0949),tensor(0.0316),tensor(0.0417)
2099,2099,tensor(0.0949),tensor(0.0316),tensor(0.0417)
2100,2100,tensor(0.0949),tensor(0.0316),tensor(0.0417)
2101,2101,tensor(0.0949),tensor(0.0316),tensor(0.0417)
2102,2102,tensor(0.0949),tensor(0.0316),tensor(0.0417)
2103,2103,tensor(0.0949),tensor(0.0316),tensor(0.0417)
2104,2104,tensor(0.0949),tensor(0.0316),tensor(0.0417)
2105,2105,tensor(0.0949),tensor(0.0315),tensor(0.0417)
2106,2106,tensor(0.0949),tensor(0.0315),tensor(0.0417)
2107,2107,tensor(0.0948),tensor(0.0315),tensor(0.0417)
2108,2108,tensor(0.0948),tensor(0.0315),tensor(0.0417)
2109,2109,tensor(0.0948),tensor(0.0315),tensor(0.0417)
2110,2110,tensor(0.0948),tensor(0.0315),tensor(0.0417)
2111,2111,tensor(0.0948),tensor(0.0315),tensor(0.0417)
2112,2112,tensor(0.0948),tensor(0.0315),tensor(0.0417)
2113,2113,tensor(0.0948),tensor(0.0315),tensor(0.0417)
2114,2114,tensor(0.0948),tensor(0.0315),tensor(0.0417)
2115,2115,tensor(0.0948),tensor(0.0315),tensor(0.0417)
2116,2116,tensor(0.0948),tensor(0.0315),tensor(0.0417)
2117,2117,tensor(0.0948),tensor(0.0315),tensor(0.0417)
2118,2118,tensor(0.0948),tensor(0.0315),tensor(0.0417)
2119,2119,tensor(0.0947),tensor(0.0315),tensor(0.0417)
2120,2120,tensor(0.0947),tensor(0.0315),tensor(0.0417)
2121,2121,tensor(0.0947),tensor(0.0315),tensor(0.0417)
2122,2122,tensor(0.0947),tensor(0.0315),tensor(0.0417)
2123,2123,tensor(0.0947),tensor(0.0315),tensor(0.0417)
2124,2124,tensor(0.0947),tensor(0.0315),tensor(0.0417)
2125,2125,tensor(0.0947),tensor(0.0315),tensor(0.0417)
2126,2126,tensor(0.0947),tensor(0.0315),tensor(0.0417)
2127,2127,tensor(0.0947),tensor(0.0315),tensor(0.0417)
2128,2128,tensor(0.0947),tensor(0.0315),tensor(0.0417)
2129,2129,tensor(0.0947),tensor(0.0315),tensor(0.0417)
2130,2130,tensor(0.0947),tensor(0.0315),tensor(0.0417)
2131,2131,tensor(0.0946),tensor(0.0315),tensor(0.0417)
2132,2132,tensor(0.0946),tensor(0.0315),tensor(0.0417)
2133,2133,tensor(0.0946),tensor(0.0315),tensor(0.0417)
2134,2134,tensor(0.0946),tensor(0.0315),tensor(0.0417)
2135,2135,tensor(0.0946),tensor(0.0315),tensor(0.0417)
2136,2136,tensor(0.0946),tensor(0.0315),tensor(0.0417)
2137,2137,tensor(0.0946),tensor(0.0315),tensor(0.0417)
2138,2138,tensor(0.0946),tensor(0.0315),tensor(0.0417)
2139,2139,tensor(0.0946),tensor(0.0315),tensor(0.0417)
2140,2140,tensor(0.0946),tensor(0.0315),tensor(0.0417)
2141,2141,tensor(0.0946),tensor(0.0315),tensor(0.0417)
2142,2142,tensor(0.0946),tensor(0.0315),tensor(0.0417)
2143,2143,tensor(0.0945),tensor(0.0315),tensor(0.0417)
2144,2144,tensor(0.0945),tensor(0.0315),tensor(0.0417)
2145,2145,tensor(0.0945),tensor(0.0315),tensor(0.0417)
2146,2146,tensor(0.0945),tensor(0.0315),tensor(0.0417)
2147,2147,tensor(0.0945),tensor(0.0315),tensor(0.0417)
2148,2148,tensor(0.0945),tensor(0.0315),tensor(0.0417)
2149,2149,tensor(0.0945),tensor(0.0315),tensor(0.0417)
2150,2150,tensor(0.0945),tensor(0.0315),tensor(0.0416)
2151,2151,tensor(0.0945),tensor(0.0315),tensor(0.0416)
2152,2152,tensor(0.0945),tensor(0.0315),tensor(0.0416)
2153,2153,tensor(0.0945),tensor(0.0315),tensor(0.0416)
2154,2154,tensor(0.0945),tensor(0.0315),tensor(0.0416)
2155,2155,tensor(0.0944),tensor(0.0315),tensor(0.0416)
2156,2156,tensor(0.0944),tensor(0.0315),tensor(0.0416)
2157,2157,tensor(0.0944),tensor(0.0315),tensor(0.0416)
2158,2158,tensor(0.0944),tensor(0.0315),tensor(0.0416)
2159,2159,tensor(0.0944),tensor(0.0315),tensor(0.0416)
2160,2160,tensor(0.0944),tensor(0.0314),tensor(0.0416)
2161,2161,tensor(0.0944),tensor(0.0314),tensor(0.0416)
2162,2162,tensor(0.0944),tensor(0.0314),tensor(0.0416)
2163,2163,tensor(0.0944),tensor(0.0314),tensor(0.0416)
2164,2164,tensor(0.0944),tensor(0.0314),tensor(0.0416)
2165,2165,tensor(0.0944),tensor(0.0314),tensor(0.0416)
2166,2166,tensor(0.0944),tensor(0.0314),tensor(0.0416)
2167,2167,tensor(0.0944),tensor(0.0314),tensor(0.0416)
2168,2168,tensor(0.0943),tensor(0.0314),tensor(0.0416)
2169,2169,tensor(0.0943),tensor(0.0314),tensor(0.0416)
2170,2170,tensor(0.0943),tensor(0.0314),tensor(0.0416)
2171,2171,tensor(0.0943),tensor(0.0314),tensor(0.0416)
2172,2172,tensor(0.0943),tensor(0.0314),tensor(0.0416)
2173,2173,tensor(0.0943),tensor(0.0314),tensor(0.0416)
2174,2174,tensor(0.0943),tensor(0.0314),tensor(0.0416)
2175,2175,tensor(0.0943),tensor(0.0314),tensor(0.0416)
2176,2176,tensor(0.0943),tensor(0.0314),tensor(0.0416)
2177,2177,tensor(0.0943),tensor(0.0314),tensor(0.0416)
2178,2178,tensor(0.0943),tensor(0.0314),tensor(0.0416)
2179,2179,tensor(0.0943),tensor(0.0314),tensor(0.0416)
2180,2180,tensor(0.0942),tensor(0.0314),tensor(0.0416)
2181,2181,tensor(0.0942),tensor(0.0314),tensor(0.0416)
2182,2182,tensor(0.0942),tensor(0.0314),tensor(0.0416)
2183,2183,tensor(0.0942),tensor(0.0314),tensor(0.0416)
2184,2184,tensor(0.0942),tensor(0.0314),tensor(0.0416)
2185,2185,tensor(0.0942),tensor(0.0314),tensor(0.0416)
2186,2186,tensor(0.0942),tensor(0.0314),tensor(0.0416)
2187,2187,tensor(0.0942),tensor(0.0314),tensor(0.0416)
2188,2188,tensor(0.0942),tensor(0.0314),tensor(0.0416)
2189,2189,tensor(0.0942),tensor(0.0314),tensor(0.0416)
2190,2190,tensor(0.0942),tensor(0.0314),tensor(0.0416)
2191,2191,tensor(0.0942),tensor(0.0314),tensor(0.0416)
2192,2192,tensor(0.0941),tensor(0.0314),tensor(0.0416)
2193,2193,tensor(0.0941),tensor(0.0314),tensor(0.0416)
2194,2194,tensor(0.0941),tensor(0.0314),tensor(0.0416)
2195,2195,tensor(0.0941),tensor(0.0314),tensor(0.0416)
2196,2196,tensor(0.0941),tensor(0.0314),tensor(0.0416)
2197,2197,tensor(0.0941),tensor(0.0314),tensor(0.0416)
2198,2198,tensor(0.0941),tensor(0.0314),tensor(0.0416)
2199,2199,tensor(0.0941),tensor(0.0314),tensor(0.0416)
2200,2200,tensor(0.0941),tensor(0.0314),tensor(0.0416)
2201,2201,tensor(0.0941),tensor(0.0314),tensor(0.0416)
2202,2202,tensor(0.0941),tensor(0.0314),tensor(0.0416)
2203,2203,tensor(0.0941),tensor(0.0314),tensor(0.0416)
2204,2204,tensor(0.0941),tensor(0.0314),tensor(0.0416)
2205,2205,tensor(0.0940),tensor(0.0314),tensor(0.0416)
2206,2206,tensor(0.0940),tensor(0.0314),tensor(0.0416)
2207,2207,tensor(0.0940),tensor(0.0314),tensor(0.0416)
2208,2208,tensor(0.0940),tensor(0.0314),tensor(0.0415)
2209,2209,tensor(0.0940),tensor(0.0314),tensor(0.0415)
2210,2210,tensor(0.0940),tensor(0.0314),tensor(0.0415)
2211,2211,tensor(0.0940),tensor(0.0314),tensor(0.0415)
2212,2212,tensor(0.0940),tensor(0.0314),tensor(0.0415)
2213,2213,tensor(0.0940),tensor(0.0314),tensor(0.0415)
2214,2214,tensor(0.0940),tensor(0.0314),tensor(0.0415)
2215,2215,tensor(0.0940),tensor(0.0314),tensor(0.0415)
2216,2216,tensor(0.0940),tensor(0.0314),tensor(0.0415)
2217,2217,tensor(0.0939),tensor(0.0314),tensor(0.0415)
2218,2218,tensor(0.0939),tensor(0.0314),tensor(0.0415)
2219,2219,tensor(0.0939),tensor(0.0313),tensor(0.0415)
2220,2220,tensor(0.0939),tensor(0.0313),tensor(0.0415)
2221,2221,tensor(0.0939),tensor(0.0313),tensor(0.0415)
2222,2222,tensor(0.0939),tensor(0.0313),tensor(0.0415)
2223,2223,tensor(0.0939),tensor(0.0313),tensor(0.0415)
2224,2224,tensor(0.0939),tensor(0.0313),tensor(0.0415)
2225,2225,tensor(0.0939),tensor(0.0313),tensor(0.0415)
2226,2226,tensor(0.0939),tensor(0.0313),tensor(0.0415)
2227,2227,tensor(0.0939),tensor(0.0313),tensor(0.0415)
2228,2228,tensor(0.0939),tensor(0.0313),tensor(0.0415)
2229,2229,tensor(0.0939),tensor(0.0313),tensor(0.0415)
2230,2230,tensor(0.0938),tensor(0.0313),tensor(0.0415)
2231,2231,tensor(0.0938),tensor(0.0313),tensor(0.0415)
2232,2232,tensor(0.0938),tensor(0.0313),tensor(0.0415)
2233,2233,tensor(0.0938),tensor(0.0313),tensor(0.0415)
2234,2234,tensor(0.0938),tensor(0.0313),tensor(0.0415)
2235,2235,tensor(0.0938),tensor(0.0313),tensor(0.0415)
2236,2236,tensor(0.0938),tensor(0.0313),tensor(0.0415)
2237,2237,tensor(0.0938),tensor(0.0313),tensor(0.0415)
2238,2238,tensor(0.0938),tensor(0.0313),tensor(0.0415)
2239,2239,tensor(0.0938),tensor(0.0313),tensor(0.0415)
2240,2240,tensor(0.0938),tensor(0.0313),tensor(0.0415)
2241,2241,tensor(0.0938),tensor(0.0313),tensor(0.0415)
2242,2242,tensor(0.0938),tensor(0.0313),tensor(0.0415)
2243,2243,tensor(0.0937),tensor(0.0313),tensor(0.0415)
2244,2244,tensor(0.0937),tensor(0.0313),tensor(0.0415)
2245,2245,tensor(0.0937),tensor(0.0313),tensor(0.0415)
2246,2246,tensor(0.0937),tensor(0.0313),tensor(0.0415)
2247,2247,tensor(0.0937),tensor(0.0313),tensor(0.0415)
2248,2248,tensor(0.0937),tensor(0.0313),tensor(0.0415)
2249,2249,tensor(0.0937),tensor(0.0313),tensor(0.0415)
2250,2250,tensor(0.0937),tensor(0.0313),tensor(0.0415)
2251,2251,tensor(0.0937),tensor(0.0313),tensor(0.0415)
2252,2252,tensor(0.0937),tensor(0.0313),tensor(0.0415)
2253,2253,tensor(0.0937),tensor(0.0313),tensor(0.0415)
2254,2254,tensor(0.0937),tensor(0.0313),tensor(0.0415)
2255,2255,tensor(0.0936),tensor(0.0313),tensor(0.0415)
2256,2256,tensor(0.0936),tensor(0.0313),tensor(0.0415)
2257,2257,tensor(0.0936),tensor(0.0313),tensor(0.0415)
2258,2258,tensor(0.0936),tensor(0.0313),tensor(0.0415)
2259,2259,tensor(0.0936),tensor(0.0313),tensor(0.0415)
2260,2260,tensor(0.0936),tensor(0.0313),tensor(0.0415)
2261,2261,tensor(0.0936),tensor(0.0313),tensor(0.0415)
2262,2262,tensor(0.0936),tensor(0.0313),tensor(0.0415)
2263,2263,tensor(0.0936),tensor(0.0313),tensor(0.0415)
2264,2264,tensor(0.0936),tensor(0.0313),tensor(0.0415)
2265,2265,tensor(0.0936),tensor(0.0313),tensor(0.0415)
2266,2266,tensor(0.0936),tensor(0.0313),tensor(0.0415)
2267,2267,tensor(0.0936),tensor(0.0313),tensor(0.0415)
2268,2268,tensor(0.0935),tensor(0.0313),tensor(0.0415)
2269,2269,tensor(0.0935),tensor(0.0313),tensor(0.0414)
2270,2270,tensor(0.0935),tensor(0.0313),tensor(0.0414)
2271,2271,tensor(0.0935),tensor(0.0313),tensor(0.0414)
2272,2272,tensor(0.0935),tensor(0.0313),tensor(0.0414)
2273,2273,tensor(0.0935),tensor(0.0313),tensor(0.0414)
2274,2274,tensor(0.0935),tensor(0.0313),tensor(0.0414)
2275,2275,tensor(0.0935),tensor(0.0313),tensor(0.0414)
2276,2276,tensor(0.0935),tensor(0.0313),tensor(0.0414)
2277,2277,tensor(0.0935),tensor(0.0313),tensor(0.0414)
2278,2278,tensor(0.0935),tensor(0.0313),tensor(0.0414)
2279,2279,tensor(0.0935),tensor(0.0313),tensor(0.0414)
2280,2280,tensor(0.0935),tensor(0.0312),tensor(0.0414)
2281,2281,tensor(0.0934),tensor(0.0312),tensor(0.0414)
2282,2282,tensor(0.0934),tensor(0.0312),tensor(0.0414)
2283,2283,tensor(0.0934),tensor(0.0312),tensor(0.0414)
2284,2284,tensor(0.0934),tensor(0.0312),tensor(0.0414)
2285,2285,tensor(0.0934),tensor(0.0312),tensor(0.0414)
2286,2286,tensor(0.0934),tensor(0.0312),tensor(0.0414)
2287,2287,tensor(0.0934),tensor(0.0312),tensor(0.0414)
2288,2288,tensor(0.0934),tensor(0.0312),tensor(0.0414)
2289,2289,tensor(0.0934),tensor(0.0312),tensor(0.0414)
2290,2290,tensor(0.0934),tensor(0.0312),tensor(0.0414)
2291,2291,tensor(0.0934),tensor(0.0312),tensor(0.0414)
2292,2292,tensor(0.0934),tensor(0.0312),tensor(0.0414)
2293,2293,tensor(0.0934),tensor(0.0312),tensor(0.0414)
2294,2294,tensor(0.0933),tensor(0.0312),tensor(0.0414)
2295,2295,tensor(0.0933),tensor(0.0312),tensor(0.0414)
2296,2296,tensor(0.0933),tensor(0.0312),tensor(0.0414)
2297,2297,tensor(0.0933),tensor(0.0312),tensor(0.0414)
2298,2298,tensor(0.0933),tensor(0.0312),tensor(0.0414)
2299,2299,tensor(0.0933),tensor(0.0312),tensor(0.0414)
2300,2300,tensor(0.0933),tensor(0.0312),tensor(0.0414)
2301,2301,tensor(0.0933),tensor(0.0312),tensor(0.0414)
2302,2302,tensor(0.0933),tensor(0.0312),tensor(0.0414)
2303,2303,tensor(0.0933),tensor(0.0312),tensor(0.0414)
2304,2304,tensor(0.0933),tensor(0.0312),tensor(0.0414)
2305,2305,tensor(0.0933),tensor(0.0312),tensor(0.0414)
2306,2306,tensor(0.0933),tensor(0.0312),tensor(0.0414)
2307,2307,tensor(0.0932),tensor(0.0312),tensor(0.0414)
2308,2308,tensor(0.0932),tensor(0.0312),tensor(0.0414)
2309,2309,tensor(0.0932),tensor(0.0312),tensor(0.0414)
2310,2310,tensor(0.0932),tensor(0.0312),tensor(0.0414)
2311,2311,tensor(0.0932),tensor(0.0312),tensor(0.0414)
2312,2312,tensor(0.0932),tensor(0.0312),tensor(0.0414)
2313,2313,tensor(0.0932),tensor(0.0312),tensor(0.0414)
2314,2314,tensor(0.0932),tensor(0.0312),tensor(0.0414)
2315,2315,tensor(0.0932),tensor(0.0312),tensor(0.0414)
2316,2316,tensor(0.0932),tensor(0.0312),tensor(0.0414)
2317,2317,tensor(0.0932),tensor(0.0312),tensor(0.0414)
2318,2318,tensor(0.0932),tensor(0.0312),tensor(0.0414)
2319,2319,tensor(0.0931),tensor(0.0312),tensor(0.0414)
2320,2320,tensor(0.0931),tensor(0.0312),tensor(0.0414)
2321,2321,tensor(0.0931),tensor(0.0312),tensor(0.0414)
2322,2322,tensor(0.0931),tensor(0.0312),tensor(0.0414)
2323,2323,tensor(0.0931),tensor(0.0312),tensor(0.0414)
2324,2324,tensor(0.0931),tensor(0.0312),tensor(0.0414)
2325,2325,tensor(0.0931),tensor(0.0312),tensor(0.0414)
2326,2326,tensor(0.0931),tensor(0.0312),tensor(0.0414)
2327,2327,tensor(0.0931),tensor(0.0312),tensor(0.0414)
2328,2328,tensor(0.0931),tensor(0.0312),tensor(0.0414)
2329,2329,tensor(0.0931),tensor(0.0312),tensor(0.0413)
2330,2330,tensor(0.0931),tensor(0.0312),tensor(0.0413)
2331,2331,tensor(0.0931),tensor(0.0312),tensor(0.0413)
2332,2332,tensor(0.0931),tensor(0.0312),tensor(0.0413)
2333,2333,tensor(0.0930),tensor(0.0312),tensor(0.0413)
2334,2334,tensor(0.0930),tensor(0.0312),tensor(0.0413)
2335,2335,tensor(0.0930),tensor(0.0312),tensor(0.0413)
2336,2336,tensor(0.0930),tensor(0.0312),tensor(0.0413)
2337,2337,tensor(0.0930),tensor(0.0312),tensor(0.0413)
2338,2338,tensor(0.0930),tensor(0.0312),tensor(0.0413)
2339,2339,tensor(0.0930),tensor(0.0312),tensor(0.0413)
2340,2340,tensor(0.0930),tensor(0.0311),tensor(0.0413)
2341,2341,tensor(0.0930),tensor(0.0311),tensor(0.0413)
2342,2342,tensor(0.0930),tensor(0.0311),tensor(0.0413)
2343,2343,tensor(0.0930),tensor(0.0311),tensor(0.0413)
2344,2344,tensor(0.0930),tensor(0.0311),tensor(0.0413)
2345,2345,tensor(0.0930),tensor(0.0311),tensor(0.0413)
2346,2346,tensor(0.0929),tensor(0.0311),tensor(0.0413)
2347,2347,tensor(0.0929),tensor(0.0311),tensor(0.0413)
2348,2348,tensor(0.0929),tensor(0.0311),tensor(0.0413)
2349,2349,tensor(0.0929),tensor(0.0311),tensor(0.0413)
2350,2350,tensor(0.0929),tensor(0.0311),tensor(0.0413)
2351,2351,tensor(0.0929),tensor(0.0311),tensor(0.0413)
2352,2352,tensor(0.0929),tensor(0.0311),tensor(0.0413)
2353,2353,tensor(0.0929),tensor(0.0311),tensor(0.0413)
2354,2354,tensor(0.0929),tensor(0.0311),tensor(0.0413)
2355,2355,tensor(0.0929),tensor(0.0311),tensor(0.0413)
2356,2356,tensor(0.0929),tensor(0.0311),tensor(0.0413)
2357,2357,tensor(0.0929),tensor(0.0311),tensor(0.0413)
2358,2358,tensor(0.0929),tensor(0.0311),tensor(0.0413)
2359,2359,tensor(0.0928),tensor(0.0311),tensor(0.0413)
2360,2360,tensor(0.0928),tensor(0.0311),tensor(0.0413)
2361,2361,tensor(0.0928),tensor(0.0311),tensor(0.0413)
2362,2362,tensor(0.0928),tensor(0.0311),tensor(0.0413)
2363,2363,tensor(0.0928),tensor(0.0311),tensor(0.0413)
2364,2364,tensor(0.0928),tensor(0.0311),tensor(0.0413)
2365,2365,tensor(0.0928),tensor(0.0311),tensor(0.0413)
2366,2366,tensor(0.0928),tensor(0.0311),tensor(0.0413)
2367,2367,tensor(0.0928),tensor(0.0311),tensor(0.0413)
2368,2368,tensor(0.0928),tensor(0.0311),tensor(0.0413)
2369,2369,tensor(0.0928),tensor(0.0311),tensor(0.0413)
2370,2370,tensor(0.0928),tensor(0.0311),tensor(0.0413)
2371,2371,tensor(0.0928),tensor(0.0311),tensor(0.0413)
2372,2372,tensor(0.0927),tensor(0.0311),tensor(0.0413)
2373,2373,tensor(0.0927),tensor(0.0311),tensor(0.0413)
2374,2374,tensor(0.0927),tensor(0.0311),tensor(0.0413)
2375,2375,tensor(0.0927),tensor(0.0311),tensor(0.0413)
2376,2376,tensor(0.0927),tensor(0.0311),tensor(0.0413)
2377,2377,tensor(0.0927),tensor(0.0311),tensor(0.0413)
2378,2378,tensor(0.0927),tensor(0.0311),tensor(0.0413)
2379,2379,tensor(0.0927),tensor(0.0311),tensor(0.0413)
2380,2380,tensor(0.0927),tensor(0.0311),tensor(0.0413)
2381,2381,tensor(0.0927),tensor(0.0311),tensor(0.0413)
2382,2382,tensor(0.0927),tensor(0.0311),tensor(0.0413)
2383,2383,tensor(0.0927),tensor(0.0311),tensor(0.0413)
2384,2384,tensor(0.0927),tensor(0.0311),tensor(0.0413)
2385,2385,tensor(0.0926),tensor(0.0311),tensor(0.0413)
2386,2386,tensor(0.0926),tensor(0.0311),tensor(0.0413)
2387,2387,tensor(0.0926),tensor(0.0311),tensor(0.0413)
2388,2388,tensor(0.0926),tensor(0.0311),tensor(0.0412)
2389,2389,tensor(0.0926),tensor(0.0311),tensor(0.0412)
2390,2390,tensor(0.0926),tensor(0.0311),tensor(0.0412)
2391,2391,tensor(0.0926),tensor(0.0311),tensor(0.0412)
2392,2392,tensor(0.0926),tensor(0.0311),tensor(0.0412)
2393,2393,tensor(0.0926),tensor(0.0311),tensor(0.0412)
2394,2394,tensor(0.0926),tensor(0.0311),tensor(0.0412)
2395,2395,tensor(0.0926),tensor(0.0311),tensor(0.0412)
2396,2396,tensor(0.0926),tensor(0.0311),tensor(0.0412)
2397,2397,tensor(0.0926),tensor(0.0311),tensor(0.0412)
2398,2398,tensor(0.0926),tensor(0.0311),tensor(0.0412)
2399,2399,tensor(0.0925),tensor(0.0310),tensor(0.0412)
2400,2400,tensor(0.0925),tensor(0.0310),tensor(0.0412)
2401,2401,tensor(0.0925),tensor(0.0310),tensor(0.0412)
2402,2402,tensor(0.0925),tensor(0.0310),tensor(0.0412)
2403,2403,tensor(0.0925),tensor(0.0310),tensor(0.0412)
2404,2404,tensor(0.0925),tensor(0.0310),tensor(0.0412)
2405,2405,tensor(0.0925),tensor(0.0310),tensor(0.0412)
2406,2406,tensor(0.0925),tensor(0.0310),tensor(0.0412)
2407,2407,tensor(0.0925),tensor(0.0310),tensor(0.0412)
2408,2408,tensor(0.0925),tensor(0.0310),tensor(0.0412)
2409,2409,tensor(0.0925),tensor(0.0310),tensor(0.0412)
2410,2410,tensor(0.0925),tensor(0.0310),tensor(0.0412)
2411,2411,tensor(0.0925),tensor(0.0310),tensor(0.0412)
2412,2412,tensor(0.0924),tensor(0.0310),tensor(0.0412)
2413,2413,tensor(0.0924),tensor(0.0310),tensor(0.0412)
2414,2414,tensor(0.0924),tensor(0.0310),tensor(0.0412)
2415,2415,tensor(0.0924),tensor(0.0310),tensor(0.0412)
2416,2416,tensor(0.0924),tensor(0.0310),tensor(0.0412)
2417,2417,tensor(0.0924),tensor(0.0310),tensor(0.0412)
2418,2418,tensor(0.0924),tensor(0.0310),tensor(0.0412)
2419,2419,tensor(0.0924),tensor(0.0310),tensor(0.0412)
2420,2420,tensor(0.0924),tensor(0.0310),tensor(0.0412)
2421,2421,tensor(0.0924),tensor(0.0310),tensor(0.0412)
2422,2422,tensor(0.0924),tensor(0.0310),tensor(0.0412)
2423,2423,tensor(0.0924),tensor(0.0310),tensor(0.0412)
2424,2424,tensor(0.0924),tensor(0.0310),tensor(0.0412)
2425,2425,tensor(0.0923),tensor(0.0310),tensor(0.0412)
2426,2426,tensor(0.0923),tensor(0.0310),tensor(0.0412)
2427,2427,tensor(0.0923),tensor(0.0310),tensor(0.0412)
2428,2428,tensor(0.0923),tensor(0.0310),tensor(0.0412)
2429,2429,tensor(0.0923),tensor(0.0310),tensor(0.0412)
2430,2430,tensor(0.0923),tensor(0.0310),tensor(0.0412)
2431,2431,tensor(0.0923),tensor(0.0310),tensor(0.0412)
2432,2432,tensor(0.0923),tensor(0.0310),tensor(0.0412)
2433,2433,tensor(0.0923),tensor(0.0310),tensor(0.0412)
2434,2434,tensor(0.0923),tensor(0.0310),tensor(0.0412)
2435,2435,tensor(0.0923),tensor(0.0310),tensor(0.0412)
2436,2436,tensor(0.0923),tensor(0.0310),tensor(0.0412)
2437,2437,tensor(0.0923),tensor(0.0310),tensor(0.0412)
2438,2438,tensor(0.0923),tensor(0.0310),tensor(0.0412)
2439,2439,tensor(0.0922),tensor(0.0310),tensor(0.0412)
2440,2440,tensor(0.0922),tensor(0.0310),tensor(0.0412)
2441,2441,tensor(0.0922),tensor(0.0310),tensor(0.0412)
2442,2442,tensor(0.0922),tensor(0.0310),tensor(0.0412)
2443,2443,tensor(0.0922),tensor(0.0310),tensor(0.0412)
2444,2444,tensor(0.0922),tensor(0.0310),tensor(0.0412)
2445,2445,tensor(0.0922),tensor(0.0310),tensor(0.0411)
2446,2446,tensor(0.0922),tensor(0.0310),tensor(0.0411)
2447,2447,tensor(0.0922),tensor(0.0310),tensor(0.0411)
2448,2448,tensor(0.0922),tensor(0.0310),tensor(0.0411)
2449,2449,tensor(0.0922),tensor(0.0310),tensor(0.0411)
2450,2450,tensor(0.0922),tensor(0.0310),tensor(0.0411)
2451,2451,tensor(0.0922),tensor(0.0310),tensor(0.0411)
2452,2452,tensor(0.0922),tensor(0.0310),tensor(0.0411)
2453,2453,tensor(0.0921),tensor(0.0310),tensor(0.0411)
2454,2454,tensor(0.0921),tensor(0.0310),tensor(0.0411)
2455,2455,tensor(0.0921),tensor(0.0309),tensor(0.0411)
2456,2456,tensor(0.0921),tensor(0.0309),tensor(0.0411)
2457,2457,tensor(0.0921),tensor(0.0309),tensor(0.0411)
2458,2458,tensor(0.0921),tensor(0.0309),tensor(0.0411)
2459,2459,tensor(0.0921),tensor(0.0309),tensor(0.0411)
2460,2460,tensor(0.0921),tensor(0.0309),tensor(0.0411)
2461,2461,tensor(0.0921),tensor(0.0309),tensor(0.0411)
2462,2462,tensor(0.0921),tensor(0.0309),tensor(0.0411)
2463,2463,tensor(0.0921),tensor(0.0309),tensor(0.0411)
2464,2464,tensor(0.0921),tensor(0.0309),tensor(0.0411)
2465,2465,tensor(0.0921),tensor(0.0309),tensor(0.0411)
2466,2466,tensor(0.0920),tensor(0.0309),tensor(0.0411)
2467,2467,tensor(0.0920),tensor(0.0309),tensor(0.0411)
2468,2468,tensor(0.0920),tensor(0.0309),tensor(0.0411)
2469,2469,tensor(0.0920),tensor(0.0309),tensor(0.0411)
2470,2470,tensor(0.0920),tensor(0.0309),tensor(0.0411)
2471,2471,tensor(0.0920),tensor(0.0309),tensor(0.0411)
2472,2472,tensor(0.0920),tensor(0.0309),tensor(0.0411)
2473,2473,tensor(0.0920),tensor(0.0309),tensor(0.0411)
2474,2474,tensor(0.0920),tensor(0.0309),tensor(0.0411)
2475,2475,tensor(0.0920),tensor(0.0309),tensor(0.0411)
2476,2476,tensor(0.0920),tensor(0.0309),tensor(0.0411)
2477,2477,tensor(0.0920),tensor(0.0309),tensor(0.0411)
2478,2478,tensor(0.0920),tensor(0.0309),tensor(0.0411)
2479,2479,tensor(0.0920),tensor(0.0309),tensor(0.0411)
2480,2480,tensor(0.0919),tensor(0.0309),tensor(0.0411)
2481,2481,tensor(0.0919),tensor(0.0309),tensor(0.0411)
2482,2482,tensor(0.0919),tensor(0.0309),tensor(0.0411)
2483,2483,tensor(0.0919),tensor(0.0309),tensor(0.0411)
2484,2484,tensor(0.0919),tensor(0.0309),tensor(0.0411)
2485,2485,tensor(0.0919),tensor(0.0309),tensor(0.0411)
2486,2486,tensor(0.0919),tensor(0.0309),tensor(0.0411)
2487,2487,tensor(0.0919),tensor(0.0309),tensor(0.0411)
2488,2488,tensor(0.0919),tensor(0.0309),tensor(0.0411)
2489,2489,tensor(0.0919),tensor(0.0309),tensor(0.0411)
2490,2490,tensor(0.0919),tensor(0.0309),tensor(0.0411)
2491,2491,tensor(0.0919),tensor(0.0309),tensor(0.0411)
2492,2492,tensor(0.0919),tensor(0.0309),tensor(0.0411)
2493,2493,tensor(0.0919),tensor(0.0309),tensor(0.0411)
2494,2494,tensor(0.0918),tensor(0.0309),tensor(0.0411)
2495,2495,tensor(0.0918),tensor(0.0309),tensor(0.0411)
2496,2496,tensor(0.0918),tensor(0.0309),tensor(0.0411)
2497,2497,tensor(0.0918),tensor(0.0309),tensor(0.0411)
2498,2498,tensor(0.0918),tensor(0.0309),tensor(0.0411)
2499,2499,tensor(0.0918),tensor(0.0309),tensor(0.0411)
2500,2500,tensor(0.0918),tensor(0.0309),tensor(0.0410)
2501,2501,tensor(0.0918),tensor(0.0309),tensor(0.0410)
2502,2502,tensor(0.0918),tensor(0.0309),tensor(0.0410)
2503,2503,tensor(0.0918),tensor(0.0309),tensor(0.0410)
2504,2504,tensor(0.0918),tensor(0.0309),tensor(0.0410)
2505,2505,tensor(0.0918),tensor(0.0309),tensor(0.0410)
2506,2506,tensor(0.0918),tensor(0.0309),tensor(0.0410)
2507,2507,tensor(0.0918),tensor(0.0309),tensor(0.0410)
2508,2508,tensor(0.0917),tensor(0.0309),tensor(0.0410)
2509,2509,tensor(0.0917),tensor(0.0308),tensor(0.0410)
2510,2510,tensor(0.0917),tensor(0.0308),tensor(0.0410)
2511,2511,tensor(0.0917),tensor(0.0308),tensor(0.0410)
2512,2512,tensor(0.0917),tensor(0.0308),tensor(0.0410)
2513,2513,tensor(0.0917),tensor(0.0308),tensor(0.0410)
2514,2514,tensor(0.0917),tensor(0.0308),tensor(0.0410)
2515,2515,tensor(0.0917),tensor(0.0308),tensor(0.0410)
2516,2516,tensor(0.0917),tensor(0.0308),tensor(0.0410)
2517,2517,tensor(0.0917),tensor(0.0308),tensor(0.0410)
2518,2518,tensor(0.0917),tensor(0.0308),tensor(0.0410)
2519,2519,tensor(0.0917),tensor(0.0308),tensor(0.0410)
2520,2520,tensor(0.0917),tensor(0.0308),tensor(0.0410)
2521,2521,tensor(0.0917),tensor(0.0308),tensor(0.0410)
2522,2522,tensor(0.0916),tensor(0.0308),tensor(0.0410)
2523,2523,tensor(0.0916),tensor(0.0308),tensor(0.0410)
2524,2524,tensor(0.0916),tensor(0.0308),tensor(0.0410)
2525,2525,tensor(0.0916),tensor(0.0308),tensor(0.0410)
2526,2526,tensor(0.0916),tensor(0.0308),tensor(0.0410)
2527,2527,tensor(0.0916),tensor(0.0308),tensor(0.0410)
2528,2528,tensor(0.0916),tensor(0.0308),tensor(0.0410)
2529,2529,tensor(0.0916),tensor(0.0308),tensor(0.0410)
2530,2530,tensor(0.0916),tensor(0.0308),tensor(0.0410)
2531,2531,tensor(0.0916),tensor(0.0308),tensor(0.0410)
2532,2532,tensor(0.0916),tensor(0.0308),tensor(0.0410)
2533,2533,tensor(0.0916),tensor(0.0308),tensor(0.0410)
2534,2534,tensor(0.0916),tensor(0.0308),tensor(0.0410)
2535,2535,tensor(0.0916),tensor(0.0308),tensor(0.0410)
2536,2536,tensor(0.0915),tensor(0.0308),tensor(0.0410)
2537,2537,tensor(0.0915),tensor(0.0308),tensor(0.0410)
2538,2538,tensor(0.0915),tensor(0.0308),tensor(0.0410)
2539,2539,tensor(0.0915),tensor(0.0308),tensor(0.0410)
2540,2540,tensor(0.0915),tensor(0.0308),tensor(0.0410)
2541,2541,tensor(0.0915),tensor(0.0308),tensor(0.0410)
2542,2542,tensor(0.0915),tensor(0.0308),tensor(0.0410)
2543,2543,tensor(0.0915),tensor(0.0308),tensor(0.0410)
2544,2544,tensor(0.0915),tensor(0.0308),tensor(0.0410)
2545,2545,tensor(0.0915),tensor(0.0308),tensor(0.0410)
2546,2546,tensor(0.0915),tensor(0.0308),tensor(0.0410)
2547,2547,tensor(0.0915),tensor(0.0308),tensor(0.0410)
2548,2548,tensor(0.0915),tensor(0.0308),tensor(0.0410)
2549,2549,tensor(0.0915),tensor(0.0308),tensor(0.0410)
2550,2550,tensor(0.0914),tensor(0.0308),tensor(0.0410)
2551,2551,tensor(0.0914),tensor(0.0308),tensor(0.0410)
2552,2552,tensor(0.0914),tensor(0.0308),tensor(0.0410)
2553,2553,tensor(0.0914),tensor(0.0308),tensor(0.0409)
2554,2554,tensor(0.0914),tensor(0.0308),tensor(0.0409)
2555,2555,tensor(0.0914),tensor(0.0308),tensor(0.0409)
2556,2556,tensor(0.0914),tensor(0.0308),tensor(0.0409)
2557,2557,tensor(0.0914),tensor(0.0308),tensor(0.0409)
2558,2558,tensor(0.0914),tensor(0.0308),tensor(0.0409)
2559,2559,tensor(0.0914),tensor(0.0308),tensor(0.0409)
2560,2560,tensor(0.0914),tensor(0.0308),tensor(0.0409)
2561,2561,tensor(0.0914),tensor(0.0307),tensor(0.0409)
2562,2562,tensor(0.0914),tensor(0.0307),tensor(0.0409)
2563,2563,tensor(0.0914),tensor(0.0307),tensor(0.0409)
2564,2564,tensor(0.0913),tensor(0.0307),tensor(0.0409)
2565,2565,tensor(0.0913),tensor(0.0307),tensor(0.0409)
2566,2566,tensor(0.0913),tensor(0.0307),tensor(0.0409)
2567,2567,tensor(0.0913),tensor(0.0307),tensor(0.0409)
2568,2568,tensor(0.0913),tensor(0.0307),tensor(0.0409)
2569,2569,tensor(0.0913),tensor(0.0307),tensor(0.0409)
2570,2570,tensor(0.0913),tensor(0.0307),tensor(0.0409)
2571,2571,tensor(0.0913),tensor(0.0307),tensor(0.0409)
2572,2572,tensor(0.0913),tensor(0.0307),tensor(0.0409)
2573,2573,tensor(0.0913),tensor(0.0307),tensor(0.0409)
2574,2574,tensor(0.0913),tensor(0.0307),tensor(0.0409)
2575,2575,tensor(0.0913),tensor(0.0307),tensor(0.0409)
2576,2576,tensor(0.0913),tensor(0.0307),tensor(0.0409)
2577,2577,tensor(0.0913),tensor(0.0307),tensor(0.0409)
2578,2578,tensor(0.0912),tensor(0.0307),tensor(0.0409)
2579,2579,tensor(0.0912),tensor(0.0307),tensor(0.0409)
2580,2580,tensor(0.0912),tensor(0.0307),tensor(0.0409)
2581,2581,tensor(0.0912),tensor(0.0307),tensor(0.0409)
2582,2582,tensor(0.0912),tensor(0.0307),tensor(0.0409)
2583,2583,tensor(0.0912),tensor(0.0307),tensor(0.0409)
2584,2584,tensor(0.0912),tensor(0.0307),tensor(0.0409)
2585,2585,tensor(0.0912),tensor(0.0307),tensor(0.0409)
2586,2586,tensor(0.0912),tensor(0.0307),tensor(0.0409)
2587,2587,tensor(0.0912),tensor(0.0307),tensor(0.0409)
2588,2588,tensor(0.0912),tensor(0.0307),tensor(0.0409)
2589,2589,tensor(0.0912),tensor(0.0307),tensor(0.0409)
2590,2590,tensor(0.0912),tensor(0.0307),tensor(0.0409)
2591,2591,tensor(0.0912),tensor(0.0307),tensor(0.0409)
2592,2592,tensor(0.0912),tensor(0.0307),tensor(0.0409)
2593,2593,tensor(0.0911),tensor(0.0307),tensor(0.0409)
2594,2594,tensor(0.0911),tensor(0.0307),tensor(0.0409)
2595,2595,tensor(0.0911),tensor(0.0307),tensor(0.0409)
2596,2596,tensor(0.0911),tensor(0.0307),tensor(0.0409)
2597,2597,tensor(0.0911),tensor(0.0307),tensor(0.0409)
2598,2598,tensor(0.0911),tensor(0.0307),tensor(0.0409)
2599,2599,tensor(0.0911),tensor(0.0307),tensor(0.0409)
2600,2600,tensor(0.0911),tensor(0.0307),tensor(0.0409)
2601,2601,tensor(0.0911),tensor(0.0307),tensor(0.0409)
2602,2602,tensor(0.0911),tensor(0.0307),tensor(0.0409)
2603,2603,tensor(0.0911),tensor(0.0307),tensor(0.0409)
2604,2604,tensor(0.0911),tensor(0.0307),tensor(0.0408)
2605,2605,tensor(0.0911),tensor(0.0307),tensor(0.0408)
2606,2606,tensor(0.0911),tensor(0.0307),tensor(0.0408)
2607,2607,tensor(0.0910),tensor(0.0307),tensor(0.0408)
2608,2608,tensor(0.0910),tensor(0.0307),tensor(0.0408)
2609,2609,tensor(0.0910),tensor(0.0307),tensor(0.0408)
2610,2610,tensor(0.0910),tensor(0.0307),tensor(0.0408)
2611,2611,tensor(0.0910),tensor(0.0307),tensor(0.0408)
2612,2612,tensor(0.0910),tensor(0.0306),tensor(0.0408)
2613,2613,tensor(0.0910),tensor(0.0306),tensor(0.0408)
2614,2614,tensor(0.0910),tensor(0.0306),tensor(0.0408)
2615,2615,tensor(0.0910),tensor(0.0306),tensor(0.0408)
2616,2616,tensor(0.0910),tensor(0.0306),tensor(0.0408)
2617,2617,tensor(0.0910),tensor(0.0306),tensor(0.0408)
2618,2618,tensor(0.0910),tensor(0.0306),tensor(0.0408)
2619,2619,tensor(0.0910),tensor(0.0306),tensor(0.0408)
2620,2620,tensor(0.0910),tensor(0.0306),tensor(0.0408)
2621,2621,tensor(0.0910),tensor(0.0306),tensor(0.0408)
2622,2622,tensor(0.0909),tensor(0.0306),tensor(0.0408)
2623,2623,tensor(0.0909),tensor(0.0306),tensor(0.0408)
2624,2624,tensor(0.0909),tensor(0.0306),tensor(0.0408)
2625,2625,tensor(0.0909),tensor(0.0306),tensor(0.0408)
2626,2626,tensor(0.0909),tensor(0.0306),tensor(0.0408)
2627,2627,tensor(0.0909),tensor(0.0306),tensor(0.0408)
2628,2628,tensor(0.0909),tensor(0.0306),tensor(0.0408)
2629,2629,tensor(0.0909),tensor(0.0306),tensor(0.0408)
2630,2630,tensor(0.0909),tensor(0.0306),tensor(0.0408)
2631,2631,tensor(0.0909),tensor(0.0306),tensor(0.0408)
2632,2632,tensor(0.0909),tensor(0.0306),tensor(0.0408)
2633,2633,tensor(0.0909),tensor(0.0306),tensor(0.0408)
2634,2634,tensor(0.0909),tensor(0.0306),tensor(0.0408)
2635,2635,tensor(0.0909),tensor(0.0306),tensor(0.0408)
2636,2636,tensor(0.0908),tensor(0.0306),tensor(0.0408)
2637,2637,tensor(0.0908),tensor(0.0306),tensor(0.0408)
2638,2638,tensor(0.0908),tensor(0.0306),tensor(0.0408)
2639,2639,tensor(0.0908),tensor(0.0306),tensor(0.0408)
2640,2640,tensor(0.0908),tensor(0.0306),tensor(0.0408)
2641,2641,tensor(0.0908),tensor(0.0306),tensor(0.0408)
2642,2642,tensor(0.0908),tensor(0.0306),tensor(0.0408)
2643,2643,tensor(0.0908),tensor(0.0306),tensor(0.0408)
2644,2644,tensor(0.0908),tensor(0.0306),tensor(0.0408)
2645,2645,tensor(0.0908),tensor(0.0306),tensor(0.0408)
2646,2646,tensor(0.0908),tensor(0.0306),tensor(0.0408)
2647,2647,tensor(0.0908),tensor(0.0306),tensor(0.0408)
2648,2648,tensor(0.0908),tensor(0.0306),tensor(0.0408)
2649,2649,tensor(0.0908),tensor(0.0306),tensor(0.0408)
2650,2650,tensor(0.0908),tensor(0.0306),tensor(0.0408)
2651,2651,tensor(0.0907),tensor(0.0306),tensor(0.0408)
2652,2652,tensor(0.0907),tensor(0.0306),tensor(0.0408)
2653,2653,tensor(0.0907),tensor(0.0306),tensor(0.0407)
2654,2654,tensor(0.0907),tensor(0.0306),tensor(0.0407)
2655,2655,tensor(0.0907),tensor(0.0306),tensor(0.0407)
2656,2656,tensor(0.0907),tensor(0.0306),tensor(0.0407)
2657,2657,tensor(0.0907),tensor(0.0306),tensor(0.0407)
2658,2658,tensor(0.0907),tensor(0.0306),tensor(0.0407)
2659,2659,tensor(0.0907),tensor(0.0306),tensor(0.0407)
2660,2660,tensor(0.0907),tensor(0.0305),tensor(0.0407)
2661,2661,tensor(0.0907),tensor(0.0305),tensor(0.0407)
2662,2662,tensor(0.0907),tensor(0.0305),tensor(0.0407)
2663,2663,tensor(0.0907),tensor(0.0305),tensor(0.0407)
2664,2664,tensor(0.0907),tensor(0.0305),tensor(0.0407)
2665,2665,tensor(0.0907),tensor(0.0305),tensor(0.0407)
2666,2666,tensor(0.0906),tensor(0.0305),tensor(0.0407)
2667,2667,tensor(0.0906),tensor(0.0305),tensor(0.0407)
2668,2668,tensor(0.0906),tensor(0.0305),tensor(0.0407)
2669,2669,tensor(0.0906),tensor(0.0305),tensor(0.0407)
2670,2670,tensor(0.0906),tensor(0.0305),tensor(0.0407)
2671,2671,tensor(0.0906),tensor(0.0305),tensor(0.0407)
2672,2672,tensor(0.0906),tensor(0.0305),tensor(0.0407)
2673,2673,tensor(0.0906),tensor(0.0305),tensor(0.0407)
2674,2674,tensor(0.0906),tensor(0.0305),tensor(0.0407)
2675,2675,tensor(0.0906),tensor(0.0305),tensor(0.0407)
2676,2676,tensor(0.0906),tensor(0.0305),tensor(0.0407)
2677,2677,tensor(0.0906),tensor(0.0305),tensor(0.0407)
2678,2678,tensor(0.0906),tensor(0.0305),tensor(0.0407)
2679,2679,tensor(0.0906),tensor(0.0305),tensor(0.0407)
2680,2680,tensor(0.0906),tensor(0.0305),tensor(0.0407)
2681,2681,tensor(0.0905),tensor(0.0305),tensor(0.0407)
2682,2682,tensor(0.0905),tensor(0.0305),tensor(0.0407)
2683,2683,tensor(0.0905),tensor(0.0305),tensor(0.0407)
2684,2684,tensor(0.0905),tensor(0.0305),tensor(0.0407)
2685,2685,tensor(0.0905),tensor(0.0305),tensor(0.0407)
2686,2686,tensor(0.0905),tensor(0.0305),tensor(0.0407)
2687,2687,tensor(0.0905),tensor(0.0305),tensor(0.0407)
2688,2688,tensor(0.0905),tensor(0.0305),tensor(0.0407)
2689,2689,tensor(0.0905),tensor(0.0305),tensor(0.0407)
2690,2690,tensor(0.0905),tensor(0.0305),tensor(0.0407)
2691,2691,tensor(0.0905),tensor(0.0305),tensor(0.0407)
2692,2692,tensor(0.0905),tensor(0.0305),tensor(0.0407)
2693,2693,tensor(0.0905),tensor(0.0305),tensor(0.0407)
2694,2694,tensor(0.0905),tensor(0.0305),tensor(0.0407)
2695,2695,tensor(0.0905),tensor(0.0305),tensor(0.0407)
2696,2696,tensor(0.0904),tensor(0.0305),tensor(0.0407)
2697,2697,tensor(0.0904),tensor(0.0305),tensor(0.0407)
2698,2698,tensor(0.0904),tensor(0.0305),tensor(0.0407)
2699,2699,tensor(0.0904),tensor(0.0305),tensor(0.0407)
2700,2700,tensor(0.0904),tensor(0.0305),tensor(0.0406)
2701,2701,tensor(0.0904),tensor(0.0305),tensor(0.0406)
2702,2702,tensor(0.0904),tensor(0.0305),tensor(0.0406)
2703,2703,tensor(0.0904),tensor(0.0305),tensor(0.0406)
2704,2704,tensor(0.0904),tensor(0.0305),tensor(0.0406)
2705,2705,tensor(0.0904),tensor(0.0305),tensor(0.0406)
2706,2706,tensor(0.0904),tensor(0.0305),tensor(0.0406)
2707,2707,tensor(0.0904),tensor(0.0304),tensor(0.0406)
2708,2708,tensor(0.0904),tensor(0.0304),tensor(0.0406)
2709,2709,tensor(0.0904),tensor(0.0304),tensor(0.0406)
2710,2710,tensor(0.0904),tensor(0.0304),tensor(0.0406)
2711,2711,tensor(0.0903),tensor(0.0304),tensor(0.0406)
2712,2712,tensor(0.0903),tensor(0.0304),tensor(0.0406)
2713,2713,tensor(0.0903),tensor(0.0304),tensor(0.0406)
2714,2714,tensor(0.0903),tensor(0.0304),tensor(0.0406)
2715,2715,tensor(0.0903),tensor(0.0304),tensor(0.0406)
2716,2716,tensor(0.0903),tensor(0.0304),tensor(0.0406)
2717,2717,tensor(0.0903),tensor(0.0304),tensor(0.0406)
2718,2718,tensor(0.0903),tensor(0.0304),tensor(0.0406)
2719,2719,tensor(0.0903),tensor(0.0304),tensor(0.0406)
2720,2720,tensor(0.0903),tensor(0.0304),tensor(0.0406)
2721,2721,tensor(0.0903),tensor(0.0304),tensor(0.0406)
2722,2722,tensor(0.0903),tensor(0.0304),tensor(0.0406)
2723,2723,tensor(0.0903),tensor(0.0304),tensor(0.0406)
2724,2724,tensor(0.0903),tensor(0.0304),tensor(0.0406)
2725,2725,tensor(0.0903),tensor(0.0304),tensor(0.0406)
2726,2726,tensor(0.0902),tensor(0.0304),tensor(0.0406)
2727,2727,tensor(0.0902),tensor(0.0304),tensor(0.0406)
2728,2728,tensor(0.0902),tensor(0.0304),tensor(0.0406)
2729,2729,tensor(0.0902),tensor(0.0304),tensor(0.0406)
2730,2730,tensor(0.0902),tensor(0.0304),tensor(0.0406)
2731,2731,tensor(0.0902),tensor(0.0304),tensor(0.0406)
2732,2732,tensor(0.0902),tensor(0.0304),tensor(0.0406)
2733,2733,tensor(0.0902),tensor(0.0304),tensor(0.0406)
2734,2734,tensor(0.0902),tensor(0.0304),tensor(0.0406)
2735,2735,tensor(0.0902),tensor(0.0304),tensor(0.0406)
2736,2736,tensor(0.0902),tensor(0.0304),tensor(0.0406)
2737,2737,tensor(0.0902),tensor(0.0304),tensor(0.0406)
2738,2738,tensor(0.0902),tensor(0.0304),tensor(0.0406)
2739,2739,tensor(0.0902),tensor(0.0304),tensor(0.0406)
2740,2740,tensor(0.0902),tensor(0.0304),tensor(0.0406)
2741,2741,tensor(0.0901),tensor(0.0304),tensor(0.0406)
2742,2742,tensor(0.0901),tensor(0.0304),tensor(0.0406)
2743,2743,tensor(0.0901),tensor(0.0304),tensor(0.0406)
2744,2744,tensor(0.0901),tensor(0.0304),tensor(0.0406)
2745,2745,tensor(0.0901),tensor(0.0304),tensor(0.0406)
2746,2746,tensor(0.0901),tensor(0.0304),tensor(0.0405)
2747,2747,tensor(0.0901),tensor(0.0304),tensor(0.0405)
2748,2748,tensor(0.0901),tensor(0.0304),tensor(0.0405)
2749,2749,tensor(0.0901),tensor(0.0304),tensor(0.0405)
2750,2750,tensor(0.0901),tensor(0.0304),tensor(0.0405)
2751,2751,tensor(0.0901),tensor(0.0304),tensor(0.0405)
2752,2752,tensor(0.0901),tensor(0.0304),tensor(0.0405)
2753,2753,tensor(0.0901),tensor(0.0303),tensor(0.0405)
2754,2754,tensor(0.0901),tensor(0.0303),tensor(0.0405)
2755,2755,tensor(0.0901),tensor(0.0303),tensor(0.0405)
2756,2756,tensor(0.0900),tensor(0.0303),tensor(0.0405)
2757,2757,tensor(0.0900),tensor(0.0303),tensor(0.0405)
2758,2758,tensor(0.0900),tensor(0.0303),tensor(0.0405)
2759,2759,tensor(0.0900),tensor(0.0303),tensor(0.0405)
2760,2760,tensor(0.0900),tensor(0.0303),tensor(0.0405)
2761,2761,tensor(0.0900),tensor(0.0303),tensor(0.0405)
2762,2762,tensor(0.0900),tensor(0.0303),tensor(0.0405)
2763,2763,tensor(0.0900),tensor(0.0303),tensor(0.0405)
2764,2764,tensor(0.0900),tensor(0.0303),tensor(0.0405)
2765,2765,tensor(0.0900),tensor(0.0303),tensor(0.0405)
2766,2766,tensor(0.0900),tensor(0.0303),tensor(0.0405)
2767,2767,tensor(0.0900),tensor(0.0303),tensor(0.0405)
2768,2768,tensor(0.0900),tensor(0.0303),tensor(0.0405)
2769,2769,tensor(0.0900),tensor(0.0303),tensor(0.0405)
2770,2770,tensor(0.0900),tensor(0.0303),tensor(0.0405)
2771,2771,tensor(0.0900),tensor(0.0303),tensor(0.0405)
2772,2772,tensor(0.0899),tensor(0.0303),tensor(0.0405)
2773,2773,tensor(0.0899),tensor(0.0303),tensor(0.0405)
2774,2774,tensor(0.0899),tensor(0.0303),tensor(0.0405)
2775,2775,tensor(0.0899),tensor(0.0303),tensor(0.0405)
2776,2776,tensor(0.0899),tensor(0.0303),tensor(0.0405)
2777,2777,tensor(0.0899),tensor(0.0303),tensor(0.0405)
2778,2778,tensor(0.0899),tensor(0.0303),tensor(0.0405)
2779,2779,tensor(0.0899),tensor(0.0303),tensor(0.0405)
2780,2780,tensor(0.0899),tensor(0.0303),tensor(0.0405)
2781,2781,tensor(0.0899),tensor(0.0303),tensor(0.0405)
2782,2782,tensor(0.0899),tensor(0.0303),tensor(0.0405)
2783,2783,tensor(0.0899),tensor(0.0303),tensor(0.0405)
2784,2784,tensor(0.0899),tensor(0.0303),tensor(0.0405)
2785,2785,tensor(0.0899),tensor(0.0303),tensor(0.0405)
2786,2786,tensor(0.0899),tensor(0.0303),tensor(0.0405)
2787,2787,tensor(0.0898),tensor(0.0303),tensor(0.0405)
2788,2788,tensor(0.0898),tensor(0.0303),tensor(0.0405)
2789,2789,tensor(0.0898),tensor(0.0303),tensor(0.0405)
2790,2790,tensor(0.0898),tensor(0.0303),tensor(0.0405)
2791,2791,tensor(0.0898),tensor(0.0303),tensor(0.0404)
2792,2792,tensor(0.0898),tensor(0.0303),tensor(0.0404)
2793,2793,tensor(0.0898),tensor(0.0303),tensor(0.0404)
2794,2794,tensor(0.0898),tensor(0.0303),tensor(0.0404)
2795,2795,tensor(0.0898),tensor(0.0303),tensor(0.0404)
2796,2796,tensor(0.0898),tensor(0.0303),tensor(0.0404)
2797,2797,tensor(0.0898),tensor(0.0302),tensor(0.0404)
2798,2798,tensor(0.0898),tensor(0.0302),tensor(0.0404)
2799,2799,tensor(0.0898),tensor(0.0302),tensor(0.0404)
2800,2800,tensor(0.0898),tensor(0.0302),tensor(0.0404)
2801,2801,tensor(0.0898),tensor(0.0302),tensor(0.0404)
2802,2802,tensor(0.0898),tensor(0.0302),tensor(0.0404)
2803,2803,tensor(0.0897),tensor(0.0302),tensor(0.0404)
2804,2804,tensor(0.0897),tensor(0.0302),tensor(0.0404)
2805,2805,tensor(0.0897),tensor(0.0302),tensor(0.0404)
2806,2806,tensor(0.0897),tensor(0.0302),tensor(0.0404)
2807,2807,tensor(0.0897),tensor(0.0302),tensor(0.0404)
2808,2808,tensor(0.0897),tensor(0.0302),tensor(0.0404)
2809,2809,tensor(0.0897),tensor(0.0302),tensor(0.0404)
2810,2810,tensor(0.0897),tensor(0.0302),tensor(0.0404)
2811,2811,tensor(0.0897),tensor(0.0302),tensor(0.0404)
2812,2812,tensor(0.0897),tensor(0.0302),tensor(0.0404)
2813,2813,tensor(0.0897),tensor(0.0302),tensor(0.0404)
2814,2814,tensor(0.0897),tensor(0.0302),tensor(0.0404)
2815,2815,tensor(0.0897),tensor(0.0302),tensor(0.0404)
2816,2816,tensor(0.0897),tensor(0.0302),tensor(0.0404)
2817,2817,tensor(0.0897),tensor(0.0302),tensor(0.0404)
2818,2818,tensor(0.0897),tensor(0.0302),tensor(0.0404)
2819,2819,tensor(0.0896),tensor(0.0302),tensor(0.0404)
2820,2820,tensor(0.0896),tensor(0.0302),tensor(0.0404)
2821,2821,tensor(0.0896),tensor(0.0302),tensor(0.0404)
2822,2822,tensor(0.0896),tensor(0.0302),tensor(0.0404)
2823,2823,tensor(0.0896),tensor(0.0302),tensor(0.0404)
2824,2824,tensor(0.0896),tensor(0.0302),tensor(0.0404)
2825,2825,tensor(0.0896),tensor(0.0302),tensor(0.0404)
2826,2826,tensor(0.0896),tensor(0.0302),tensor(0.0404)
2827,2827,tensor(0.0896),tensor(0.0302),tensor(0.0404)
2828,2828,tensor(0.0896),tensor(0.0302),tensor(0.0404)
2829,2829,tensor(0.0896),tensor(0.0302),tensor(0.0404)
2830,2830,tensor(0.0896),tensor(0.0302),tensor(0.0404)
2831,2831,tensor(0.0896),tensor(0.0302),tensor(0.0404)
2832,2832,tensor(0.0896),tensor(0.0302),tensor(0.0404)
2833,2833,tensor(0.0896),tensor(0.0302),tensor(0.0404)
2834,2834,tensor(0.0895),tensor(0.0302),tensor(0.0404)
2835,2835,tensor(0.0895),tensor(0.0302),tensor(0.0403)
2836,2836,tensor(0.0895),tensor(0.0302),tensor(0.0403)
2837,2837,tensor(0.0895),tensor(0.0302),tensor(0.0403)
2838,2838,tensor(0.0895),tensor(0.0302),tensor(0.0403)
2839,2839,tensor(0.0895),tensor(0.0302),tensor(0.0403)
2840,2840,tensor(0.0895),tensor(0.0302),tensor(0.0403)
2841,2841,tensor(0.0895),tensor(0.0301),tensor(0.0403)
2842,2842,tensor(0.0895),tensor(0.0301),tensor(0.0403)
2843,2843,tensor(0.0895),tensor(0.0301),tensor(0.0403)
2844,2844,tensor(0.0895),tensor(0.0301),tensor(0.0403)
2845,2845,tensor(0.0895),tensor(0.0301),tensor(0.0403)
2846,2846,tensor(0.0895),tensor(0.0301),tensor(0.0403)
2847,2847,tensor(0.0895),tensor(0.0301),tensor(0.0403)
2848,2848,tensor(0.0895),tensor(0.0301),tensor(0.0403)
2849,2849,tensor(0.0895),tensor(0.0301),tensor(0.0403)
2850,2850,tensor(0.0894),tensor(0.0301),tensor(0.0403)
2851,2851,tensor(0.0894),tensor(0.0301),tensor(0.0403)
2852,2852,tensor(0.0894),tensor(0.0301),tensor(0.0403)
2853,2853,tensor(0.0894),tensor(0.0301),tensor(0.0403)
2854,2854,tensor(0.0894),tensor(0.0301),tensor(0.0403)
2855,2855,tensor(0.0894),tensor(0.0301),tensor(0.0403)
2856,2856,tensor(0.0894),tensor(0.0301),tensor(0.0403)
2857,2857,tensor(0.0894),tensor(0.0301),tensor(0.0403)
2858,2858,tensor(0.0894),tensor(0.0301),tensor(0.0403)
2859,2859,tensor(0.0894),tensor(0.0301),tensor(0.0403)
2860,2860,tensor(0.0894),tensor(0.0301),tensor(0.0403)
2861,2861,tensor(0.0894),tensor(0.0301),tensor(0.0403)
2862,2862,tensor(0.0894),tensor(0.0301),tensor(0.0403)
2863,2863,tensor(0.0894),tensor(0.0301),tensor(0.0403)
2864,2864,tensor(0.0894),tensor(0.0301),tensor(0.0403)
2865,2865,tensor(0.0894),tensor(0.0301),tensor(0.0403)
2866,2866,tensor(0.0893),tensor(0.0301),tensor(0.0403)
2867,2867,tensor(0.0893),tensor(0.0301),tensor(0.0403)
2868,2868,tensor(0.0893),tensor(0.0301),tensor(0.0403)
2869,2869,tensor(0.0893),tensor(0.0301),tensor(0.0403)
2870,2870,tensor(0.0893),tensor(0.0301),tensor(0.0403)
2871,2871,tensor(0.0893),tensor(0.0301),tensor(0.0403)
2872,2872,tensor(0.0893),tensor(0.0301),tensor(0.0403)
2873,2873,tensor(0.0893),tensor(0.0301),tensor(0.0403)
2874,2874,tensor(0.0893),tensor(0.0301),tensor(0.0403)
2875,2875,tensor(0.0893),tensor(0.0301),tensor(0.0403)
2876,2876,tensor(0.0893),tensor(0.0301),tensor(0.0403)
2877,2877,tensor(0.0893),tensor(0.0301),tensor(0.0403)
2878,2878,tensor(0.0893),tensor(0.0301),tensor(0.0402)
2879,2879,tensor(0.0893),tensor(0.0301),tensor(0.0402)
2880,2880,tensor(0.0893),tensor(0.0301),tensor(0.0402)
2881,2881,tensor(0.0893),tensor(0.0301),tensor(0.0402)
2882,2882,tensor(0.0893),tensor(0.0301),tensor(0.0402)
2883,2883,tensor(0.0892),tensor(0.0301),tensor(0.0402)
2884,2884,tensor(0.0892),tensor(0.0300),tensor(0.0402)
2885,2885,tensor(0.0892),tensor(0.0300),tensor(0.0402)
2886,2886,tensor(0.0892),tensor(0.0300),tensor(0.0402)
2887,2887,tensor(0.0892),tensor(0.0300),tensor(0.0402)
2888,2888,tensor(0.0892),tensor(0.0300),tensor(0.0402)
2889,2889,tensor(0.0892),tensor(0.0300),tensor(0.0402)
2890,2890,tensor(0.0892),tensor(0.0300),tensor(0.0402)
2891,2891,tensor(0.0892),tensor(0.0300),tensor(0.0402)
2892,2892,tensor(0.0892),tensor(0.0300),tensor(0.0402)
2893,2893,tensor(0.0892),tensor(0.0300),tensor(0.0402)
2894,2894,tensor(0.0892),tensor(0.0300),tensor(0.0402)
2895,2895,tensor(0.0892),tensor(0.0300),tensor(0.0402)
2896,2896,tensor(0.0892),tensor(0.0300),tensor(0.0402)
2897,2897,tensor(0.0892),tensor(0.0300),tensor(0.0402)
2898,2898,tensor(0.0892),tensor(0.0300),tensor(0.0402)
2899,2899,tensor(0.0891),tensor(0.0300),tensor(0.0402)
2900,2900,tensor(0.0891),tensor(0.0300),tensor(0.0402)
2901,2901,tensor(0.0891),tensor(0.0300),tensor(0.0402)
2902,2902,tensor(0.0891),tensor(0.0300),tensor(0.0402)
2903,2903,tensor(0.0891),tensor(0.0300),tensor(0.0402)
2904,2904,tensor(0.0891),tensor(0.0300),tensor(0.0402)
2905,2905,tensor(0.0891),tensor(0.0300),tensor(0.0402)
2906,2906,tensor(0.0891),tensor(0.0300),tensor(0.0402)
2907,2907,tensor(0.0891),tensor(0.0300),tensor(0.0402)
2908,2908,tensor(0.0891),tensor(0.0300),tensor(0.0402)
2909,2909,tensor(0.0891),tensor(0.0300),tensor(0.0402)
2910,2910,tensor(0.0891),tensor(0.0300),tensor(0.0402)
2911,2911,tensor(0.0891),tensor(0.0300),tensor(0.0402)
2912,2912,tensor(0.0891),tensor(0.0300),tensor(0.0402)
2913,2913,tensor(0.0891),tensor(0.0300),tensor(0.0402)
2914,2914,tensor(0.0891),tensor(0.0300),tensor(0.0402)
2915,2915,tensor(0.0890),tensor(0.0300),tensor(0.0402)
2916,2916,tensor(0.0890),tensor(0.0300),tensor(0.0402)
2917,2917,tensor(0.0890),tensor(0.0300),tensor(0.0402)
2918,2918,tensor(0.0890),tensor(0.0300),tensor(0.0402)
2919,2919,tensor(0.0890),tensor(0.0300),tensor(0.0402)
2920,2920,tensor(0.0890),tensor(0.0300),tensor(0.0401)
2921,2921,tensor(0.0890),tensor(0.0300),tensor(0.0401)
2922,2922,tensor(0.0890),tensor(0.0300),tensor(0.0401)
2923,2923,tensor(0.0890),tensor(0.0300),tensor(0.0401)
2924,2924,tensor(0.0890),tensor(0.0300),tensor(0.0401)
2925,2925,tensor(0.0890),tensor(0.0300),tensor(0.0401)
2926,2926,tensor(0.0890),tensor(0.0299),tensor(0.0401)
2927,2927,tensor(0.0890),tensor(0.0299),tensor(0.0401)
2928,2928,tensor(0.0890),tensor(0.0299),tensor(0.0401)
2929,2929,tensor(0.0890),tensor(0.0299),tensor(0.0401)
2930,2930,tensor(0.0890),tensor(0.0299),tensor(0.0401)
2931,2931,tensor(0.0890),tensor(0.0299),tensor(0.0401)
2932,2932,tensor(0.0889),tensor(0.0299),tensor(0.0401)
2933,2933,tensor(0.0889),tensor(0.0299),tensor(0.0401)
2934,2934,tensor(0.0889),tensor(0.0299),tensor(0.0401)
2935,2935,tensor(0.0889),tensor(0.0299),tensor(0.0401)
2936,2936,tensor(0.0889),tensor(0.0299),tensor(0.0401)
2937,2937,tensor(0.0889),tensor(0.0299),tensor(0.0401)
2938,2938,tensor(0.0889),tensor(0.0299),tensor(0.0401)
2939,2939,tensor(0.0889),tensor(0.0299),tensor(0.0401)
2940,2940,tensor(0.0889),tensor(0.0299),tensor(0.0401)
2941,2941,tensor(0.0889),tensor(0.0299),tensor(0.0401)
2942,2942,tensor(0.0889),tensor(0.0299),tensor(0.0401)
2943,2943,tensor(0.0889),tensor(0.0299),tensor(0.0401)
2944,2944,tensor(0.0889),tensor(0.0299),tensor(0.0401)
2945,2945,tensor(0.0889),tensor(0.0299),tensor(0.0401)
2946,2946,tensor(0.0889),tensor(0.0299),tensor(0.0401)
2947,2947,tensor(0.0889),tensor(0.0299),tensor(0.0401)
2948,2948,tensor(0.0888),tensor(0.0299),tensor(0.0401)
2949,2949,tensor(0.0888),tensor(0.0299),tensor(0.0401)
2950,2950,tensor(0.0888),tensor(0.0299),tensor(0.0401)
2951,2951,tensor(0.0888),tensor(0.0299),tensor(0.0401)
2952,2952,tensor(0.0888),tensor(0.0299),tensor(0.0401)
2953,2953,tensor(0.0888),tensor(0.0299),tensor(0.0401)
2954,2954,tensor(0.0888),tensor(0.0299),tensor(0.0401)
2955,2955,tensor(0.0888),tensor(0.0299),tensor(0.0401)
2956,2956,tensor(0.0888),tensor(0.0299),tensor(0.0401)
2957,2957,tensor(0.0888),tensor(0.0299),tensor(0.0401)
2958,2958,tensor(0.0888),tensor(0.0299),tensor(0.0401)
2959,2959,tensor(0.0888),tensor(0.0299),tensor(0.0401)
2960,2960,tensor(0.0888),tensor(0.0299),tensor(0.0401)
2961,2961,tensor(0.0888),tensor(0.0299),tensor(0.0401)
2962,2962,tensor(0.0888),tensor(0.0299),tensor(0.0400)
2963,2963,tensor(0.0888),tensor(0.0299),tensor(0.0400)
2964,2964,tensor(0.0888),tensor(0.0299),tensor(0.0400)
2965,2965,tensor(0.0887),tensor(0.0299),tensor(0.0400)
2966,2966,tensor(0.0887),tensor(0.0299),tensor(0.0400)
2967,2967,tensor(0.0887),tensor(0.0298),tensor(0.0400)
2968,2968,tensor(0.0887),tensor(0.0298),tensor(0.0400)
2969,2969,tensor(0.0887),tensor(0.0298),tensor(0.0400)
2970,2970,tensor(0.0887),tensor(0.0298),tensor(0.0400)
2971,2971,tensor(0.0887),tensor(0.0298),tensor(0.0400)
2972,2972,tensor(0.0887),tensor(0.0298),tensor(0.0400)
2973,2973,tensor(0.0887),tensor(0.0298),tensor(0.0400)
2974,2974,tensor(0.0887),tensor(0.0298),tensor(0.0400)
2975,2975,tensor(0.0887),tensor(0.0298),tensor(0.0400)
2976,2976,tensor(0.0887),tensor(0.0298),tensor(0.0400)
2977,2977,tensor(0.0887),tensor(0.0298),tensor(0.0400)
2978,2978,tensor(0.0887),tensor(0.0298),tensor(0.0400)
2979,2979,tensor(0.0887),tensor(0.0298),tensor(0.0400)
2980,2980,tensor(0.0887),tensor(0.0298),tensor(0.0400)
2981,2981,tensor(0.0887),tensor(0.0298),tensor(0.0400)
2982,2982,tensor(0.0886),tensor(0.0298),tensor(0.0400)
2983,2983,tensor(0.0886),tensor(0.0298),tensor(0.0400)
2984,2984,tensor(0.0886),tensor(0.0298),tensor(0.0400)
2985,2985,tensor(0.0886),tensor(0.0298),tensor(0.0400)
2986,2986,tensor(0.0886),tensor(0.0298),tensor(0.0400)
2987,2987,tensor(0.0886),tensor(0.0298),tensor(0.0400)
2988,2988,tensor(0.0886),tensor(0.0298),tensor(0.0400)
2989,2989,tensor(0.0886),tensor(0.0298),tensor(0.0400)
2990,2990,tensor(0.0886),tensor(0.0298),tensor(0.0400)
2991,2991,tensor(0.0886),tensor(0.0298),tensor(0.0400)
2992,2992,tensor(0.0886),tensor(0.0298),tensor(0.0400)
2993,2993,tensor(0.0886),tensor(0.0298),tensor(0.0400)
2994,2994,tensor(0.0886),tensor(0.0298),tensor(0.0400)
2995,2995,tensor(0.0886),tensor(0.0298),tensor(0.0400)
2996,2996,tensor(0.0886),tensor(0.0298),tensor(0.0400)
2997,2997,tensor(0.0886),tensor(0.0298),tensor(0.0400)
2998,2998,tensor(0.0886),tensor(0.0298),tensor(0.0400)
2999,2999,tensor(0.0885),tensor(0.0298),tensor(0.0400)
3000,3000,tensor(0.0885),tensor(0.0298),tensor(0.0400)
3001,3001,tensor(0.0885),tensor(0.0298),tensor(0.0400)
3002,3002,tensor(0.0885),tensor(0.0298),tensor(0.0400)
3003,3003,tensor(0.0885),tensor(0.0298),tensor(0.0399)
3004,3004,tensor(0.0885),tensor(0.0298),tensor(0.0399)
3005,3005,tensor(0.0885),tensor(0.0298),tensor(0.0399)
3006,3006,tensor(0.0885),tensor(0.0298),tensor(0.0399)
3007,3007,tensor(0.0885),tensor(0.0298),tensor(0.0399)
3008,3008,tensor(0.0885),tensor(0.0297),tensor(0.0399)
3009,3009,tensor(0.0885),tensor(0.0297),tensor(0.0399)
3010,3010,tensor(0.0885),tensor(0.0297),tensor(0.0399)
3011,3011,tensor(0.0885),tensor(0.0297),tensor(0.0399)
3012,3012,tensor(0.0885),tensor(0.0297),tensor(0.0399)
3013,3013,tensor(0.0885),tensor(0.0297),tensor(0.0399)
3014,3014,tensor(0.0885),tensor(0.0297),tensor(0.0399)
3015,3015,tensor(0.0885),tensor(0.0297),tensor(0.0399)
3016,3016,tensor(0.0884),tensor(0.0297),tensor(0.0399)
3017,3017,tensor(0.0884),tensor(0.0297),tensor(0.0399)
3018,3018,tensor(0.0884),tensor(0.0297),tensor(0.0399)
3019,3019,tensor(0.0884),tensor(0.0297),tensor(0.0399)
3020,3020,tensor(0.0884),tensor(0.0297),tensor(0.0399)
3021,3021,tensor(0.0884),tensor(0.0297),tensor(0.0399)
3022,3022,tensor(0.0884),tensor(0.0297),tensor(0.0399)
3023,3023,tensor(0.0884),tensor(0.0297),tensor(0.0399)
3024,3024,tensor(0.0884),tensor(0.0297),tensor(0.0399)
3025,3025,tensor(0.0884),tensor(0.0297),tensor(0.0399)
3026,3026,tensor(0.0884),tensor(0.0297),tensor(0.0399)
3027,3027,tensor(0.0884),tensor(0.0297),tensor(0.0399)
3028,3028,tensor(0.0884),tensor(0.0297),tensor(0.0399)
3029,3029,tensor(0.0884),tensor(0.0297),tensor(0.0399)
3030,3030,tensor(0.0884),tensor(0.0297),tensor(0.0399)
3031,3031,tensor(0.0884),tensor(0.0297),tensor(0.0399)
3032,3032,tensor(0.0884),tensor(0.0297),tensor(0.0399)
3033,3033,tensor(0.0883),tensor(0.0297),tensor(0.0399)
3034,3034,tensor(0.0883),tensor(0.0297),tensor(0.0399)
3035,3035,tensor(0.0883),tensor(0.0297),tensor(0.0399)
3036,3036,tensor(0.0883),tensor(0.0297),tensor(0.0399)
3037,3037,tensor(0.0883),tensor(0.0297),tensor(0.0399)
3038,3038,tensor(0.0883),tensor(0.0297),tensor(0.0399)
3039,3039,tensor(0.0883),tensor(0.0297),tensor(0.0399)
3040,3040,tensor(0.0883),tensor(0.0297),tensor(0.0399)
3041,3041,tensor(0.0883),tensor(0.0297),tensor(0.0399)
3042,3042,tensor(0.0883),tensor(0.0297),tensor(0.0399)
3043,3043,tensor(0.0883),tensor(0.0297),tensor(0.0398)
3044,3044,tensor(0.0883),tensor(0.0297),tensor(0.0398)
3045,3045,tensor(0.0883),tensor(0.0297),tensor(0.0398)
3046,3046,tensor(0.0883),tensor(0.0297),tensor(0.0398)
3047,3047,tensor(0.0883),tensor(0.0297),tensor(0.0398)
3048,3048,tensor(0.0883),tensor(0.0296),tensor(0.0398)
3049,3049,tensor(0.0883),tensor(0.0296),tensor(0.0398)
3050,3050,tensor(0.0883),tensor(0.0296),tensor(0.0398)
3051,3051,tensor(0.0882),tensor(0.0296),tensor(0.0398)
3052,3052,tensor(0.0882),tensor(0.0296),tensor(0.0398)
3053,3053,tensor(0.0882),tensor(0.0296),tensor(0.0398)
3054,3054,tensor(0.0882),tensor(0.0296),tensor(0.0398)
3055,3055,tensor(0.0882),tensor(0.0296),tensor(0.0398)
3056,3056,tensor(0.0882),tensor(0.0296),tensor(0.0398)
3057,3057,tensor(0.0882),tensor(0.0296),tensor(0.0398)
3058,3058,tensor(0.0882),tensor(0.0296),tensor(0.0398)
3059,3059,tensor(0.0882),tensor(0.0296),tensor(0.0398)
3060,3060,tensor(0.0882),tensor(0.0296),tensor(0.0398)
3061,3061,tensor(0.0882),tensor(0.0296),tensor(0.0398)
3062,3062,tensor(0.0882),tensor(0.0296),tensor(0.0398)
3063,3063,tensor(0.0882),tensor(0.0296),tensor(0.0398)
3064,3064,tensor(0.0882),tensor(0.0296),tensor(0.0398)
3065,3065,tensor(0.0882),tensor(0.0296),tensor(0.0398)
3066,3066,tensor(0.0882),tensor(0.0296),tensor(0.0398)
3067,3067,tensor(0.0882),tensor(0.0296),tensor(0.0398)
3068,3068,tensor(0.0881),tensor(0.0296),tensor(0.0398)
3069,3069,tensor(0.0881),tensor(0.0296),tensor(0.0398)
3070,3070,tensor(0.0881),tensor(0.0296),tensor(0.0398)
3071,3071,tensor(0.0881),tensor(0.0296),tensor(0.0398)
3072,3072,tensor(0.0881),tensor(0.0296),tensor(0.0398)
3073,3073,tensor(0.0881),tensor(0.0296),tensor(0.0398)
3074,3074,tensor(0.0881),tensor(0.0296),tensor(0.0398)
3075,3075,tensor(0.0881),tensor(0.0296),tensor(0.0398)
3076,3076,tensor(0.0881),tensor(0.0296),tensor(0.0398)
3077,3077,tensor(0.0881),tensor(0.0296),tensor(0.0398)
3078,3078,tensor(0.0881),tensor(0.0296),tensor(0.0398)
3079,3079,tensor(0.0881),tensor(0.0296),tensor(0.0398)
3080,3080,tensor(0.0881),tensor(0.0296),tensor(0.0398)
3081,3081,tensor(0.0881),tensor(0.0296),tensor(0.0398)
3082,3082,tensor(0.0881),tensor(0.0296),tensor(0.0398)
3083,3083,tensor(0.0881),tensor(0.0296),tensor(0.0397)
3084,3084,tensor(0.0881),tensor(0.0296),tensor(0.0397)
3085,3085,tensor(0.0881),tensor(0.0296),tensor(0.0397)
3086,3086,tensor(0.0880),tensor(0.0296),tensor(0.0397)
3087,3087,tensor(0.0880),tensor(0.0296),tensor(0.0397)
3088,3088,tensor(0.0880),tensor(0.0295),tensor(0.0397)
3089,3089,tensor(0.0880),tensor(0.0295),tensor(0.0397)
3090,3090,tensor(0.0880),tensor(0.0295),tensor(0.0397)
3091,3091,tensor(0.0880),tensor(0.0295),tensor(0.0397)
3092,3092,tensor(0.0880),tensor(0.0295),tensor(0.0397)
3093,3093,tensor(0.0880),tensor(0.0295),tensor(0.0397)
3094,3094,tensor(0.0880),tensor(0.0295),tensor(0.0397)
3095,3095,tensor(0.0880),tensor(0.0295),tensor(0.0397)
3096,3096,tensor(0.0880),tensor(0.0295),tensor(0.0397)
3097,3097,tensor(0.0880),tensor(0.0295),tensor(0.0397)
3098,3098,tensor(0.0880),tensor(0.0295),tensor(0.0397)
3099,3099,tensor(0.0880),tensor(0.0295),tensor(0.0397)
3100,3100,tensor(0.0880),tensor(0.0295),tensor(0.0397)
3101,3101,tensor(0.0880),tensor(0.0295),tensor(0.0397)
3102,3102,tensor(0.0880),tensor(0.0295),tensor(0.0397)
3103,3103,tensor(0.0880),tensor(0.0295),tensor(0.0397)
3104,3104,tensor(0.0879),tensor(0.0295),tensor(0.0397)
3105,3105,tensor(0.0879),tensor(0.0295),tensor(0.0397)
3106,3106,tensor(0.0879),tensor(0.0295),tensor(0.0397)
3107,3107,tensor(0.0879),tensor(0.0295),tensor(0.0397)
3108,3108,tensor(0.0879),tensor(0.0295),tensor(0.0397)
3109,3109,tensor(0.0879),tensor(0.0295),tensor(0.0397)
3110,3110,tensor(0.0879),tensor(0.0295),tensor(0.0397)
3111,3111,tensor(0.0879),tensor(0.0295),tensor(0.0397)
3112,3112,tensor(0.0879),tensor(0.0295),tensor(0.0397)
3113,3113,tensor(0.0879),tensor(0.0295),tensor(0.0397)
3114,3114,tensor(0.0879),tensor(0.0295),tensor(0.0397)
3115,3115,tensor(0.0879),tensor(0.0295),tensor(0.0397)
3116,3116,tensor(0.0879),tensor(0.0295),tensor(0.0397)
3117,3117,tensor(0.0879),tensor(0.0295),tensor(0.0397)
3118,3118,tensor(0.0879),tensor(0.0295),tensor(0.0397)
3119,3119,tensor(0.0879),tensor(0.0295),tensor(0.0397)
3120,3120,tensor(0.0879),tensor(0.0295),tensor(0.0397)
3121,3121,tensor(0.0879),tensor(0.0295),tensor(0.0397)
3122,3122,tensor(0.0878),tensor(0.0295),tensor(0.0397)
3123,3123,tensor(0.0878),tensor(0.0295),tensor(0.0396)
3124,3124,tensor(0.0878),tensor(0.0295),tensor(0.0396)
3125,3125,tensor(0.0878),tensor(0.0295),tensor(0.0396)
3126,3126,tensor(0.0878),tensor(0.0295),tensor(0.0396)
3127,3127,tensor(0.0878),tensor(0.0294),tensor(0.0396)
3128,3128,tensor(0.0878),tensor(0.0294),tensor(0.0396)
3129,3129,tensor(0.0878),tensor(0.0294),tensor(0.0396)
3130,3130,tensor(0.0878),tensor(0.0294),tensor(0.0396)
3131,3131,tensor(0.0878),tensor(0.0294),tensor(0.0396)
3132,3132,tensor(0.0878),tensor(0.0294),tensor(0.0396)
3133,3133,tensor(0.0878),tensor(0.0294),tensor(0.0396)
3134,3134,tensor(0.0878),tensor(0.0294),tensor(0.0396)
3135,3135,tensor(0.0878),tensor(0.0294),tensor(0.0396)
3136,3136,tensor(0.0878),tensor(0.0294),tensor(0.0396)
3137,3137,tensor(0.0878),tensor(0.0294),tensor(0.0396)
3138,3138,tensor(0.0878),tensor(0.0294),tensor(0.0396)
3139,3139,tensor(0.0878),tensor(0.0294),tensor(0.0396)
3140,3140,tensor(0.0877),tensor(0.0294),tensor(0.0396)
3141,3141,tensor(0.0877),tensor(0.0294),tensor(0.0396)
3142,3142,tensor(0.0877),tensor(0.0294),tensor(0.0396)
3143,3143,tensor(0.0877),tensor(0.0294),tensor(0.0396)
3144,3144,tensor(0.0877),tensor(0.0294),tensor(0.0396)
3145,3145,tensor(0.0877),tensor(0.0294),tensor(0.0396)
3146,3146,tensor(0.0877),tensor(0.0294),tensor(0.0396)
3147,3147,tensor(0.0877),tensor(0.0294),tensor(0.0396)
3148,3148,tensor(0.0877),tensor(0.0294),tensor(0.0396)
3149,3149,tensor(0.0877),tensor(0.0294),tensor(0.0396)
3150,3150,tensor(0.0877),tensor(0.0294),tensor(0.0396)
3151,3151,tensor(0.0877),tensor(0.0294),tensor(0.0396)
3152,3152,tensor(0.0877),tensor(0.0294),tensor(0.0396)
3153,3153,tensor(0.0877),tensor(0.0294),tensor(0.0396)
3154,3154,tensor(0.0877),tensor(0.0294),tensor(0.0396)
3155,3155,tensor(0.0877),tensor(0.0294),tensor(0.0396)
3156,3156,tensor(0.0877),tensor(0.0294),tensor(0.0396)
3157,3157,tensor(0.0877),tensor(0.0294),tensor(0.0396)
3158,3158,tensor(0.0876),tensor(0.0294),tensor(0.0396)
3159,3159,tensor(0.0876),tensor(0.0294),tensor(0.0396)
3160,3160,tensor(0.0876),tensor(0.0294),tensor(0.0396)
3161,3161,tensor(0.0876),tensor(0.0294),tensor(0.0396)
3162,3162,tensor(0.0876),tensor(0.0294),tensor(0.0395)
3163,3163,tensor(0.0876),tensor(0.0294),tensor(0.0395)
3164,3164,tensor(0.0876),tensor(0.0294),tensor(0.0395)
3165,3165,tensor(0.0876),tensor(0.0294),tensor(0.0395)
3166,3166,tensor(0.0876),tensor(0.0293),tensor(0.0395)
3167,3167,tensor(0.0876),tensor(0.0293),tensor(0.0395)
3168,3168,tensor(0.0876),tensor(0.0293),tensor(0.0395)
3169,3169,tensor(0.0876),tensor(0.0293),tensor(0.0395)
3170,3170,tensor(0.0876),tensor(0.0293),tensor(0.0395)
3171,3171,tensor(0.0876),tensor(0.0293),tensor(0.0395)
3172,3172,tensor(0.0876),tensor(0.0293),tensor(0.0395)
3173,3173,tensor(0.0876),tensor(0.0293),tensor(0.0395)
3174,3174,tensor(0.0876),tensor(0.0293),tensor(0.0395)
3175,3175,tensor(0.0876),tensor(0.0293),tensor(0.0395)
3176,3176,tensor(0.0875),tensor(0.0293),tensor(0.0395)
3177,3177,tensor(0.0875),tensor(0.0293),tensor(0.0395)
3178,3178,tensor(0.0875),tensor(0.0293),tensor(0.0395)
3179,3179,tensor(0.0875),tensor(0.0293),tensor(0.0395)
3180,3180,tensor(0.0875),tensor(0.0293),tensor(0.0395)
3181,3181,tensor(0.0875),tensor(0.0293),tensor(0.0395)
3182,3182,tensor(0.0875),tensor(0.0293),tensor(0.0395)
3183,3183,tensor(0.0875),tensor(0.0293),tensor(0.0395)
3184,3184,tensor(0.0875),tensor(0.0293),tensor(0.0395)
3185,3185,tensor(0.0875),tensor(0.0293),tensor(0.0395)
3186,3186,tensor(0.0875),tensor(0.0293),tensor(0.0395)
3187,3187,tensor(0.0875),tensor(0.0293),tensor(0.0395)
3188,3188,tensor(0.0875),tensor(0.0293),tensor(0.0395)
3189,3189,tensor(0.0875),tensor(0.0293),tensor(0.0395)
3190,3190,tensor(0.0875),tensor(0.0293),tensor(0.0395)
3191,3191,tensor(0.0875),tensor(0.0293),tensor(0.0395)
3192,3192,tensor(0.0875),tensor(0.0293),tensor(0.0395)
3193,3193,tensor(0.0875),tensor(0.0293),tensor(0.0395)
3194,3194,tensor(0.0875),tensor(0.0293),tensor(0.0395)
3195,3195,tensor(0.0874),tensor(0.0293),tensor(0.0395)
3196,3196,tensor(0.0874),tensor(0.0293),tensor(0.0395)
3197,3197,tensor(0.0874),tensor(0.0293),tensor(0.0395)
3198,3198,tensor(0.0874),tensor(0.0293),tensor(0.0395)
3199,3199,tensor(0.0874),tensor(0.0293),tensor(0.0395)
3200,3200,tensor(0.0874),tensor(0.0293),tensor(0.0394)
3201,3201,tensor(0.0874),tensor(0.0293),tensor(0.0394)
3202,3202,tensor(0.0874),tensor(0.0293),tensor(0.0394)
3203,3203,tensor(0.0874),tensor(0.0293),tensor(0.0394)
3204,3204,tensor(0.0874),tensor(0.0293),tensor(0.0394)
3205,3205,tensor(0.0874),tensor(0.0292),tensor(0.0394)
3206,3206,tensor(0.0874),tensor(0.0292),tensor(0.0394)
3207,3207,tensor(0.0874),tensor(0.0292),tensor(0.0394)
3208,3208,tensor(0.0874),tensor(0.0292),tensor(0.0394)
3209,3209,tensor(0.0874),tensor(0.0292),tensor(0.0394)
3210,3210,tensor(0.0874),tensor(0.0292),tensor(0.0394)
3211,3211,tensor(0.0874),tensor(0.0292),tensor(0.0394)
3212,3212,tensor(0.0874),tensor(0.0292),tensor(0.0394)
3213,3213,tensor(0.0874),tensor(0.0292),tensor(0.0394)
3214,3214,tensor(0.0873),tensor(0.0292),tensor(0.0394)
3215,3215,tensor(0.0873),tensor(0.0292),tensor(0.0394)
3216,3216,tensor(0.0873),tensor(0.0292),tensor(0.0394)
3217,3217,tensor(0.0873),tensor(0.0292),tensor(0.0394)
3218,3218,tensor(0.0873),tensor(0.0292),tensor(0.0394)
3219,3219,tensor(0.0873),tensor(0.0292),tensor(0.0394)
3220,3220,tensor(0.0873),tensor(0.0292),tensor(0.0394)
3221,3221,tensor(0.0873),tensor(0.0292),tensor(0.0394)
3222,3222,tensor(0.0873),tensor(0.0292),tensor(0.0394)
3223,3223,tensor(0.0873),tensor(0.0292),tensor(0.0394)
3224,3224,tensor(0.0873),tensor(0.0292),tensor(0.0394)
3225,3225,tensor(0.0873),tensor(0.0292),tensor(0.0394)
3226,3226,tensor(0.0873),tensor(0.0292),tensor(0.0394)
3227,3227,tensor(0.0873),tensor(0.0292),tensor(0.0394)
3228,3228,tensor(0.0873),tensor(0.0292),tensor(0.0394)
3229,3229,tensor(0.0873),tensor(0.0292),tensor(0.0394)
3230,3230,tensor(0.0873),tensor(0.0292),tensor(0.0394)
3231,3231,tensor(0.0873),tensor(0.0292),tensor(0.0394)
3232,3232,tensor(0.0872),tensor(0.0292),tensor(0.0394)
3233,3233,tensor(0.0872),tensor(0.0292),tensor(0.0394)
3234,3234,tensor(0.0872),tensor(0.0292),tensor(0.0394)
3235,3235,tensor(0.0872),tensor(0.0292),tensor(0.0394)
3236,3236,tensor(0.0872),tensor(0.0292),tensor(0.0394)
3237,3237,tensor(0.0872),tensor(0.0292),tensor(0.0394)
3238,3238,tensor(0.0872),tensor(0.0292),tensor(0.0394)
3239,3239,tensor(0.0872),tensor(0.0292),tensor(0.0393)
3240,3240,tensor(0.0872),tensor(0.0292),tensor(0.0393)
3241,3241,tensor(0.0872),tensor(0.0292),tensor(0.0393)
3242,3242,tensor(0.0872),tensor(0.0292),tensor(0.0393)
3243,3243,tensor(0.0872),tensor(0.0291),tensor(0.0393)
3244,3244,tensor(0.0872),tensor(0.0291),tensor(0.0393)
3245,3245,tensor(0.0872),tensor(0.0291),tensor(0.0393)
3246,3246,tensor(0.0872),tensor(0.0291),tensor(0.0393)
3247,3247,tensor(0.0872),tensor(0.0291),tensor(0.0393)
3248,3248,tensor(0.0872),tensor(0.0291),tensor(0.0393)
3249,3249,tensor(0.0872),tensor(0.0291),tensor(0.0393)
3250,3250,tensor(0.0872),tensor(0.0291),tensor(0.0393)
3251,3251,tensor(0.0872),tensor(0.0291),tensor(0.0393)
3252,3252,tensor(0.0871),tensor(0.0291),tensor(0.0393)
3253,3253,tensor(0.0871),tensor(0.0291),tensor(0.0393)
3254,3254,tensor(0.0871),tensor(0.0291),tensor(0.0393)
3255,3255,tensor(0.0871),tensor(0.0291),tensor(0.0393)
3256,3256,tensor(0.0871),tensor(0.0291),tensor(0.0393)
3257,3257,tensor(0.0871),tensor(0.0291),tensor(0.0393)
3258,3258,tensor(0.0871),tensor(0.0291),tensor(0.0393)
3259,3259,tensor(0.0871),tensor(0.0291),tensor(0.0393)
3260,3260,tensor(0.0871),tensor(0.0291),tensor(0.0393)
3261,3261,tensor(0.0871),tensor(0.0291),tensor(0.0393)
3262,3262,tensor(0.0871),tensor(0.0291),tensor(0.0393)
3263,3263,tensor(0.0871),tensor(0.0291),tensor(0.0393)
3264,3264,tensor(0.0871),tensor(0.0291),tensor(0.0393)
3265,3265,tensor(0.0871),tensor(0.0291),tensor(0.0393)
3266,3266,tensor(0.0871),tensor(0.0291),tensor(0.0393)
3267,3267,tensor(0.0871),tensor(0.0291),tensor(0.0393)
3268,3268,tensor(0.0871),tensor(0.0291),tensor(0.0393)
3269,3269,tensor(0.0871),tensor(0.0291),tensor(0.0393)
3270,3270,tensor(0.0871),tensor(0.0291),tensor(0.0393)
3271,3271,tensor(0.0870),tensor(0.0291),tensor(0.0393)
3272,3272,tensor(0.0870),tensor(0.0291),tensor(0.0393)
3273,3273,tensor(0.0870),tensor(0.0291),tensor(0.0393)
3274,3274,tensor(0.0870),tensor(0.0291),tensor(0.0393)
3275,3275,tensor(0.0870),tensor(0.0291),tensor(0.0393)
3276,3276,tensor(0.0870),tensor(0.0291),tensor(0.0393)
3277,3277,tensor(0.0870),tensor(0.0291),tensor(0.0392)
3278,3278,tensor(0.0870),tensor(0.0291),tensor(0.0392)
3279,3279,tensor(0.0870),tensor(0.0291),tensor(0.0392)
3280,3280,tensor(0.0870),tensor(0.0291),tensor(0.0392)
3281,3281,tensor(0.0870),tensor(0.0291),tensor(0.0392)
3282,3282,tensor(0.0870),tensor(0.0290),tensor(0.0392)
3283,3283,tensor(0.0870),tensor(0.0290),tensor(0.0392)
3284,3284,tensor(0.0870),tensor(0.0290),tensor(0.0392)
3285,3285,tensor(0.0870),tensor(0.0290),tensor(0.0392)
3286,3286,tensor(0.0870),tensor(0.0290),tensor(0.0392)
3287,3287,tensor(0.0870),tensor(0.0290),tensor(0.0392)
3288,3288,tensor(0.0870),tensor(0.0290),tensor(0.0392)
3289,3289,tensor(0.0870),tensor(0.0290),tensor(0.0392)
3290,3290,tensor(0.0869),tensor(0.0290),tensor(0.0392)
3291,3291,tensor(0.0869),tensor(0.0290),tensor(0.0392)
3292,3292,tensor(0.0869),tensor(0.0290),tensor(0.0392)
3293,3293,tensor(0.0869),tensor(0.0290),tensor(0.0392)
3294,3294,tensor(0.0869),tensor(0.0290),tensor(0.0392)
3295,3295,tensor(0.0869),tensor(0.0290),tensor(0.0392)
3296,3296,tensor(0.0869),tensor(0.0290),tensor(0.0392)
3297,3297,tensor(0.0869),tensor(0.0290),tensor(0.0392)
3298,3298,tensor(0.0869),tensor(0.0290),tensor(0.0392)
3299,3299,tensor(0.0869),tensor(0.0290),tensor(0.0392)
3300,3300,tensor(0.0869),tensor(0.0290),tensor(0.0392)
3301,3301,tensor(0.0869),tensor(0.0290),tensor(0.0392)
3302,3302,tensor(0.0869),tensor(0.0290),tensor(0.0392)
3303,3303,tensor(0.0869),tensor(0.0290),tensor(0.0392)
3304,3304,tensor(0.0869),tensor(0.0290),tensor(0.0392)
3305,3305,tensor(0.0869),tensor(0.0290),tensor(0.0392)
3306,3306,tensor(0.0869),tensor(0.0290),tensor(0.0392)
3307,3307,tensor(0.0869),tensor(0.0290),tensor(0.0392)
3308,3308,tensor(0.0869),tensor(0.0290),tensor(0.0392)
3309,3309,tensor(0.0869),tensor(0.0290),tensor(0.0392)
3310,3310,tensor(0.0868),tensor(0.0290),tensor(0.0392)
3311,3311,tensor(0.0868),tensor(0.0290),tensor(0.0392)
3312,3312,tensor(0.0868),tensor(0.0290),tensor(0.0392)
3313,3313,tensor(0.0868),tensor(0.0290),tensor(0.0392)
3314,3314,tensor(0.0868),tensor(0.0290),tensor(0.0392)
3315,3315,tensor(0.0868),tensor(0.0290),tensor(0.0391)
3316,3316,tensor(0.0868),tensor(0.0290),tensor(0.0391)
3317,3317,tensor(0.0868),tensor(0.0290),tensor(0.0391)
3318,3318,tensor(0.0868),tensor(0.0290),tensor(0.0391)
3319,3319,tensor(0.0868),tensor(0.0290),tensor(0.0391)
3320,3320,tensor(0.0868),tensor(0.0289),tensor(0.0391)
3321,3321,tensor(0.0868),tensor(0.0289),tensor(0.0391)
3322,3322,tensor(0.0868),tensor(0.0289),tensor(0.0391)
3323,3323,tensor(0.0868),tensor(0.0289),tensor(0.0391)
3324,3324,tensor(0.0868),tensor(0.0289),tensor(0.0391)
3325,3325,tensor(0.0868),tensor(0.0289),tensor(0.0391)
3326,3326,tensor(0.0868),tensor(0.0289),tensor(0.0391)
3327,3327,tensor(0.0868),tensor(0.0289),tensor(0.0391)
3328,3328,tensor(0.0868),tensor(0.0289),tensor(0.0391)
3329,3329,tensor(0.0868),tensor(0.0289),tensor(0.0391)
3330,3330,tensor(0.0867),tensor(0.0289),tensor(0.0391)
3331,3331,tensor(0.0867),tensor(0.0289),tensor(0.0391)
3332,3332,tensor(0.0867),tensor(0.0289),tensor(0.0391)
3333,3333,tensor(0.0867),tensor(0.0289),tensor(0.0391)
3334,3334,tensor(0.0867),tensor(0.0289),tensor(0.0391)
3335,3335,tensor(0.0867),tensor(0.0289),tensor(0.0391)
3336,3336,tensor(0.0867),tensor(0.0289),tensor(0.0391)
3337,3337,tensor(0.0867),tensor(0.0289),tensor(0.0391)
3338,3338,tensor(0.0867),tensor(0.0289),tensor(0.0391)
3339,3339,tensor(0.0867),tensor(0.0289),tensor(0.0391)
3340,3340,tensor(0.0867),tensor(0.0289),tensor(0.0391)
3341,3341,tensor(0.0867),tensor(0.0289),tensor(0.0391)
3342,3342,tensor(0.0867),tensor(0.0289),tensor(0.0391)
3343,3343,tensor(0.0867),tensor(0.0289),tensor(0.0391)
3344,3344,tensor(0.0867),tensor(0.0289),tensor(0.0391)
3345,3345,tensor(0.0867),tensor(0.0289),tensor(0.0391)
3346,3346,tensor(0.0867),tensor(0.0289),tensor(0.0391)
3347,3347,tensor(0.0867),tensor(0.0289),tensor(0.0391)
3348,3348,tensor(0.0867),tensor(0.0289),tensor(0.0391)
3349,3349,tensor(0.0867),tensor(0.0289),tensor(0.0391)
3350,3350,tensor(0.0866),tensor(0.0289),tensor(0.0391)
3351,3351,tensor(0.0866),tensor(0.0289),tensor(0.0391)
3352,3352,tensor(0.0866),tensor(0.0289),tensor(0.0391)
3353,3353,tensor(0.0866),tensor(0.0289),tensor(0.0390)
3354,3354,tensor(0.0866),tensor(0.0289),tensor(0.0390)
3355,3355,tensor(0.0866),tensor(0.0289),tensor(0.0390)
3356,3356,tensor(0.0866),tensor(0.0289),tensor(0.0390)
3357,3357,tensor(0.0866),tensor(0.0289),tensor(0.0390)
3358,3358,tensor(0.0866),tensor(0.0288),tensor(0.0390)
3359,3359,tensor(0.0866),tensor(0.0288),tensor(0.0390)
3360,3360,tensor(0.0866),tensor(0.0288),tensor(0.0390)
3361,3361,tensor(0.0866),tensor(0.0288),tensor(0.0390)
3362,3362,tensor(0.0866),tensor(0.0288),tensor(0.0390)
3363,3363,tensor(0.0866),tensor(0.0288),tensor(0.0390)
3364,3364,tensor(0.0866),tensor(0.0288),tensor(0.0390)
3365,3365,tensor(0.0866),tensor(0.0288),tensor(0.0390)
3366,3366,tensor(0.0866),tensor(0.0288),tensor(0.0390)
3367,3367,tensor(0.0866),tensor(0.0288),tensor(0.0390)
3368,3368,tensor(0.0866),tensor(0.0288),tensor(0.0390)
3369,3369,tensor(0.0866),tensor(0.0288),tensor(0.0390)
3370,3370,tensor(0.0865),tensor(0.0288),tensor(0.0390)
3371,3371,tensor(0.0865),tensor(0.0288),tensor(0.0390)
3372,3372,tensor(0.0865),tensor(0.0288),tensor(0.0390)
3373,3373,tensor(0.0865),tensor(0.0288),tensor(0.0390)
3374,3374,tensor(0.0865),tensor(0.0288),tensor(0.0390)
3375,3375,tensor(0.0865),tensor(0.0288),tensor(0.0390)
3376,3376,tensor(0.0865),tensor(0.0288),tensor(0.0390)
3377,3377,tensor(0.0865),tensor(0.0288),tensor(0.0390)
3378,3378,tensor(0.0865),tensor(0.0288),tensor(0.0390)
3379,3379,tensor(0.0865),tensor(0.0288),tensor(0.0390)
3380,3380,tensor(0.0865),tensor(0.0288),tensor(0.0390)
3381,3381,tensor(0.0865),tensor(0.0288),tensor(0.0390)
3382,3382,tensor(0.0865),tensor(0.0288),tensor(0.0390)
3383,3383,tensor(0.0865),tensor(0.0288),tensor(0.0390)
3384,3384,tensor(0.0865),tensor(0.0288),tensor(0.0390)
3385,3385,tensor(0.0865),tensor(0.0288),tensor(0.0390)
3386,3386,tensor(0.0865),tensor(0.0288),tensor(0.0390)
3387,3387,tensor(0.0865),tensor(0.0288),tensor(0.0390)
3388,3388,tensor(0.0865),tensor(0.0288),tensor(0.0390)
3389,3389,tensor(0.0865),tensor(0.0288),tensor(0.0390)
3390,3390,tensor(0.0864),tensor(0.0288),tensor(0.0390)
3391,3391,tensor(0.0864),tensor(0.0288),tensor(0.0389)
3392,3392,tensor(0.0864),tensor(0.0288),tensor(0.0389)
3393,3393,tensor(0.0864),tensor(0.0288),tensor(0.0389)
3394,3394,tensor(0.0864),tensor(0.0288),tensor(0.0389)
3395,3395,tensor(0.0864),tensor(0.0287),tensor(0.0389)
3396,3396,tensor(0.0864),tensor(0.0287),tensor(0.0389)
3397,3397,tensor(0.0864),tensor(0.0287),tensor(0.0389)
3398,3398,tensor(0.0864),tensor(0.0287),tensor(0.0389)
3399,3399,tensor(0.0864),tensor(0.0287),tensor(0.0389)
3400,3400,tensor(0.0864),tensor(0.0287),tensor(0.0389)
3401,3401,tensor(0.0864),tensor(0.0287),tensor(0.0389)
3402,3402,tensor(0.0864),tensor(0.0287),tensor(0.0389)
3403,3403,tensor(0.0864),tensor(0.0287),tensor(0.0389)
3404,3404,tensor(0.0864),tensor(0.0287),tensor(0.0389)
3405,3405,tensor(0.0864),tensor(0.0287),tensor(0.0389)
3406,3406,tensor(0.0864),tensor(0.0287),tensor(0.0389)
3407,3407,tensor(0.0864),tensor(0.0287),tensor(0.0389)
3408,3408,tensor(0.0864),tensor(0.0287),tensor(0.0389)
3409,3409,tensor(0.0864),tensor(0.0287),tensor(0.0389)
3410,3410,tensor(0.0864),tensor(0.0287),tensor(0.0389)
3411,3411,tensor(0.0863),tensor(0.0287),tensor(0.0389)
3412,3412,tensor(0.0863),tensor(0.0287),tensor(0.0389)
3413,3413,tensor(0.0863),tensor(0.0287),tensor(0.0389)
3414,3414,tensor(0.0863),tensor(0.0287),tensor(0.0389)
3415,3415,tensor(0.0863),tensor(0.0287),tensor(0.0389)
3416,3416,tensor(0.0863),tensor(0.0287),tensor(0.0389)
3417,3417,tensor(0.0863),tensor(0.0287),tensor(0.0389)
3418,3418,tensor(0.0863),tensor(0.0287),tensor(0.0389)
3419,3419,tensor(0.0863),tensor(0.0287),tensor(0.0389)
3420,3420,tensor(0.0863),tensor(0.0287),tensor(0.0389)
3421,3421,tensor(0.0863),tensor(0.0287),tensor(0.0389)
3422,3422,tensor(0.0863),tensor(0.0287),tensor(0.0389)
3423,3423,tensor(0.0863),tensor(0.0287),tensor(0.0389)
3424,3424,tensor(0.0863),tensor(0.0287),tensor(0.0389)
3425,3425,tensor(0.0863),tensor(0.0287),tensor(0.0389)
3426,3426,tensor(0.0863),tensor(0.0287),tensor(0.0389)
3427,3427,tensor(0.0863),tensor(0.0287),tensor(0.0389)
3428,3428,tensor(0.0863),tensor(0.0287),tensor(0.0389)
3429,3429,tensor(0.0863),tensor(0.0287),tensor(0.0388)
3430,3430,tensor(0.0863),tensor(0.0287),tensor(0.0388)
3431,3431,tensor(0.0863),tensor(0.0287),tensor(0.0388)
3432,3432,tensor(0.0862),tensor(0.0287),tensor(0.0388)
3433,3433,tensor(0.0862),tensor(0.0286),tensor(0.0388)
3434,3434,tensor(0.0862),tensor(0.0286),tensor(0.0388)
3435,3435,tensor(0.0862),tensor(0.0286),tensor(0.0388)
3436,3436,tensor(0.0862),tensor(0.0286),tensor(0.0388)
3437,3437,tensor(0.0862),tensor(0.0286),tensor(0.0388)
3438,3438,tensor(0.0862),tensor(0.0286),tensor(0.0388)
3439,3439,tensor(0.0862),tensor(0.0286),tensor(0.0388)
3440,3440,tensor(0.0862),tensor(0.0286),tensor(0.0388)
3441,3441,tensor(0.0862),tensor(0.0286),tensor(0.0388)
3442,3442,tensor(0.0862),tensor(0.0286),tensor(0.0388)
3443,3443,tensor(0.0862),tensor(0.0286),tensor(0.0388)
3444,3444,tensor(0.0862),tensor(0.0286),tensor(0.0388)
3445,3445,tensor(0.0862),tensor(0.0286),tensor(0.0388)
3446,3446,tensor(0.0862),tensor(0.0286),tensor(0.0388)
3447,3447,tensor(0.0862),tensor(0.0286),tensor(0.0388)
3448,3448,tensor(0.0862),tensor(0.0286),tensor(0.0388)
3449,3449,tensor(0.0862),tensor(0.0286),tensor(0.0388)
3450,3450,tensor(0.0862),tensor(0.0286),tensor(0.0388)
3451,3451,tensor(0.0862),tensor(0.0286),tensor(0.0388)
3452,3452,tensor(0.0862),tensor(0.0286),tensor(0.0388)
3453,3453,tensor(0.0861),tensor(0.0286),tensor(0.0388)
3454,3454,tensor(0.0861),tensor(0.0286),tensor(0.0388)
3455,3455,tensor(0.0861),tensor(0.0286),tensor(0.0388)
3456,3456,tensor(0.0861),tensor(0.0286),tensor(0.0388)
3457,3457,tensor(0.0861),tensor(0.0286),tensor(0.0388)
3458,3458,tensor(0.0861),tensor(0.0286),tensor(0.0388)
3459,3459,tensor(0.0861),tensor(0.0286),tensor(0.0388)
3460,3460,tensor(0.0861),tensor(0.0286),tensor(0.0388)
3461,3461,tensor(0.0861),tensor(0.0286),tensor(0.0388)
3462,3462,tensor(0.0861),tensor(0.0286),tensor(0.0388)
3463,3463,tensor(0.0861),tensor(0.0286),tensor(0.0388)
3464,3464,tensor(0.0861),tensor(0.0286),tensor(0.0388)
3465,3465,tensor(0.0861),tensor(0.0286),tensor(0.0388)
3466,3466,tensor(0.0861),tensor(0.0286),tensor(0.0388)
3467,3467,tensor(0.0861),tensor(0.0286),tensor(0.0387)
3468,3468,tensor(0.0861),tensor(0.0286),tensor(0.0387)
3469,3469,tensor(0.0861),tensor(0.0286),tensor(0.0387)
3470,3470,tensor(0.0861),tensor(0.0286),tensor(0.0387)
3471,3471,tensor(0.0861),tensor(0.0285),tensor(0.0387)
3472,3472,tensor(0.0861),tensor(0.0285),tensor(0.0387)
3473,3473,tensor(0.0861),tensor(0.0285),tensor(0.0387)
3474,3474,tensor(0.0860),tensor(0.0285),tensor(0.0387)
3475,3475,tensor(0.0860),tensor(0.0285),tensor(0.0387)
3476,3476,tensor(0.0860),tensor(0.0285),tensor(0.0387)
3477,3477,tensor(0.0860),tensor(0.0285),tensor(0.0387)
3478,3478,tensor(0.0860),tensor(0.0285),tensor(0.0387)
3479,3479,tensor(0.0860),tensor(0.0285),tensor(0.0387)
3480,3480,tensor(0.0860),tensor(0.0285),tensor(0.0387)
3481,3481,tensor(0.0860),tensor(0.0285),tensor(0.0387)
3482,3482,tensor(0.0860),tensor(0.0285),tensor(0.0387)
3483,3483,tensor(0.0860),tensor(0.0285),tensor(0.0387)
3484,3484,tensor(0.0860),tensor(0.0285),tensor(0.0387)
3485,3485,tensor(0.0860),tensor(0.0285),tensor(0.0387)
3486,3486,tensor(0.0860),tensor(0.0285),tensor(0.0387)
3487,3487,tensor(0.0860),tensor(0.0285),tensor(0.0387)
3488,3488,tensor(0.0860),tensor(0.0285),tensor(0.0387)
3489,3489,tensor(0.0860),tensor(0.0285),tensor(0.0387)
3490,3490,tensor(0.0860),tensor(0.0285),tensor(0.0387)
3491,3491,tensor(0.0860),tensor(0.0285),tensor(0.0387)
3492,3492,tensor(0.0860),tensor(0.0285),tensor(0.0387)
3493,3493,tensor(0.0860),tensor(0.0285),tensor(0.0387)
3494,3494,tensor(0.0860),tensor(0.0285),tensor(0.0387)
3495,3495,tensor(0.0859),tensor(0.0285),tensor(0.0387)
3496,3496,tensor(0.0859),tensor(0.0285),tensor(0.0387)
3497,3497,tensor(0.0859),tensor(0.0285),tensor(0.0387)
3498,3498,tensor(0.0859),tensor(0.0285),tensor(0.0387)
3499,3499,tensor(0.0859),tensor(0.0285),tensor(0.0387)
3500,3500,tensor(0.0859),tensor(0.0285),tensor(0.0387)
3501,3501,tensor(0.0859),tensor(0.0285),tensor(0.0387)
3502,3502,tensor(0.0859),tensor(0.0285),tensor(0.0387)
3503,3503,tensor(0.0859),tensor(0.0285),tensor(0.0387)
3504,3504,tensor(0.0859),tensor(0.0285),tensor(0.0386)
3505,3505,tensor(0.0859),tensor(0.0285),tensor(0.0386)
3506,3506,tensor(0.0859),tensor(0.0285),tensor(0.0386)
3507,3507,tensor(0.0859),tensor(0.0285),tensor(0.0386)
3508,3508,tensor(0.0859),tensor(0.0284),tensor(0.0386)
3509,3509,tensor(0.0859),tensor(0.0284),tensor(0.0386)
3510,3510,tensor(0.0859),tensor(0.0284),tensor(0.0386)
3511,3511,tensor(0.0859),tensor(0.0284),tensor(0.0386)
3512,3512,tensor(0.0859),tensor(0.0284),tensor(0.0386)
3513,3513,tensor(0.0859),tensor(0.0284),tensor(0.0386)
3514,3514,tensor(0.0859),tensor(0.0284),tensor(0.0386)
3515,3515,tensor(0.0859),tensor(0.0284),tensor(0.0386)
3516,3516,tensor(0.0859),tensor(0.0284),tensor(0.0386)
3517,3517,tensor(0.0858),tensor(0.0284),tensor(0.0386)
3518,3518,tensor(0.0858),tensor(0.0284),tensor(0.0386)
3519,3519,tensor(0.0858),tensor(0.0284),tensor(0.0386)
3520,3520,tensor(0.0858),tensor(0.0284),tensor(0.0386)
3521,3521,tensor(0.0858),tensor(0.0284),tensor(0.0386)
3522,3522,tensor(0.0858),tensor(0.0284),tensor(0.0386)
3523,3523,tensor(0.0858),tensor(0.0284),tensor(0.0386)
3524,3524,tensor(0.0858),tensor(0.0284),tensor(0.0386)
3525,3525,tensor(0.0858),tensor(0.0284),tensor(0.0386)
3526,3526,tensor(0.0858),tensor(0.0284),tensor(0.0386)
3527,3527,tensor(0.0858),tensor(0.0284),tensor(0.0386)
3528,3528,tensor(0.0858),tensor(0.0284),tensor(0.0386)
3529,3529,tensor(0.0858),tensor(0.0284),tensor(0.0386)
3530,3530,tensor(0.0858),tensor(0.0284),tensor(0.0386)
3531,3531,tensor(0.0858),tensor(0.0284),tensor(0.0386)
3532,3532,tensor(0.0858),tensor(0.0284),tensor(0.0386)
3533,3533,tensor(0.0858),tensor(0.0284),tensor(0.0386)
3534,3534,tensor(0.0858),tensor(0.0284),tensor(0.0386)
3535,3535,tensor(0.0858),tensor(0.0284),tensor(0.0386)
3536,3536,tensor(0.0858),tensor(0.0284),tensor(0.0386)
3537,3537,tensor(0.0858),tensor(0.0284),tensor(0.0386)
3538,3538,tensor(0.0858),tensor(0.0284),tensor(0.0386)
3539,3539,tensor(0.0857),tensor(0.0284),tensor(0.0386)
3540,3540,tensor(0.0857),tensor(0.0284),tensor(0.0386)
3541,3541,tensor(0.0857),tensor(0.0284),tensor(0.0386)
3542,3542,tensor(0.0857),tensor(0.0284),tensor(0.0385)
3543,3543,tensor(0.0857),tensor(0.0284),tensor(0.0385)
3544,3544,tensor(0.0857),tensor(0.0284),tensor(0.0385)
3545,3545,tensor(0.0857),tensor(0.0284),tensor(0.0385)
3546,3546,tensor(0.0857),tensor(0.0283),tensor(0.0385)
3547,3547,tensor(0.0857),tensor(0.0283),tensor(0.0385)
3548,3548,tensor(0.0857),tensor(0.0283),tensor(0.0385)
3549,3549,tensor(0.0857),tensor(0.0283),tensor(0.0385)
3550,3550,tensor(0.0857),tensor(0.0283),tensor(0.0385)
3551,3551,tensor(0.0857),tensor(0.0283),tensor(0.0385)
3552,3552,tensor(0.0857),tensor(0.0283),tensor(0.0385)
3553,3553,tensor(0.0857),tensor(0.0283),tensor(0.0385)
3554,3554,tensor(0.0857),tensor(0.0283),tensor(0.0385)
3555,3555,tensor(0.0857),tensor(0.0283),tensor(0.0385)
3556,3556,tensor(0.0857),tensor(0.0283),tensor(0.0385)
3557,3557,tensor(0.0857),tensor(0.0283),tensor(0.0385)
3558,3558,tensor(0.0857),tensor(0.0283),tensor(0.0385)
3559,3559,tensor(0.0857),tensor(0.0283),tensor(0.0385)
3560,3560,tensor(0.0857),tensor(0.0283),tensor(0.0385)
3561,3561,tensor(0.0856),tensor(0.0283),tensor(0.0385)
3562,3562,tensor(0.0856),tensor(0.0283),tensor(0.0385)
3563,3563,tensor(0.0856),tensor(0.0283),tensor(0.0385)
3564,3564,tensor(0.0856),tensor(0.0283),tensor(0.0385)
3565,3565,tensor(0.0856),tensor(0.0283),tensor(0.0385)
3566,3566,tensor(0.0856),tensor(0.0283),tensor(0.0385)
3567,3567,tensor(0.0856),tensor(0.0283),tensor(0.0385)
3568,3568,tensor(0.0856),tensor(0.0283),tensor(0.0385)
3569,3569,tensor(0.0856),tensor(0.0283),tensor(0.0385)
3570,3570,tensor(0.0856),tensor(0.0283),tensor(0.0385)
3571,3571,tensor(0.0856),tensor(0.0283),tensor(0.0385)
3572,3572,tensor(0.0856),tensor(0.0283),tensor(0.0385)
3573,3573,tensor(0.0856),tensor(0.0283),tensor(0.0385)
3574,3574,tensor(0.0856),tensor(0.0283),tensor(0.0385)
3575,3575,tensor(0.0856),tensor(0.0283),tensor(0.0385)
3576,3576,tensor(0.0856),tensor(0.0283),tensor(0.0385)
3577,3577,tensor(0.0856),tensor(0.0283),tensor(0.0385)
3578,3578,tensor(0.0856),tensor(0.0283),tensor(0.0385)
3579,3579,tensor(0.0856),tensor(0.0283),tensor(0.0385)
3580,3580,tensor(0.0856),tensor(0.0283),tensor(0.0384)
3581,3581,tensor(0.0856),tensor(0.0283),tensor(0.0384)
3582,3582,tensor(0.0856),tensor(0.0283),tensor(0.0384)
3583,3583,tensor(0.0856),tensor(0.0283),tensor(0.0384)
3584,3584,tensor(0.0855),tensor(0.0282),tensor(0.0384)
3585,3585,tensor(0.0855),tensor(0.0282),tensor(0.0384)
3586,3586,tensor(0.0855),tensor(0.0282),tensor(0.0384)
3587,3587,tensor(0.0855),tensor(0.0282),tensor(0.0384)
3588,3588,tensor(0.0855),tensor(0.0282),tensor(0.0384)
3589,3589,tensor(0.0855),tensor(0.0282),tensor(0.0384)
3590,3590,tensor(0.0855),tensor(0.0282),tensor(0.0384)
3591,3591,tensor(0.0855),tensor(0.0282),tensor(0.0384)
3592,3592,tensor(0.0855),tensor(0.0282),tensor(0.0384)
3593,3593,tensor(0.0855),tensor(0.0282),tensor(0.0384)
3594,3594,tensor(0.0855),tensor(0.0282),tensor(0.0384)
3595,3595,tensor(0.0855),tensor(0.0282),tensor(0.0384)
3596,3596,tensor(0.0855),tensor(0.0282),tensor(0.0384)
3597,3597,tensor(0.0855),tensor(0.0282),tensor(0.0384)
3598,3598,tensor(0.0855),tensor(0.0282),tensor(0.0384)
3599,3599,tensor(0.0855),tensor(0.0282),tensor(0.0384)
3600,3600,tensor(0.0855),tensor(0.0282),tensor(0.0384)
3601,3601,tensor(0.0855),tensor(0.0282),tensor(0.0384)
3602,3602,tensor(0.0855),tensor(0.0282),tensor(0.0384)
3603,3603,tensor(0.0855),tensor(0.0282),tensor(0.0384)
3604,3604,tensor(0.0855),tensor(0.0282),tensor(0.0384)
3605,3605,tensor(0.0855),tensor(0.0282),tensor(0.0384)
3606,3606,tensor(0.0855),tensor(0.0282),tensor(0.0384)
3607,3607,tensor(0.0854),tensor(0.0282),tensor(0.0384)
3608,3608,tensor(0.0854),tensor(0.0282),tensor(0.0384)
3609,3609,tensor(0.0854),tensor(0.0282),tensor(0.0384)
3610,3610,tensor(0.0854),tensor(0.0282),tensor(0.0384)
3611,3611,tensor(0.0854),tensor(0.0282),tensor(0.0384)
3612,3612,tensor(0.0854),tensor(0.0282),tensor(0.0384)
3613,3613,tensor(0.0854),tensor(0.0282),tensor(0.0384)
3614,3614,tensor(0.0854),tensor(0.0282),tensor(0.0384)
3615,3615,tensor(0.0854),tensor(0.0282),tensor(0.0384)
3616,3616,tensor(0.0854),tensor(0.0282),tensor(0.0384)
3617,3617,tensor(0.0854),tensor(0.0282),tensor(0.0383)
3618,3618,tensor(0.0854),tensor(0.0282),tensor(0.0383)
3619,3619,tensor(0.0854),tensor(0.0282),tensor(0.0383)
3620,3620,tensor(0.0854),tensor(0.0282),tensor(0.0383)
3621,3621,tensor(0.0854),tensor(0.0282),tensor(0.0383)
3622,3622,tensor(0.0854),tensor(0.0281),tensor(0.0383)
3623,3623,tensor(0.0854),tensor(0.0281),tensor(0.0383)
3624,3624,tensor(0.0854),tensor(0.0281),tensor(0.0383)
3625,3625,tensor(0.0854),tensor(0.0281),tensor(0.0383)
3626,3626,tensor(0.0854),tensor(0.0281),tensor(0.0383)
3627,3627,tensor(0.0854),tensor(0.0281),tensor(0.0383)
3628,3628,tensor(0.0854),tensor(0.0281),tensor(0.0383)
3629,3629,tensor(0.0854),tensor(0.0281),tensor(0.0383)
3630,3630,tensor(0.0853),tensor(0.0281),tensor(0.0383)
3631,3631,tensor(0.0853),tensor(0.0281),tensor(0.0383)
3632,3632,tensor(0.0853),tensor(0.0281),tensor(0.0383)
3633,3633,tensor(0.0853),tensor(0.0281),tensor(0.0383)
3634,3634,tensor(0.0853),tensor(0.0281),tensor(0.0383)
3635,3635,tensor(0.0853),tensor(0.0281),tensor(0.0383)
3636,3636,tensor(0.0853),tensor(0.0281),tensor(0.0383)
3637,3637,tensor(0.0853),tensor(0.0281),tensor(0.0383)
3638,3638,tensor(0.0853),tensor(0.0281),tensor(0.0383)
3639,3639,tensor(0.0853),tensor(0.0281),tensor(0.0383)
3640,3640,tensor(0.0853),tensor(0.0281),tensor(0.0383)
3641,3641,tensor(0.0853),tensor(0.0281),tensor(0.0383)
3642,3642,tensor(0.0853),tensor(0.0281),tensor(0.0383)
3643,3643,tensor(0.0853),tensor(0.0281),tensor(0.0383)
3644,3644,tensor(0.0853),tensor(0.0281),tensor(0.0383)
3645,3645,tensor(0.0853),tensor(0.0281),tensor(0.0383)
3646,3646,tensor(0.0853),tensor(0.0281),tensor(0.0383)
3647,3647,tensor(0.0853),tensor(0.0281),tensor(0.0383)
3648,3648,tensor(0.0853),tensor(0.0281),tensor(0.0383)
3649,3649,tensor(0.0853),tensor(0.0281),tensor(0.0383)
3650,3650,tensor(0.0853),tensor(0.0281),tensor(0.0383)
3651,3651,tensor(0.0853),tensor(0.0281),tensor(0.0383)
3652,3652,tensor(0.0853),tensor(0.0281),tensor(0.0383)
3653,3653,tensor(0.0852),tensor(0.0281),tensor(0.0383)
3654,3654,tensor(0.0852),tensor(0.0281),tensor(0.0383)
3655,3655,tensor(0.0852),tensor(0.0281),tensor(0.0382)
3656,3656,tensor(0.0852),tensor(0.0281),tensor(0.0382)
3657,3657,tensor(0.0852),tensor(0.0281),tensor(0.0382)
3658,3658,tensor(0.0852),tensor(0.0281),tensor(0.0382)
3659,3659,tensor(0.0852),tensor(0.0280),tensor(0.0382)
3660,3660,tensor(0.0852),tensor(0.0280),tensor(0.0382)
3661,3661,tensor(0.0852),tensor(0.0280),tensor(0.0382)
3662,3662,tensor(0.0852),tensor(0.0280),tensor(0.0382)
3663,3663,tensor(0.0852),tensor(0.0280),tensor(0.0382)
3664,3664,tensor(0.0852),tensor(0.0280),tensor(0.0382)
3665,3665,tensor(0.0852),tensor(0.0280),tensor(0.0382)
3666,3666,tensor(0.0852),tensor(0.0280),tensor(0.0382)
3667,3667,tensor(0.0852),tensor(0.0280),tensor(0.0382)
3668,3668,tensor(0.0852),tensor(0.0280),tensor(0.0382)
3669,3669,tensor(0.0852),tensor(0.0280),tensor(0.0382)
3670,3670,tensor(0.0852),tensor(0.0280),tensor(0.0382)
3671,3671,tensor(0.0852),tensor(0.0280),tensor(0.0382)
3672,3672,tensor(0.0852),tensor(0.0280),tensor(0.0382)
3673,3673,tensor(0.0852),tensor(0.0280),tensor(0.0382)
3674,3674,tensor(0.0852),tensor(0.0280),tensor(0.0382)
3675,3675,tensor(0.0852),tensor(0.0280),tensor(0.0382)
3676,3676,tensor(0.0852),tensor(0.0280),tensor(0.0382)
3677,3677,tensor(0.0851),tensor(0.0280),tensor(0.0382)
3678,3678,tensor(0.0851),tensor(0.0280),tensor(0.0382)
3679,3679,tensor(0.0851),tensor(0.0280),tensor(0.0382)
3680,3680,tensor(0.0851),tensor(0.0280),tensor(0.0382)
3681,3681,tensor(0.0851),tensor(0.0280),tensor(0.0382)
3682,3682,tensor(0.0851),tensor(0.0280),tensor(0.0382)
3683,3683,tensor(0.0851),tensor(0.0280),tensor(0.0382)
3684,3684,tensor(0.0851),tensor(0.0280),tensor(0.0382)
3685,3685,tensor(0.0851),tensor(0.0280),tensor(0.0382)
3686,3686,tensor(0.0851),tensor(0.0280),tensor(0.0382)
3687,3687,tensor(0.0851),tensor(0.0280),tensor(0.0382)
3688,3688,tensor(0.0851),tensor(0.0280),tensor(0.0382)
3689,3689,tensor(0.0851),tensor(0.0280),tensor(0.0382)
3690,3690,tensor(0.0851),tensor(0.0280),tensor(0.0382)
3691,3691,tensor(0.0851),tensor(0.0280),tensor(0.0382)
3692,3692,tensor(0.0851),tensor(0.0280),tensor(0.0382)
3693,3693,tensor(0.0851),tensor(0.0280),tensor(0.0381)
3694,3694,tensor(0.0851),tensor(0.0280),tensor(0.0381)
3695,3695,tensor(0.0851),tensor(0.0280),tensor(0.0381)
3696,3696,tensor(0.0851),tensor(0.0280),tensor(0.0381)
3697,3697,tensor(0.0851),tensor(0.0279),tensor(0.0381)
3698,3698,tensor(0.0851),tensor(0.0279),tensor(0.0381)
3699,3699,tensor(0.0851),tensor(0.0279),tensor(0.0381)
3700,3700,tensor(0.0851),tensor(0.0279),tensor(0.0381)
3701,3701,tensor(0.0850),tensor(0.0279),tensor(0.0381)
3702,3702,tensor(0.0850),tensor(0.0279),tensor(0.0381)
3703,3703,tensor(0.0850),tensor(0.0279),tensor(0.0381)
3704,3704,tensor(0.0850),tensor(0.0279),tensor(0.0381)
3705,3705,tensor(0.0850),tensor(0.0279),tensor(0.0381)
3706,3706,tensor(0.0850),tensor(0.0279),tensor(0.0381)
3707,3707,tensor(0.0850),tensor(0.0279),tensor(0.0381)
3708,3708,tensor(0.0850),tensor(0.0279),tensor(0.0381)
3709,3709,tensor(0.0850),tensor(0.0279),tensor(0.0381)
3710,3710,tensor(0.0850),tensor(0.0279),tensor(0.0381)
3711,3711,tensor(0.0850),tensor(0.0279),tensor(0.0381)
3712,3712,tensor(0.0850),tensor(0.0279),tensor(0.0381)
3713,3713,tensor(0.0850),tensor(0.0279),tensor(0.0381)
3714,3714,tensor(0.0850),tensor(0.0279),tensor(0.0381)
3715,3715,tensor(0.0850),tensor(0.0279),tensor(0.0381)
3716,3716,tensor(0.0850),tensor(0.0279),tensor(0.0381)
3717,3717,tensor(0.0850),tensor(0.0279),tensor(0.0381)
3718,3718,tensor(0.0850),tensor(0.0279),tensor(0.0381)
3719,3719,tensor(0.0850),tensor(0.0279),tensor(0.0381)
3720,3720,tensor(0.0850),tensor(0.0279),tensor(0.0381)
3721,3721,tensor(0.0850),tensor(0.0279),tensor(0.0381)
3722,3722,tensor(0.0850),tensor(0.0279),tensor(0.0381)
3723,3723,tensor(0.0850),tensor(0.0279),tensor(0.0381)
3724,3724,tensor(0.0850),tensor(0.0279),tensor(0.0381)
3725,3725,tensor(0.0850),tensor(0.0279),tensor(0.0381)
3726,3726,tensor(0.0849),tensor(0.0279),tensor(0.0381)
3727,3727,tensor(0.0849),tensor(0.0279),tensor(0.0381)
3728,3728,tensor(0.0849),tensor(0.0279),tensor(0.0381)
3729,3729,tensor(0.0849),tensor(0.0279),tensor(0.0381)
3730,3730,tensor(0.0849),tensor(0.0279),tensor(0.0381)
3731,3731,tensor(0.0849),tensor(0.0279),tensor(0.0380)
3732,3732,tensor(0.0849),tensor(0.0279),tensor(0.0380)
3733,3733,tensor(0.0849),tensor(0.0279),tensor(0.0380)
3734,3734,tensor(0.0849),tensor(0.0279),tensor(0.0380)
3735,3735,tensor(0.0849),tensor(0.0278),tensor(0.0380)
3736,3736,tensor(0.0849),tensor(0.0278),tensor(0.0380)
3737,3737,tensor(0.0849),tensor(0.0278),tensor(0.0380)
3738,3738,tensor(0.0849),tensor(0.0278),tensor(0.0380)
3739,3739,tensor(0.0849),tensor(0.0278),tensor(0.0380)
3740,3740,tensor(0.0849),tensor(0.0278),tensor(0.0380)
3741,3741,tensor(0.0849),tensor(0.0278),tensor(0.0380)
3742,3742,tensor(0.0849),tensor(0.0278),tensor(0.0380)
3743,3743,tensor(0.0849),tensor(0.0278),tensor(0.0380)
3744,3744,tensor(0.0849),tensor(0.0278),tensor(0.0380)
3745,3745,tensor(0.0849),tensor(0.0278),tensor(0.0380)
3746,3746,tensor(0.0849),tensor(0.0278),tensor(0.0380)
3747,3747,tensor(0.0849),tensor(0.0278),tensor(0.0380)
3748,3748,tensor(0.0849),tensor(0.0278),tensor(0.0380)
3749,3749,tensor(0.0849),tensor(0.0278),tensor(0.0380)
3750,3750,tensor(0.0848),tensor(0.0278),tensor(0.0380)
3751,3751,tensor(0.0848),tensor(0.0278),tensor(0.0380)
3752,3752,tensor(0.0848),tensor(0.0278),tensor(0.0380)
3753,3753,tensor(0.0848),tensor(0.0278),tensor(0.0380)
3754,3754,tensor(0.0848),tensor(0.0278),tensor(0.0380)
3755,3755,tensor(0.0848),tensor(0.0278),tensor(0.0380)
3756,3756,tensor(0.0848),tensor(0.0278),tensor(0.0380)
3757,3757,tensor(0.0848),tensor(0.0278),tensor(0.0380)
3758,3758,tensor(0.0848),tensor(0.0278),tensor(0.0380)
3759,3759,tensor(0.0848),tensor(0.0278),tensor(0.0380)
3760,3760,tensor(0.0848),tensor(0.0278),tensor(0.0380)
3761,3761,tensor(0.0848),tensor(0.0278),tensor(0.0380)
3762,3762,tensor(0.0848),tensor(0.0278),tensor(0.0380)
3763,3763,tensor(0.0848),tensor(0.0278),tensor(0.0380)
3764,3764,tensor(0.0848),tensor(0.0278),tensor(0.0380)
3765,3765,tensor(0.0848),tensor(0.0278),tensor(0.0380)
3766,3766,tensor(0.0848),tensor(0.0278),tensor(0.0380)
3767,3767,tensor(0.0848),tensor(0.0278),tensor(0.0380)
3768,3768,tensor(0.0848),tensor(0.0278),tensor(0.0380)
3769,3769,tensor(0.0848),tensor(0.0278),tensor(0.0379)
3770,3770,tensor(0.0848),tensor(0.0278),tensor(0.0379)
3771,3771,tensor(0.0848),tensor(0.0278),tensor(0.0379)
3772,3772,tensor(0.0848),tensor(0.0278),tensor(0.0379)
3773,3773,tensor(0.0848),tensor(0.0278),tensor(0.0379)
3774,3774,tensor(0.0848),tensor(0.0277),tensor(0.0379)
3775,3775,tensor(0.0847),tensor(0.0277),tensor(0.0379)
3776,3776,tensor(0.0847),tensor(0.0277),tensor(0.0379)
3777,3777,tensor(0.0847),tensor(0.0277),tensor(0.0379)
3778,3778,tensor(0.0847),tensor(0.0277),tensor(0.0379)
3779,3779,tensor(0.0847),tensor(0.0277),tensor(0.0379)
3780,3780,tensor(0.0847),tensor(0.0277),tensor(0.0379)
3781,3781,tensor(0.0847),tensor(0.0277),tensor(0.0379)
3782,3782,tensor(0.0847),tensor(0.0277),tensor(0.0379)
3783,3783,tensor(0.0847),tensor(0.0277),tensor(0.0379)
3784,3784,tensor(0.0847),tensor(0.0277),tensor(0.0379)
3785,3785,tensor(0.0847),tensor(0.0277),tensor(0.0379)
3786,3786,tensor(0.0847),tensor(0.0277),tensor(0.0379)
3787,3787,tensor(0.0847),tensor(0.0277),tensor(0.0379)
3788,3788,tensor(0.0847),tensor(0.0277),tensor(0.0379)
3789,3789,tensor(0.0847),tensor(0.0277),tensor(0.0379)
3790,3790,tensor(0.0847),tensor(0.0277),tensor(0.0379)
3791,3791,tensor(0.0847),tensor(0.0277),tensor(0.0379)
3792,3792,tensor(0.0847),tensor(0.0277),tensor(0.0379)
3793,3793,tensor(0.0847),tensor(0.0277),tensor(0.0379)
3794,3794,tensor(0.0847),tensor(0.0277),tensor(0.0379)
3795,3795,tensor(0.0847),tensor(0.0277),tensor(0.0379)
3796,3796,tensor(0.0847),tensor(0.0277),tensor(0.0379)
3797,3797,tensor(0.0847),tensor(0.0277),tensor(0.0379)
3798,3798,tensor(0.0847),tensor(0.0277),tensor(0.0379)
3799,3799,tensor(0.0847),tensor(0.0277),tensor(0.0379)
3800,3800,tensor(0.0847),tensor(0.0277),tensor(0.0379)
3801,3801,tensor(0.0846),tensor(0.0277),tensor(0.0379)
3802,3802,tensor(0.0846),tensor(0.0277),tensor(0.0379)
3803,3803,tensor(0.0846),tensor(0.0277),tensor(0.0379)
3804,3804,tensor(0.0846),tensor(0.0277),tensor(0.0379)
3805,3805,tensor(0.0846),tensor(0.0277),tensor(0.0379)
3806,3806,tensor(0.0846),tensor(0.0277),tensor(0.0379)
3807,3807,tensor(0.0846),tensor(0.0277),tensor(0.0379)
3808,3808,tensor(0.0846),tensor(0.0277),tensor(0.0378)
3809,3809,tensor(0.0846),tensor(0.0277),tensor(0.0378)
3810,3810,tensor(0.0846),tensor(0.0277),tensor(0.0378)
3811,3811,tensor(0.0846),tensor(0.0277),tensor(0.0378)
3812,3812,tensor(0.0846),tensor(0.0276),tensor(0.0378)
3813,3813,tensor(0.0846),tensor(0.0276),tensor(0.0378)
3814,3814,tensor(0.0846),tensor(0.0276),tensor(0.0378)
3815,3815,tensor(0.0846),tensor(0.0276),tensor(0.0378)
3816,3816,tensor(0.0846),tensor(0.0276),tensor(0.0378)
3817,3817,tensor(0.0846),tensor(0.0276),tensor(0.0378)
3818,3818,tensor(0.0846),tensor(0.0276),tensor(0.0378)
3819,3819,tensor(0.0846),tensor(0.0276),tensor(0.0378)
3820,3820,tensor(0.0846),tensor(0.0276),tensor(0.0378)
3821,3821,tensor(0.0846),tensor(0.0276),tensor(0.0378)
3822,3822,tensor(0.0846),tensor(0.0276),tensor(0.0378)
3823,3823,tensor(0.0846),tensor(0.0276),tensor(0.0378)
3824,3824,tensor(0.0846),tensor(0.0276),tensor(0.0378)
3825,3825,tensor(0.0846),tensor(0.0276),tensor(0.0378)
3826,3826,tensor(0.0846),tensor(0.0276),tensor(0.0378)
3827,3827,tensor(0.0845),tensor(0.0276),tensor(0.0378)
3828,3828,tensor(0.0845),tensor(0.0276),tensor(0.0378)
3829,3829,tensor(0.0845),tensor(0.0276),tensor(0.0378)
3830,3830,tensor(0.0845),tensor(0.0276),tensor(0.0378)
3831,3831,tensor(0.0845),tensor(0.0276),tensor(0.0378)
3832,3832,tensor(0.0845),tensor(0.0276),tensor(0.0378)
3833,3833,tensor(0.0845),tensor(0.0276),tensor(0.0378)
3834,3834,tensor(0.0845),tensor(0.0276),tensor(0.0378)
3835,3835,tensor(0.0845),tensor(0.0276),tensor(0.0378)
3836,3836,tensor(0.0845),tensor(0.0276),tensor(0.0378)
3837,3837,tensor(0.0845),tensor(0.0276),tensor(0.0378)
3838,3838,tensor(0.0845),tensor(0.0276),tensor(0.0378)
3839,3839,tensor(0.0845),tensor(0.0276),tensor(0.0378)
3840,3840,tensor(0.0845),tensor(0.0276),tensor(0.0378)
3841,3841,tensor(0.0845),tensor(0.0276),tensor(0.0378)
3842,3842,tensor(0.0845),tensor(0.0276),tensor(0.0378)
3843,3843,tensor(0.0845),tensor(0.0276),tensor(0.0378)
3844,3844,tensor(0.0845),tensor(0.0276),tensor(0.0378)
3845,3845,tensor(0.0845),tensor(0.0276),tensor(0.0378)
3846,3846,tensor(0.0845),tensor(0.0276),tensor(0.0377)
3847,3847,tensor(0.0845),tensor(0.0276),tensor(0.0377)
3848,3848,tensor(0.0845),tensor(0.0276),tensor(0.0377)
3849,3849,tensor(0.0845),tensor(0.0276),tensor(0.0377)
3850,3850,tensor(0.0845),tensor(0.0276),tensor(0.0377)
3851,3851,tensor(0.0845),tensor(0.0275),tensor(0.0377)
3852,3852,tensor(0.0845),tensor(0.0275),tensor(0.0377)
3853,3853,tensor(0.0844),tensor(0.0275),tensor(0.0377)
3854,3854,tensor(0.0844),tensor(0.0275),tensor(0.0377)
3855,3855,tensor(0.0844),tensor(0.0275),tensor(0.0377)
3856,3856,tensor(0.0844),tensor(0.0275),tensor(0.0377)
3857,3857,tensor(0.0844),tensor(0.0275),tensor(0.0377)
3858,3858,tensor(0.0844),tensor(0.0275),tensor(0.0377)
3859,3859,tensor(0.0844),tensor(0.0275),tensor(0.0377)
3860,3860,tensor(0.0844),tensor(0.0275),tensor(0.0377)
3861,3861,tensor(0.0844),tensor(0.0275),tensor(0.0377)
3862,3862,tensor(0.0844),tensor(0.0275),tensor(0.0377)
3863,3863,tensor(0.0844),tensor(0.0275),tensor(0.0377)
3864,3864,tensor(0.0844),tensor(0.0275),tensor(0.0377)
3865,3865,tensor(0.0844),tensor(0.0275),tensor(0.0377)
3866,3866,tensor(0.0844),tensor(0.0275),tensor(0.0377)
3867,3867,tensor(0.0844),tensor(0.0275),tensor(0.0377)
3868,3868,tensor(0.0844),tensor(0.0275),tensor(0.0377)
3869,3869,tensor(0.0844),tensor(0.0275),tensor(0.0377)
3870,3870,tensor(0.0844),tensor(0.0275),tensor(0.0377)
3871,3871,tensor(0.0844),tensor(0.0275),tensor(0.0377)
3872,3872,tensor(0.0844),tensor(0.0275),tensor(0.0377)
3873,3873,tensor(0.0844),tensor(0.0275),tensor(0.0377)
3874,3874,tensor(0.0844),tensor(0.0275),tensor(0.0377)
3875,3875,tensor(0.0844),tensor(0.0275),tensor(0.0377)
3876,3876,tensor(0.0844),tensor(0.0275),tensor(0.0377)
3877,3877,tensor(0.0844),tensor(0.0275),tensor(0.0377)
3878,3878,tensor(0.0844),tensor(0.0275),tensor(0.0377)
3879,3879,tensor(0.0844),tensor(0.0275),tensor(0.0377)
3880,3880,tensor(0.0843),tensor(0.0275),tensor(0.0377)
3881,3881,tensor(0.0843),tensor(0.0275),tensor(0.0377)
3882,3882,tensor(0.0843),tensor(0.0275),tensor(0.0377)
3883,3883,tensor(0.0843),tensor(0.0275),tensor(0.0377)
3884,3884,tensor(0.0843),tensor(0.0275),tensor(0.0377)
3885,3885,tensor(0.0843),tensor(0.0275),tensor(0.0376)
3886,3886,tensor(0.0843),tensor(0.0275),tensor(0.0376)
3887,3887,tensor(0.0843),tensor(0.0275),tensor(0.0376)
3888,3888,tensor(0.0843),tensor(0.0275),tensor(0.0376)
3889,3889,tensor(0.0843),tensor(0.0275),tensor(0.0376)
3890,3890,tensor(0.0843),tensor(0.0274),tensor(0.0376)
3891,3891,tensor(0.0843),tensor(0.0274),tensor(0.0376)
3892,3892,tensor(0.0843),tensor(0.0274),tensor(0.0376)
3893,3893,tensor(0.0843),tensor(0.0274),tensor(0.0376)
3894,3894,tensor(0.0843),tensor(0.0274),tensor(0.0376)
3895,3895,tensor(0.0843),tensor(0.0274),tensor(0.0376)
3896,3896,tensor(0.0843),tensor(0.0274),tensor(0.0376)
3897,3897,tensor(0.0843),tensor(0.0274),tensor(0.0376)
3898,3898,tensor(0.0843),tensor(0.0274),tensor(0.0376)
3899,3899,tensor(0.0843),tensor(0.0274),tensor(0.0376)
3900,3900,tensor(0.0843),tensor(0.0274),tensor(0.0376)
3901,3901,tensor(0.0843),tensor(0.0274),tensor(0.0376)
3902,3902,tensor(0.0843),tensor(0.0274),tensor(0.0376)
3903,3903,tensor(0.0843),tensor(0.0274),tensor(0.0376)
3904,3904,tensor(0.0843),tensor(0.0274),tensor(0.0376)
3905,3905,tensor(0.0843),tensor(0.0274),tensor(0.0376)
3906,3906,tensor(0.0843),tensor(0.0274),tensor(0.0376)
3907,3907,tensor(0.0842),tensor(0.0274),tensor(0.0376)
3908,3908,tensor(0.0842),tensor(0.0274),tensor(0.0376)
3909,3909,tensor(0.0842),tensor(0.0274),tensor(0.0376)
3910,3910,tensor(0.0842),tensor(0.0274),tensor(0.0376)
3911,3911,tensor(0.0842),tensor(0.0274),tensor(0.0376)
3912,3912,tensor(0.0842),tensor(0.0274),tensor(0.0376)
3913,3913,tensor(0.0842),tensor(0.0274),tensor(0.0376)
3914,3914,tensor(0.0842),tensor(0.0274),tensor(0.0376)
3915,3915,tensor(0.0842),tensor(0.0274),tensor(0.0376)
3916,3916,tensor(0.0842),tensor(0.0274),tensor(0.0376)
3917,3917,tensor(0.0842),tensor(0.0274),tensor(0.0376)
3918,3918,tensor(0.0842),tensor(0.0274),tensor(0.0376)
3919,3919,tensor(0.0842),tensor(0.0274),tensor(0.0376)
3920,3920,tensor(0.0842),tensor(0.0274),tensor(0.0376)
3921,3921,tensor(0.0842),tensor(0.0274),tensor(0.0376)
3922,3922,tensor(0.0842),tensor(0.0274),tensor(0.0376)
3923,3923,tensor(0.0842),tensor(0.0274),tensor(0.0375)
3924,3924,tensor(0.0842),tensor(0.0274),tensor(0.0375)
3925,3925,tensor(0.0842),tensor(0.0274),tensor(0.0375)
3926,3926,tensor(0.0842),tensor(0.0274),tensor(0.0375)
3927,3927,tensor(0.0842),tensor(0.0274),tensor(0.0375)
3928,3928,tensor(0.0842),tensor(0.0273),tensor(0.0375)
3929,3929,tensor(0.0842),tensor(0.0273),tensor(0.0375)
3930,3930,tensor(0.0842),tensor(0.0273),tensor(0.0375)
3931,3931,tensor(0.0842),tensor(0.0273),tensor(0.0375)
3932,3932,tensor(0.0842),tensor(0.0273),tensor(0.0375)
3933,3933,tensor(0.0842),tensor(0.0273),tensor(0.0375)
3934,3934,tensor(0.0842),tensor(0.0273),tensor(0.0375)
3935,3935,tensor(0.0841),tensor(0.0273),tensor(0.0375)
3936,3936,tensor(0.0841),tensor(0.0273),tensor(0.0375)
3937,3937,tensor(0.0841),tensor(0.0273),tensor(0.0375)
3938,3938,tensor(0.0841),tensor(0.0273),tensor(0.0375)
3939,3939,tensor(0.0841),tensor(0.0273),tensor(0.0375)
3940,3940,tensor(0.0841),tensor(0.0273),tensor(0.0375)
3941,3941,tensor(0.0841),tensor(0.0273),tensor(0.0375)
3942,3942,tensor(0.0841),tensor(0.0273),tensor(0.0375)
3943,3943,tensor(0.0841),tensor(0.0273),tensor(0.0375)
3944,3944,tensor(0.0841),tensor(0.0273),tensor(0.0375)
3945,3945,tensor(0.0841),tensor(0.0273),tensor(0.0375)
3946,3946,tensor(0.0841),tensor(0.0273),tensor(0.0375)
3947,3947,tensor(0.0841),tensor(0.0273),tensor(0.0375)
3948,3948,tensor(0.0841),tensor(0.0273),tensor(0.0375)
3949,3949,tensor(0.0841),tensor(0.0273),tensor(0.0375)
3950,3950,tensor(0.0841),tensor(0.0273),tensor(0.0375)
3951,3951,tensor(0.0841),tensor(0.0273),tensor(0.0375)
3952,3952,tensor(0.0841),tensor(0.0273),tensor(0.0375)
3953,3953,tensor(0.0841),tensor(0.0273),tensor(0.0375)
3954,3954,tensor(0.0841),tensor(0.0273),tensor(0.0375)
3955,3955,tensor(0.0841),tensor(0.0273),tensor(0.0375)
3956,3956,tensor(0.0841),tensor(0.0273),tensor(0.0375)
3957,3957,tensor(0.0841),tensor(0.0273),tensor(0.0375)
3958,3958,tensor(0.0841),tensor(0.0273),tensor(0.0375)
3959,3959,tensor(0.0841),tensor(0.0273),tensor(0.0375)
3960,3960,tensor(0.0841),tensor(0.0273),tensor(0.0375)
3961,3961,tensor(0.0841),tensor(0.0273),tensor(0.0375)
3962,3962,tensor(0.0841),tensor(0.0273),tensor(0.0374)
3963,3963,tensor(0.0840),tensor(0.0273),tensor(0.0374)
3964,3964,tensor(0.0840),tensor(0.0273),tensor(0.0374)
3965,3965,tensor(0.0840),tensor(0.0273),tensor(0.0374)
3966,3966,tensor(0.0840),tensor(0.0273),tensor(0.0374)
3967,3967,tensor(0.0840),tensor(0.0272),tensor(0.0374)
3968,3968,tensor(0.0840),tensor(0.0272),tensor(0.0374)
3969,3969,tensor(0.0840),tensor(0.0272),tensor(0.0374)
3970,3970,tensor(0.0840),tensor(0.0272),tensor(0.0374)
3971,3971,tensor(0.0840),tensor(0.0272),tensor(0.0374)
3972,3972,tensor(0.0840),tensor(0.0272),tensor(0.0374)
3973,3973,tensor(0.0840),tensor(0.0272),tensor(0.0374)
3974,3974,tensor(0.0840),tensor(0.0272),tensor(0.0374)
3975,3975,tensor(0.0840),tensor(0.0272),tensor(0.0374)
3976,3976,tensor(0.0840),tensor(0.0272),tensor(0.0374)
3977,3977,tensor(0.0840),tensor(0.0272),tensor(0.0374)
3978,3978,tensor(0.0840),tensor(0.0272),tensor(0.0374)
3979,3979,tensor(0.0840),tensor(0.0272),tensor(0.0374)
3980,3980,tensor(0.0840),tensor(0.0272),tensor(0.0374)
3981,3981,tensor(0.0840),tensor(0.0272),tensor(0.0374)
3982,3982,tensor(0.0840),tensor(0.0272),tensor(0.0374)
3983,3983,tensor(0.0840),tensor(0.0272),tensor(0.0374)
3984,3984,tensor(0.0840),tensor(0.0272),tensor(0.0374)
3985,3985,tensor(0.0840),tensor(0.0272),tensor(0.0374)
3986,3986,tensor(0.0840),tensor(0.0272),tensor(0.0374)
3987,3987,tensor(0.0840),tensor(0.0272),tensor(0.0374)
3988,3988,tensor(0.0840),tensor(0.0272),tensor(0.0374)
3989,3989,tensor(0.0840),tensor(0.0272),tensor(0.0374)
3990,3990,tensor(0.0840),tensor(0.0272),tensor(0.0374)
3991,3991,tensor(0.0839),tensor(0.0272),tensor(0.0374)
3992,3992,tensor(0.0839),tensor(0.0272),tensor(0.0374)
3993,3993,tensor(0.0839),tensor(0.0272),tensor(0.0374)
3994,3994,tensor(0.0839),tensor(0.0272),tensor(0.0374)
3995,3995,tensor(0.0839),tensor(0.0272),tensor(0.0374)
3996,3996,tensor(0.0839),tensor(0.0272),tensor(0.0374)
3997,3997,tensor(0.0839),tensor(0.0272),tensor(0.0374)
3998,3998,tensor(0.0839),tensor(0.0272),tensor(0.0374)
3999,3999,tensor(0.0839),tensor(0.0272),tensor(0.0374)
4000,4000,tensor(0.0839),tensor(0.0272),tensor(0.0374)
4001,4001,tensor(0.0839),tensor(0.0272),tensor(0.0373)
4002,4002,tensor(0.0839),tensor(0.0272),tensor(0.0373)
4003,4003,tensor(0.0839),tensor(0.0272),tensor(0.0373)
4004,4004,tensor(0.0839),tensor(0.0272),tensor(0.0373)
4005,4005,tensor(0.0839),tensor(0.0272),tensor(0.0373)
4006,4006,tensor(0.0839),tensor(0.0271),tensor(0.0373)
4007,4007,tensor(0.0839),tensor(0.0271),tensor(0.0373)
4008,4008,tensor(0.0839),tensor(0.0271),tensor(0.0373)
4009,4009,tensor(0.0839),tensor(0.0271),tensor(0.0373)
4010,4010,tensor(0.0839),tensor(0.0271),tensor(0.0373)
4011,4011,tensor(0.0839),tensor(0.0271),tensor(0.0373)
4012,4012,tensor(0.0839),tensor(0.0271),tensor(0.0373)
4013,4013,tensor(0.0839),tensor(0.0271),tensor(0.0373)
4014,4014,tensor(0.0839),tensor(0.0271),tensor(0.0373)
4015,4015,tensor(0.0839),tensor(0.0271),tensor(0.0373)
4016,4016,tensor(0.0839),tensor(0.0271),tensor(0.0373)
4017,4017,tensor(0.0839),tensor(0.0271),tensor(0.0373)
4018,4018,tensor(0.0839),tensor(0.0271),tensor(0.0373)
4019,4019,tensor(0.0839),tensor(0.0271),tensor(0.0373)
4020,4020,tensor(0.0839),tensor(0.0271),tensor(0.0373)
4021,4021,tensor(0.0838),tensor(0.0271),tensor(0.0373)
4022,4022,tensor(0.0838),tensor(0.0271),tensor(0.0373)
4023,4023,tensor(0.0838),tensor(0.0271),tensor(0.0373)
4024,4024,tensor(0.0838),tensor(0.0271),tensor(0.0373)
4025,4025,tensor(0.0838),tensor(0.0271),tensor(0.0373)
4026,4026,tensor(0.0838),tensor(0.0271),tensor(0.0373)
4027,4027,tensor(0.0838),tensor(0.0271),tensor(0.0373)
4028,4028,tensor(0.0838),tensor(0.0271),tensor(0.0373)
4029,4029,tensor(0.0838),tensor(0.0271),tensor(0.0373)
4030,4030,tensor(0.0838),tensor(0.0271),tensor(0.0373)
4031,4031,tensor(0.0838),tensor(0.0271),tensor(0.0373)
4032,4032,tensor(0.0838),tensor(0.0271),tensor(0.0373)
4033,4033,tensor(0.0838),tensor(0.0271),tensor(0.0373)
4034,4034,tensor(0.0838),tensor(0.0271),tensor(0.0373)
4035,4035,tensor(0.0838),tensor(0.0271),tensor(0.0373)
4036,4036,tensor(0.0838),tensor(0.0271),tensor(0.0373)
4037,4037,tensor(0.0838),tensor(0.0271),tensor(0.0373)
4038,4038,tensor(0.0838),tensor(0.0271),tensor(0.0373)
4039,4039,tensor(0.0838),tensor(0.0271),tensor(0.0373)
4040,4040,tensor(0.0838),tensor(0.0271),tensor(0.0372)
4041,4041,tensor(0.0838),tensor(0.0271),tensor(0.0372)
4042,4042,tensor(0.0838),tensor(0.0271),tensor(0.0372)
4043,4043,tensor(0.0838),tensor(0.0271),tensor(0.0372)
4044,4044,tensor(0.0838),tensor(0.0271),tensor(0.0372)
4045,4045,tensor(0.0838),tensor(0.0271),tensor(0.0372)
4046,4046,tensor(0.0838),tensor(0.0270),tensor(0.0372)
4047,4047,tensor(0.0838),tensor(0.0270),tensor(0.0372)
4048,4048,tensor(0.0838),tensor(0.0270),tensor(0.0372)
4049,4049,tensor(0.0838),tensor(0.0270),tensor(0.0372)
4050,4050,tensor(0.0837),tensor(0.0270),tensor(0.0372)
4051,4051,tensor(0.0837),tensor(0.0270),tensor(0.0372)
4052,4052,tensor(0.0837),tensor(0.0270),tensor(0.0372)
4053,4053,tensor(0.0837),tensor(0.0270),tensor(0.0372)
4054,4054,tensor(0.0837),tensor(0.0270),tensor(0.0372)
4055,4055,tensor(0.0837),tensor(0.0270),tensor(0.0372)
4056,4056,tensor(0.0837),tensor(0.0270),tensor(0.0372)
4057,4057,tensor(0.0837),tensor(0.0270),tensor(0.0372)
4058,4058,tensor(0.0837),tensor(0.0270),tensor(0.0372)
4059,4059,tensor(0.0837),tensor(0.0270),tensor(0.0372)
4060,4060,tensor(0.0837),tensor(0.0270),tensor(0.0372)
4061,4061,tensor(0.0837),tensor(0.0270),tensor(0.0372)
4062,4062,tensor(0.0837),tensor(0.0270),tensor(0.0372)
4063,4063,tensor(0.0837),tensor(0.0270),tensor(0.0372)
4064,4064,tensor(0.0837),tensor(0.0270),tensor(0.0372)
4065,4065,tensor(0.0837),tensor(0.0270),tensor(0.0372)
4066,4066,tensor(0.0837),tensor(0.0270),tensor(0.0372)
4067,4067,tensor(0.0837),tensor(0.0270),tensor(0.0372)
4068,4068,tensor(0.0837),tensor(0.0270),tensor(0.0372)
4069,4069,tensor(0.0837),tensor(0.0270),tensor(0.0372)
4070,4070,tensor(0.0837),tensor(0.0270),tensor(0.0372)
4071,4071,tensor(0.0837),tensor(0.0270),tensor(0.0372)
4072,4072,tensor(0.0837),tensor(0.0270),tensor(0.0372)
4073,4073,tensor(0.0837),tensor(0.0270),tensor(0.0372)
4074,4074,tensor(0.0837),tensor(0.0270),tensor(0.0372)
4075,4075,tensor(0.0837),tensor(0.0270),tensor(0.0372)
4076,4076,tensor(0.0837),tensor(0.0270),tensor(0.0372)
4077,4077,tensor(0.0837),tensor(0.0270),tensor(0.0372)
4078,4078,tensor(0.0837),tensor(0.0270),tensor(0.0372)
4079,4079,tensor(0.0837),tensor(0.0270),tensor(0.0372)
4080,4080,tensor(0.0837),tensor(0.0270),tensor(0.0371)
4081,4081,tensor(0.0836),tensor(0.0270),tensor(0.0371)
4082,4082,tensor(0.0836),tensor(0.0270),tensor(0.0371)
4083,4083,tensor(0.0836),tensor(0.0270),tensor(0.0371)
4084,4084,tensor(0.0836),tensor(0.0270),tensor(0.0371)
4085,4085,tensor(0.0836),tensor(0.0270),tensor(0.0371)
4086,4086,tensor(0.0836),tensor(0.0269),tensor(0.0371)
4087,4087,tensor(0.0836),tensor(0.0269),tensor(0.0371)
4088,4088,tensor(0.0836),tensor(0.0269),tensor(0.0371)
4089,4089,tensor(0.0836),tensor(0.0269),tensor(0.0371)
4090,4090,tensor(0.0836),tensor(0.0269),tensor(0.0371)
4091,4091,tensor(0.0836),tensor(0.0269),tensor(0.0371)
4092,4092,tensor(0.0836),tensor(0.0269),tensor(0.0371)
4093,4093,tensor(0.0836),tensor(0.0269),tensor(0.0371)
4094,4094,tensor(0.0836),tensor(0.0269),tensor(0.0371)
4095,4095,tensor(0.0836),tensor(0.0269),tensor(0.0371)
4096,4096,tensor(0.0836),tensor(0.0269),tensor(0.0371)
4097,4097,tensor(0.0836),tensor(0.0269),tensor(0.0371)
4098,4098,tensor(0.0836),tensor(0.0269),tensor(0.0371)
4099,4099,tensor(0.0836),tensor(0.0269),tensor(0.0371)
4100,4100,tensor(0.0836),tensor(0.0269),tensor(0.0371)
4101,4101,tensor(0.0836),tensor(0.0269),tensor(0.0371)
4102,4102,tensor(0.0836),tensor(0.0269),tensor(0.0371)
4103,4103,tensor(0.0836),tensor(0.0269),tensor(0.0371)
4104,4104,tensor(0.0836),tensor(0.0269),tensor(0.0371)
4105,4105,tensor(0.0836),tensor(0.0269),tensor(0.0371)
4106,4106,tensor(0.0836),tensor(0.0269),tensor(0.0371)
4107,4107,tensor(0.0836),tensor(0.0269),tensor(0.0371)
4108,4108,tensor(0.0836),tensor(0.0269),tensor(0.0371)
4109,4109,tensor(0.0836),tensor(0.0269),tensor(0.0371)
4110,4110,tensor(0.0836),tensor(0.0269),tensor(0.0371)
4111,4111,tensor(0.0836),tensor(0.0269),tensor(0.0371)
4112,4112,tensor(0.0835),tensor(0.0269),tensor(0.0371)
4113,4113,tensor(0.0835),tensor(0.0269),tensor(0.0371)
4114,4114,tensor(0.0835),tensor(0.0269),tensor(0.0371)
4115,4115,tensor(0.0835),tensor(0.0269),tensor(0.0371)
4116,4116,tensor(0.0835),tensor(0.0269),tensor(0.0371)
4117,4117,tensor(0.0835),tensor(0.0269),tensor(0.0371)
4118,4118,tensor(0.0835),tensor(0.0269),tensor(0.0371)
4119,4119,tensor(0.0835),tensor(0.0269),tensor(0.0371)
4120,4120,tensor(0.0835),tensor(0.0269),tensor(0.0370)
4121,4121,tensor(0.0835),tensor(0.0269),tensor(0.0370)
4122,4122,tensor(0.0835),tensor(0.0269),tensor(0.0370)
4123,4123,tensor(0.0835),tensor(0.0269),tensor(0.0370)
4124,4124,tensor(0.0835),tensor(0.0269),tensor(0.0370)
4125,4125,tensor(0.0835),tensor(0.0269),tensor(0.0370)
4126,4126,tensor(0.0835),tensor(0.0268),tensor(0.0370)
4127,4127,tensor(0.0835),tensor(0.0268),tensor(0.0370)
4128,4128,tensor(0.0835),tensor(0.0268),tensor(0.0370)
4129,4129,tensor(0.0835),tensor(0.0268),tensor(0.0370)
4130,4130,tensor(0.0835),tensor(0.0268),tensor(0.0370)
4131,4131,tensor(0.0835),tensor(0.0268),tensor(0.0370)
4132,4132,tensor(0.0835),tensor(0.0268),tensor(0.0370)
4133,4133,tensor(0.0835),tensor(0.0268),tensor(0.0370)
4134,4134,tensor(0.0835),tensor(0.0268),tensor(0.0370)
4135,4135,tensor(0.0835),tensor(0.0268),tensor(0.0370)
4136,4136,tensor(0.0835),tensor(0.0268),tensor(0.0370)
4137,4137,tensor(0.0835),tensor(0.0268),tensor(0.0370)
4138,4138,tensor(0.0835),tensor(0.0268),tensor(0.0370)
4139,4139,tensor(0.0835),tensor(0.0268),tensor(0.0370)
4140,4140,tensor(0.0835),tensor(0.0268),tensor(0.0370)
4141,4141,tensor(0.0835),tensor(0.0268),tensor(0.0370)
4142,4142,tensor(0.0835),tensor(0.0268),tensor(0.0370)
4143,4143,tensor(0.0835),tensor(0.0268),tensor(0.0370)
4144,4144,tensor(0.0834),tensor(0.0268),tensor(0.0370)
4145,4145,tensor(0.0834),tensor(0.0268),tensor(0.0370)
4146,4146,tensor(0.0834),tensor(0.0268),tensor(0.0370)
4147,4147,tensor(0.0834),tensor(0.0268),tensor(0.0370)
4148,4148,tensor(0.0834),tensor(0.0268),tensor(0.0370)
4149,4149,tensor(0.0834),tensor(0.0268),tensor(0.0370)
4150,4150,tensor(0.0834),tensor(0.0268),tensor(0.0370)
4151,4151,tensor(0.0834),tensor(0.0268),tensor(0.0370)
4152,4152,tensor(0.0834),tensor(0.0268),tensor(0.0370)
4153,4153,tensor(0.0834),tensor(0.0268),tensor(0.0370)
4154,4154,tensor(0.0834),tensor(0.0268),tensor(0.0370)
4155,4155,tensor(0.0834),tensor(0.0268),tensor(0.0370)
4156,4156,tensor(0.0834),tensor(0.0268),tensor(0.0370)
4157,4157,tensor(0.0834),tensor(0.0268),tensor(0.0370)
4158,4158,tensor(0.0834),tensor(0.0268),tensor(0.0370)
4159,4159,tensor(0.0834),tensor(0.0268),tensor(0.0370)
4160,4160,tensor(0.0834),tensor(0.0268),tensor(0.0369)
4161,4161,tensor(0.0834),tensor(0.0268),tensor(0.0369)
4162,4162,tensor(0.0834),tensor(0.0268),tensor(0.0369)
4163,4163,tensor(0.0834),tensor(0.0268),tensor(0.0369)
4164,4164,tensor(0.0834),tensor(0.0268),tensor(0.0369)
4165,4165,tensor(0.0834),tensor(0.0268),tensor(0.0369)
4166,4166,tensor(0.0834),tensor(0.0267),tensor(0.0369)
4167,4167,tensor(0.0834),tensor(0.0267),tensor(0.0369)
4168,4168,tensor(0.0834),tensor(0.0267),tensor(0.0369)
4169,4169,tensor(0.0834),tensor(0.0267),tensor(0.0369)
4170,4170,tensor(0.0834),tensor(0.0267),tensor(0.0369)
4171,4171,tensor(0.0834),tensor(0.0267),tensor(0.0369)
4172,4172,tensor(0.0834),tensor(0.0267),tensor(0.0369)
4173,4173,tensor(0.0834),tensor(0.0267),tensor(0.0369)
4174,4174,tensor(0.0834),tensor(0.0267),tensor(0.0369)
4175,4175,tensor(0.0834),tensor(0.0267),tensor(0.0369)
4176,4176,tensor(0.0833),tensor(0.0267),tensor(0.0369)
4177,4177,tensor(0.0833),tensor(0.0267),tensor(0.0369)
4178,4178,tensor(0.0833),tensor(0.0267),tensor(0.0369)
4179,4179,tensor(0.0833),tensor(0.0267),tensor(0.0369)
4180,4180,tensor(0.0833),tensor(0.0267),tensor(0.0369)
4181,4181,tensor(0.0833),tensor(0.0267),tensor(0.0369)
4182,4182,tensor(0.0833),tensor(0.0267),tensor(0.0369)
4183,4183,tensor(0.0833),tensor(0.0267),tensor(0.0369)
4184,4184,tensor(0.0833),tensor(0.0267),tensor(0.0369)
4185,4185,tensor(0.0833),tensor(0.0267),tensor(0.0369)
4186,4186,tensor(0.0833),tensor(0.0267),tensor(0.0369)
4187,4187,tensor(0.0833),tensor(0.0267),tensor(0.0369)
4188,4188,tensor(0.0833),tensor(0.0267),tensor(0.0369)
4189,4189,tensor(0.0833),tensor(0.0267),tensor(0.0369)
4190,4190,tensor(0.0833),tensor(0.0267),tensor(0.0369)
4191,4191,tensor(0.0833),tensor(0.0267),tensor(0.0369)
4192,4192,tensor(0.0833),tensor(0.0267),tensor(0.0369)
4193,4193,tensor(0.0833),tensor(0.0267),tensor(0.0369)
4194,4194,tensor(0.0833),tensor(0.0267),tensor(0.0369)
4195,4195,tensor(0.0833),tensor(0.0267),tensor(0.0369)
4196,4196,tensor(0.0833),tensor(0.0267),tensor(0.0369)
4197,4197,tensor(0.0833),tensor(0.0267),tensor(0.0369)
4198,4198,tensor(0.0833),tensor(0.0267),tensor(0.0369)
4199,4199,tensor(0.0833),tensor(0.0267),tensor(0.0369)
4200,4200,tensor(0.0833),tensor(0.0267),tensor(0.0369)
4201,4201,tensor(0.0833),tensor(0.0267),tensor(0.0368)
4202,4202,tensor(0.0833),tensor(0.0267),tensor(0.0368)
4203,4203,tensor(0.0833),tensor(0.0267),tensor(0.0368)
4204,4204,tensor(0.0833),tensor(0.0267),tensor(0.0368)
4205,4205,tensor(0.0833),tensor(0.0267),tensor(0.0368)
4206,4206,tensor(0.0833),tensor(0.0267),tensor(0.0368)
4207,4207,tensor(0.0833),tensor(0.0266),tensor(0.0368)
4208,4208,tensor(0.0833),tensor(0.0266),tensor(0.0368)
4209,4209,tensor(0.0832),tensor(0.0266),tensor(0.0368)
4210,4210,tensor(0.0832),tensor(0.0266),tensor(0.0368)
4211,4211,tensor(0.0832),tensor(0.0266),tensor(0.0368)
4212,4212,tensor(0.0832),tensor(0.0266),tensor(0.0368)
4213,4213,tensor(0.0832),tensor(0.0266),tensor(0.0368)
4214,4214,tensor(0.0832),tensor(0.0266),tensor(0.0368)
4215,4215,tensor(0.0832),tensor(0.0266),tensor(0.0368)
4216,4216,tensor(0.0832),tensor(0.0266),tensor(0.0368)
4217,4217,tensor(0.0832),tensor(0.0266),tensor(0.0368)
4218,4218,tensor(0.0832),tensor(0.0266),tensor(0.0368)
4219,4219,tensor(0.0832),tensor(0.0266),tensor(0.0368)
4220,4220,tensor(0.0832),tensor(0.0266),tensor(0.0368)
4221,4221,tensor(0.0832),tensor(0.0266),tensor(0.0368)
4222,4222,tensor(0.0832),tensor(0.0266),tensor(0.0368)
4223,4223,tensor(0.0832),tensor(0.0266),tensor(0.0368)
4224,4224,tensor(0.0832),tensor(0.0266),tensor(0.0368)
4225,4225,tensor(0.0832),tensor(0.0266),tensor(0.0368)
4226,4226,tensor(0.0832),tensor(0.0266),tensor(0.0368)
4227,4227,tensor(0.0832),tensor(0.0266),tensor(0.0368)
4228,4228,tensor(0.0832),tensor(0.0266),tensor(0.0368)
4229,4229,tensor(0.0832),tensor(0.0266),tensor(0.0368)
4230,4230,tensor(0.0832),tensor(0.0266),tensor(0.0368)
4231,4231,tensor(0.0832),tensor(0.0266),tensor(0.0368)
4232,4232,tensor(0.0832),tensor(0.0266),tensor(0.0368)
4233,4233,tensor(0.0832),tensor(0.0266),tensor(0.0368)
4234,4234,tensor(0.0832),tensor(0.0266),tensor(0.0368)
4235,4235,tensor(0.0832),tensor(0.0266),tensor(0.0368)
4236,4236,tensor(0.0832),tensor(0.0266),tensor(0.0368)
4237,4237,tensor(0.0832),tensor(0.0266),tensor(0.0368)
4238,4238,tensor(0.0832),tensor(0.0266),tensor(0.0368)
4239,4239,tensor(0.0832),tensor(0.0266),tensor(0.0368)
4240,4240,tensor(0.0832),tensor(0.0266),tensor(0.0368)
4241,4241,tensor(0.0832),tensor(0.0266),tensor(0.0368)
4242,4242,tensor(0.0832),tensor(0.0266),tensor(0.0367)
4243,4243,tensor(0.0831),tensor(0.0266),tensor(0.0367)
4244,4244,tensor(0.0831),tensor(0.0266),tensor(0.0367)
4245,4245,tensor(0.0831),tensor(0.0266),tensor(0.0367)
4246,4246,tensor(0.0831),tensor(0.0266),tensor(0.0367)
4247,4247,tensor(0.0831),tensor(0.0266),tensor(0.0367)
4248,4248,tensor(0.0831),tensor(0.0265),tensor(0.0367)
4249,4249,tensor(0.0831),tensor(0.0265),tensor(0.0367)
4250,4250,tensor(0.0831),tensor(0.0265),tensor(0.0367)
4251,4251,tensor(0.0831),tensor(0.0265),tensor(0.0367)
4252,4252,tensor(0.0831),tensor(0.0265),tensor(0.0367)
4253,4253,tensor(0.0831),tensor(0.0265),tensor(0.0367)
4254,4254,tensor(0.0831),tensor(0.0265),tensor(0.0367)
4255,4255,tensor(0.0831),tensor(0.0265),tensor(0.0367)
4256,4256,tensor(0.0831),tensor(0.0265),tensor(0.0367)
4257,4257,tensor(0.0831),tensor(0.0265),tensor(0.0367)
4258,4258,tensor(0.0831),tensor(0.0265),tensor(0.0367)
4259,4259,tensor(0.0831),tensor(0.0265),tensor(0.0367)
4260,4260,tensor(0.0831),tensor(0.0265),tensor(0.0367)
4261,4261,tensor(0.0831),tensor(0.0265),tensor(0.0367)
4262,4262,tensor(0.0831),tensor(0.0265),tensor(0.0367)
4263,4263,tensor(0.0831),tensor(0.0265),tensor(0.0367)
4264,4264,tensor(0.0831),tensor(0.0265),tensor(0.0367)
4265,4265,tensor(0.0831),tensor(0.0265),tensor(0.0367)
4266,4266,tensor(0.0831),tensor(0.0265),tensor(0.0367)
4267,4267,tensor(0.0831),tensor(0.0265),tensor(0.0367)
4268,4268,tensor(0.0831),tensor(0.0265),tensor(0.0367)
4269,4269,tensor(0.0831),tensor(0.0265),tensor(0.0367)
4270,4270,tensor(0.0831),tensor(0.0265),tensor(0.0367)
4271,4271,tensor(0.0831),tensor(0.0265),tensor(0.0367)
4272,4272,tensor(0.0831),tensor(0.0265),tensor(0.0367)
4273,4273,tensor(0.0831),tensor(0.0265),tensor(0.0367)
4274,4274,tensor(0.0831),tensor(0.0265),tensor(0.0367)
4275,4275,tensor(0.0831),tensor(0.0265),tensor(0.0367)
4276,4276,tensor(0.0831),tensor(0.0265),tensor(0.0367)
4277,4277,tensor(0.0831),tensor(0.0265),tensor(0.0367)
4278,4278,tensor(0.0831),tensor(0.0265),tensor(0.0367)
4279,4279,tensor(0.0830),tensor(0.0265),tensor(0.0367)
4280,4280,tensor(0.0830),tensor(0.0265),tensor(0.0367)
4281,4281,tensor(0.0830),tensor(0.0265),tensor(0.0367)
4282,4282,tensor(0.0830),tensor(0.0265),tensor(0.0367)
4283,4283,tensor(0.0830),tensor(0.0265),tensor(0.0366)
4284,4284,tensor(0.0830),tensor(0.0265),tensor(0.0366)
4285,4285,tensor(0.0830),tensor(0.0265),tensor(0.0366)
4286,4286,tensor(0.0830),tensor(0.0265),tensor(0.0366)
4287,4287,tensor(0.0830),tensor(0.0265),tensor(0.0366)
4288,4288,tensor(0.0830),tensor(0.0265),tensor(0.0366)
4289,4289,tensor(0.0830),tensor(0.0265),tensor(0.0366)
4290,4290,tensor(0.0830),tensor(0.0264),tensor(0.0366)
4291,4291,tensor(0.0830),tensor(0.0264),tensor(0.0366)
4292,4292,tensor(0.0830),tensor(0.0264),tensor(0.0366)
4293,4293,tensor(0.0830),tensor(0.0264),tensor(0.0366)
4294,4294,tensor(0.0830),tensor(0.0264),tensor(0.0366)
4295,4295,tensor(0.0830),tensor(0.0264),tensor(0.0366)
4296,4296,tensor(0.0830),tensor(0.0264),tensor(0.0366)
4297,4297,tensor(0.0830),tensor(0.0264),tensor(0.0366)
4298,4298,tensor(0.0830),tensor(0.0264),tensor(0.0366)
4299,4299,tensor(0.0830),tensor(0.0264),tensor(0.0366)
4300,4300,tensor(0.0830),tensor(0.0264),tensor(0.0366)
4301,4301,tensor(0.0830),tensor(0.0264),tensor(0.0366)
4302,4302,tensor(0.0830),tensor(0.0264),tensor(0.0366)
4303,4303,tensor(0.0830),tensor(0.0264),tensor(0.0366)
4304,4304,tensor(0.0830),tensor(0.0264),tensor(0.0366)
4305,4305,tensor(0.0830),tensor(0.0264),tensor(0.0366)
4306,4306,tensor(0.0830),tensor(0.0264),tensor(0.0366)
4307,4307,tensor(0.0830),tensor(0.0264),tensor(0.0366)
4308,4308,tensor(0.0830),tensor(0.0264),tensor(0.0366)
4309,4309,tensor(0.0830),tensor(0.0264),tensor(0.0366)
4310,4310,tensor(0.0830),tensor(0.0264),tensor(0.0366)
4311,4311,tensor(0.0830),tensor(0.0264),tensor(0.0366)
4312,4312,tensor(0.0830),tensor(0.0264),tensor(0.0366)
4313,4313,tensor(0.0830),tensor(0.0264),tensor(0.0366)
4314,4314,tensor(0.0829),tensor(0.0264),tensor(0.0366)
4315,4315,tensor(0.0829),tensor(0.0264),tensor(0.0366)
4316,4316,tensor(0.0829),tensor(0.0264),tensor(0.0366)
4317,4317,tensor(0.0829),tensor(0.0264),tensor(0.0366)
4318,4318,tensor(0.0829),tensor(0.0264),tensor(0.0366)
4319,4319,tensor(0.0829),tensor(0.0264),tensor(0.0366)
4320,4320,tensor(0.0829),tensor(0.0264),tensor(0.0366)
4321,4321,tensor(0.0829),tensor(0.0264),tensor(0.0366)
4322,4322,tensor(0.0829),tensor(0.0264),tensor(0.0366)
4323,4323,tensor(0.0829),tensor(0.0264),tensor(0.0366)
4324,4324,tensor(0.0829),tensor(0.0264),tensor(0.0365)
4325,4325,tensor(0.0829),tensor(0.0264),tensor(0.0365)
4326,4326,tensor(0.0829),tensor(0.0264),tensor(0.0365)
4327,4327,tensor(0.0829),tensor(0.0264),tensor(0.0365)
4328,4328,tensor(0.0829),tensor(0.0264),tensor(0.0365)
4329,4329,tensor(0.0829),tensor(0.0264),tensor(0.0365)
4330,4330,tensor(0.0829),tensor(0.0264),tensor(0.0365)
4331,4331,tensor(0.0829),tensor(0.0263),tensor(0.0365)
4332,4332,tensor(0.0829),tensor(0.0263),tensor(0.0365)
4333,4333,tensor(0.0829),tensor(0.0263),tensor(0.0365)
4334,4334,tensor(0.0829),tensor(0.0263),tensor(0.0365)
4335,4335,tensor(0.0829),tensor(0.0263),tensor(0.0365)
4336,4336,tensor(0.0829),tensor(0.0263),tensor(0.0365)
4337,4337,tensor(0.0829),tensor(0.0263),tensor(0.0365)
4338,4338,tensor(0.0829),tensor(0.0263),tensor(0.0365)
4339,4339,tensor(0.0829),tensor(0.0263),tensor(0.0365)
4340,4340,tensor(0.0829),tensor(0.0263),tensor(0.0365)
4341,4341,tensor(0.0829),tensor(0.0263),tensor(0.0365)
4342,4342,tensor(0.0829),tensor(0.0263),tensor(0.0365)
4343,4343,tensor(0.0829),tensor(0.0263),tensor(0.0365)
4344,4344,tensor(0.0829),tensor(0.0263),tensor(0.0365)
4345,4345,tensor(0.0829),tensor(0.0263),tensor(0.0365)
4346,4346,tensor(0.0829),tensor(0.0263),tensor(0.0365)
4347,4347,tensor(0.0829),tensor(0.0263),tensor(0.0365)
4348,4348,tensor(0.0829),tensor(0.0263),tensor(0.0365)
4349,4349,tensor(0.0829),tensor(0.0263),tensor(0.0365)
4350,4350,tensor(0.0829),tensor(0.0263),tensor(0.0365)
4351,4351,tensor(0.0828),tensor(0.0263),tensor(0.0365)
4352,4352,tensor(0.0828),tensor(0.0263),tensor(0.0365)
4353,4353,tensor(0.0828),tensor(0.0263),tensor(0.0365)
4354,4354,tensor(0.0828),tensor(0.0263),tensor(0.0365)
4355,4355,tensor(0.0828),tensor(0.0263),tensor(0.0365)
4356,4356,tensor(0.0828),tensor(0.0263),tensor(0.0365)
4357,4357,tensor(0.0828),tensor(0.0263),tensor(0.0365)
4358,4358,tensor(0.0828),tensor(0.0263),tensor(0.0365)
4359,4359,tensor(0.0828),tensor(0.0263),tensor(0.0365)
4360,4360,tensor(0.0828),tensor(0.0263),tensor(0.0365)
4361,4361,tensor(0.0828),tensor(0.0263),tensor(0.0365)
4362,4362,tensor(0.0828),tensor(0.0263),tensor(0.0365)
4363,4363,tensor(0.0828),tensor(0.0263),tensor(0.0365)
4364,4364,tensor(0.0828),tensor(0.0263),tensor(0.0365)
4365,4365,tensor(0.0828),tensor(0.0263),tensor(0.0365)
4366,4366,tensor(0.0828),tensor(0.0263),tensor(0.0364)
4367,4367,tensor(0.0828),tensor(0.0263),tensor(0.0364)
4368,4368,tensor(0.0828),tensor(0.0263),tensor(0.0364)
4369,4369,tensor(0.0828),tensor(0.0263),tensor(0.0364)
4370,4370,tensor(0.0828),tensor(0.0263),tensor(0.0364)
4371,4371,tensor(0.0828),tensor(0.0263),tensor(0.0364)
4372,4372,tensor(0.0828),tensor(0.0263),tensor(0.0364)
4373,4373,tensor(0.0828),tensor(0.0262),tensor(0.0364)
4374,4374,tensor(0.0828),tensor(0.0262),tensor(0.0364)
4375,4375,tensor(0.0828),tensor(0.0262),tensor(0.0364)
4376,4376,tensor(0.0828),tensor(0.0262),tensor(0.0364)
4377,4377,tensor(0.0828),tensor(0.0262),tensor(0.0364)
4378,4378,tensor(0.0828),tensor(0.0262),tensor(0.0364)
4379,4379,tensor(0.0828),tensor(0.0262),tensor(0.0364)
4380,4380,tensor(0.0828),tensor(0.0262),tensor(0.0364)
4381,4381,tensor(0.0828),tensor(0.0262),tensor(0.0364)
4382,4382,tensor(0.0828),tensor(0.0262),tensor(0.0364)
4383,4383,tensor(0.0828),tensor(0.0262),tensor(0.0364)
4384,4384,tensor(0.0828),tensor(0.0262),tensor(0.0364)
4385,4385,tensor(0.0828),tensor(0.0262),tensor(0.0364)
4386,4386,tensor(0.0828),tensor(0.0262),tensor(0.0364)
4387,4387,tensor(0.0828),tensor(0.0262),tensor(0.0364)
4388,4388,tensor(0.0828),tensor(0.0262),tensor(0.0364)
4389,4389,tensor(0.0828),tensor(0.0262),tensor(0.0364)
4390,4390,tensor(0.0827),tensor(0.0262),tensor(0.0364)
4391,4391,tensor(0.0827),tensor(0.0262),tensor(0.0364)
4392,4392,tensor(0.0827),tensor(0.0262),tensor(0.0364)
4393,4393,tensor(0.0827),tensor(0.0262),tensor(0.0364)
4394,4394,tensor(0.0827),tensor(0.0262),tensor(0.0364)
4395,4395,tensor(0.0827),tensor(0.0262),tensor(0.0364)
4396,4396,tensor(0.0827),tensor(0.0262),tensor(0.0364)
4397,4397,tensor(0.0827),tensor(0.0262),tensor(0.0364)
4398,4398,tensor(0.0827),tensor(0.0262),tensor(0.0364)
4399,4399,tensor(0.0827),tensor(0.0262),tensor(0.0364)
4400,4400,tensor(0.0827),tensor(0.0262),tensor(0.0364)
4401,4401,tensor(0.0827),tensor(0.0262),tensor(0.0364)
4402,4402,tensor(0.0827),tensor(0.0262),tensor(0.0364)
4403,4403,tensor(0.0827),tensor(0.0262),tensor(0.0364)
4404,4404,tensor(0.0827),tensor(0.0262),tensor(0.0364)
4405,4405,tensor(0.0827),tensor(0.0262),tensor(0.0364)
4406,4406,tensor(0.0827),tensor(0.0262),tensor(0.0364)
4407,4407,tensor(0.0827),tensor(0.0262),tensor(0.0364)
4408,4408,tensor(0.0827),tensor(0.0262),tensor(0.0364)
4409,4409,tensor(0.0827),tensor(0.0262),tensor(0.0363)
4410,4410,tensor(0.0827),tensor(0.0262),tensor(0.0363)
4411,4411,tensor(0.0827),tensor(0.0262),tensor(0.0363)
4412,4412,tensor(0.0827),tensor(0.0262),tensor(0.0363)
4413,4413,tensor(0.0827),tensor(0.0262),tensor(0.0363)
4414,4414,tensor(0.0827),tensor(0.0262),tensor(0.0363)
4415,4415,tensor(0.0827),tensor(0.0262),tensor(0.0363)
4416,4416,tensor(0.0827),tensor(0.0261),tensor(0.0363)
4417,4417,tensor(0.0827),tensor(0.0261),tensor(0.0363)
4418,4418,tensor(0.0827),tensor(0.0261),tensor(0.0363)
4419,4419,tensor(0.0827),tensor(0.0261),tensor(0.0363)
4420,4420,tensor(0.0827),tensor(0.0261),tensor(0.0363)
4421,4421,tensor(0.0827),tensor(0.0261),tensor(0.0363)
4422,4422,tensor(0.0827),tensor(0.0261),tensor(0.0363)
4423,4423,tensor(0.0827),tensor(0.0261),tensor(0.0363)
4424,4424,tensor(0.0827),tensor(0.0261),tensor(0.0363)
4425,4425,tensor(0.0827),tensor(0.0261),tensor(0.0363)
4426,4426,tensor(0.0827),tensor(0.0261),tensor(0.0363)
4427,4427,tensor(0.0827),tensor(0.0261),tensor(0.0363)
4428,4428,tensor(0.0827),tensor(0.0261),tensor(0.0363)
4429,4429,tensor(0.0826),tensor(0.0261),tensor(0.0363)
4430,4430,tensor(0.0826),tensor(0.0261),tensor(0.0363)
4431,4431,tensor(0.0826),tensor(0.0261),tensor(0.0363)
4432,4432,tensor(0.0826),tensor(0.0261),tensor(0.0363)
4433,4433,tensor(0.0826),tensor(0.0261),tensor(0.0363)
4434,4434,tensor(0.0826),tensor(0.0261),tensor(0.0363)
4435,4435,tensor(0.0826),tensor(0.0261),tensor(0.0363)
4436,4436,tensor(0.0826),tensor(0.0261),tensor(0.0363)
4437,4437,tensor(0.0826),tensor(0.0261),tensor(0.0363)
4438,4438,tensor(0.0826),tensor(0.0261),tensor(0.0363)
4439,4439,tensor(0.0826),tensor(0.0261),tensor(0.0363)
4440,4440,tensor(0.0826),tensor(0.0261),tensor(0.0363)
4441,4441,tensor(0.0826),tensor(0.0261),tensor(0.0363)
4442,4442,tensor(0.0826),tensor(0.0261),tensor(0.0363)
4443,4443,tensor(0.0826),tensor(0.0261),tensor(0.0363)
4444,4444,tensor(0.0826),tensor(0.0261),tensor(0.0363)
4445,4445,tensor(0.0826),tensor(0.0261),tensor(0.0363)
4446,4446,tensor(0.0826),tensor(0.0261),tensor(0.0363)
4447,4447,tensor(0.0826),tensor(0.0261),tensor(0.0363)
4448,4448,tensor(0.0826),tensor(0.0261),tensor(0.0363)
4449,4449,tensor(0.0826),tensor(0.0261),tensor(0.0363)
4450,4450,tensor(0.0826),tensor(0.0261),tensor(0.0363)
4451,4451,tensor(0.0826),tensor(0.0261),tensor(0.0362)
4452,4452,tensor(0.0826),tensor(0.0261),tensor(0.0362)
4453,4453,tensor(0.0826),tensor(0.0261),tensor(0.0362)
4454,4454,tensor(0.0826),tensor(0.0261),tensor(0.0362)
4455,4455,tensor(0.0826),tensor(0.0261),tensor(0.0362)
4456,4456,tensor(0.0826),tensor(0.0261),tensor(0.0362)
4457,4457,tensor(0.0826),tensor(0.0261),tensor(0.0362)
4458,4458,tensor(0.0826),tensor(0.0261),tensor(0.0362)
4459,4459,tensor(0.0826),tensor(0.0260),tensor(0.0362)
4460,4460,tensor(0.0826),tensor(0.0260),tensor(0.0362)
4461,4461,tensor(0.0826),tensor(0.0260),tensor(0.0362)
4462,4462,tensor(0.0826),tensor(0.0260),tensor(0.0362)
4463,4463,tensor(0.0826),tensor(0.0260),tensor(0.0362)
4464,4464,tensor(0.0826),tensor(0.0260),tensor(0.0362)
4465,4465,tensor(0.0826),tensor(0.0260),tensor(0.0362)
4466,4466,tensor(0.0826),tensor(0.0260),tensor(0.0362)
4467,4467,tensor(0.0826),tensor(0.0260),tensor(0.0362)
4468,4468,tensor(0.0826),tensor(0.0260),tensor(0.0362)
4469,4469,tensor(0.0826),tensor(0.0260),tensor(0.0362)
4470,4470,tensor(0.0825),tensor(0.0260),tensor(0.0362)
4471,4471,tensor(0.0825),tensor(0.0260),tensor(0.0362)
4472,4472,tensor(0.0825),tensor(0.0260),tensor(0.0362)
4473,4473,tensor(0.0825),tensor(0.0260),tensor(0.0362)
4474,4474,tensor(0.0825),tensor(0.0260),tensor(0.0362)
4475,4475,tensor(0.0825),tensor(0.0260),tensor(0.0362)
4476,4476,tensor(0.0825),tensor(0.0260),tensor(0.0362)
4477,4477,tensor(0.0825),tensor(0.0260),tensor(0.0362)
4478,4478,tensor(0.0825),tensor(0.0260),tensor(0.0362)
4479,4479,tensor(0.0825),tensor(0.0260),tensor(0.0362)
4480,4480,tensor(0.0825),tensor(0.0260),tensor(0.0362)
4481,4481,tensor(0.0825),tensor(0.0260),tensor(0.0362)
4482,4482,tensor(0.0825),tensor(0.0260),tensor(0.0362)
4483,4483,tensor(0.0825),tensor(0.0260),tensor(0.0362)
4484,4484,tensor(0.0825),tensor(0.0260),tensor(0.0362)
4485,4485,tensor(0.0825),tensor(0.0260),tensor(0.0362)
4486,4486,tensor(0.0825),tensor(0.0260),tensor(0.0362)
4487,4487,tensor(0.0825),tensor(0.0260),tensor(0.0362)
4488,4488,tensor(0.0825),tensor(0.0260),tensor(0.0362)
4489,4489,tensor(0.0825),tensor(0.0260),tensor(0.0362)
4490,4490,tensor(0.0825),tensor(0.0260),tensor(0.0362)
4491,4491,tensor(0.0825),tensor(0.0260),tensor(0.0362)
4492,4492,tensor(0.0825),tensor(0.0260),tensor(0.0362)
4493,4493,tensor(0.0825),tensor(0.0260),tensor(0.0362)
4494,4494,tensor(0.0825),tensor(0.0260),tensor(0.0362)
4495,4495,tensor(0.0825),tensor(0.0260),tensor(0.0361)
4496,4496,tensor(0.0825),tensor(0.0260),tensor(0.0361)
4497,4497,tensor(0.0825),tensor(0.0260),tensor(0.0361)
4498,4498,tensor(0.0825),tensor(0.0260),tensor(0.0361)
4499,4499,tensor(0.0825),tensor(0.0260),tensor(0.0361)
4500,4500,tensor(0.0825),tensor(0.0260),tensor(0.0361)
4501,4501,tensor(0.0825),tensor(0.0260),tensor(0.0361)
4502,4502,tensor(0.0825),tensor(0.0259),tensor(0.0361)
4503,4503,tensor(0.0825),tensor(0.0259),tensor(0.0361)
4504,4504,tensor(0.0825),tensor(0.0259),tensor(0.0361)
4505,4505,tensor(0.0825),tensor(0.0259),tensor(0.0361)
4506,4506,tensor(0.0825),tensor(0.0259),tensor(0.0361)
4507,4507,tensor(0.0825),tensor(0.0259),tensor(0.0361)
4508,4508,tensor(0.0825),tensor(0.0259),tensor(0.0361)
4509,4509,tensor(0.0825),tensor(0.0259),tensor(0.0361)
4510,4510,tensor(0.0825),tensor(0.0259),tensor(0.0361)
4511,4511,tensor(0.0825),tensor(0.0259),tensor(0.0361)
4512,4512,tensor(0.0824),tensor(0.0259),tensor(0.0361)
4513,4513,tensor(0.0824),tensor(0.0259),tensor(0.0361)
4514,4514,tensor(0.0824),tensor(0.0259),tensor(0.0361)
4515,4515,tensor(0.0824),tensor(0.0259),tensor(0.0361)
4516,4516,tensor(0.0824),tensor(0.0259),tensor(0.0361)
4517,4517,tensor(0.0824),tensor(0.0259),tensor(0.0361)
4518,4518,tensor(0.0824),tensor(0.0259),tensor(0.0361)
4519,4519,tensor(0.0824),tensor(0.0259),tensor(0.0361)
4520,4520,tensor(0.0824),tensor(0.0259),tensor(0.0361)
4521,4521,tensor(0.0824),tensor(0.0259),tensor(0.0361)
4522,4522,tensor(0.0824),tensor(0.0259),tensor(0.0361)
4523,4523,tensor(0.0824),tensor(0.0259),tensor(0.0361)
4524,4524,tensor(0.0824),tensor(0.0259),tensor(0.0361)
4525,4525,tensor(0.0824),tensor(0.0259),tensor(0.0361)
4526,4526,tensor(0.0824),tensor(0.0259),tensor(0.0361)
4527,4527,tensor(0.0824),tensor(0.0259),tensor(0.0361)
4528,4528,tensor(0.0824),tensor(0.0259),tensor(0.0361)
4529,4529,tensor(0.0824),tensor(0.0259),tensor(0.0361)
4530,4530,tensor(0.0824),tensor(0.0259),tensor(0.0361)
4531,4531,tensor(0.0824),tensor(0.0259),tensor(0.0361)
4532,4532,tensor(0.0824),tensor(0.0259),tensor(0.0361)
4533,4533,tensor(0.0824),tensor(0.0259),tensor(0.0361)
4534,4534,tensor(0.0824),tensor(0.0259),tensor(0.0361)
4535,4535,tensor(0.0824),tensor(0.0259),tensor(0.0361)
4536,4536,tensor(0.0824),tensor(0.0259),tensor(0.0361)
4537,4537,tensor(0.0824),tensor(0.0259),tensor(0.0361)
4538,4538,tensor(0.0824),tensor(0.0259),tensor(0.0360)
4539,4539,tensor(0.0824),tensor(0.0259),tensor(0.0360)
4540,4540,tensor(0.0824),tensor(0.0259),tensor(0.0360)
4541,4541,tensor(0.0824),tensor(0.0259),tensor(0.0360)
4542,4542,tensor(0.0824),tensor(0.0259),tensor(0.0360)
4543,4543,tensor(0.0824),tensor(0.0259),tensor(0.0360)
4544,4544,tensor(0.0824),tensor(0.0259),tensor(0.0360)
4545,4545,tensor(0.0824),tensor(0.0259),tensor(0.0360)
4546,4546,tensor(0.0824),tensor(0.0258),tensor(0.0360)
4547,4547,tensor(0.0824),tensor(0.0258),tensor(0.0360)
4548,4548,tensor(0.0824),tensor(0.0258),tensor(0.0360)
4549,4549,tensor(0.0824),tensor(0.0258),tensor(0.0360)
4550,4550,tensor(0.0824),tensor(0.0258),tensor(0.0360)
4551,4551,tensor(0.0824),tensor(0.0258),tensor(0.0360)
4552,4552,tensor(0.0824),tensor(0.0258),tensor(0.0360)
4553,4553,tensor(0.0824),tensor(0.0258),tensor(0.0360)
4554,4554,tensor(0.0824),tensor(0.0258),tensor(0.0360)
4555,4555,tensor(0.0823),tensor(0.0258),tensor(0.0360)
4556,4556,tensor(0.0823),tensor(0.0258),tensor(0.0360)
4557,4557,tensor(0.0823),tensor(0.0258),tensor(0.0360)
4558,4558,tensor(0.0823),tensor(0.0258),tensor(0.0360)
4559,4559,tensor(0.0823),tensor(0.0258),tensor(0.0360)
4560,4560,tensor(0.0823),tensor(0.0258),tensor(0.0360)
4561,4561,tensor(0.0823),tensor(0.0258),tensor(0.0360)
4562,4562,tensor(0.0823),tensor(0.0258),tensor(0.0360)
4563,4563,tensor(0.0823),tensor(0.0258),tensor(0.0360)
4564,4564,tensor(0.0823),tensor(0.0258),tensor(0.0360)
4565,4565,tensor(0.0823),tensor(0.0258),tensor(0.0360)
4566,4566,tensor(0.0823),tensor(0.0258),tensor(0.0360)
4567,4567,tensor(0.0823),tensor(0.0258),tensor(0.0360)
4568,4568,tensor(0.0823),tensor(0.0258),tensor(0.0360)
4569,4569,tensor(0.0823),tensor(0.0258),tensor(0.0360)
4570,4570,tensor(0.0823),tensor(0.0258),tensor(0.0360)
4571,4571,tensor(0.0823),tensor(0.0258),tensor(0.0360)
4572,4572,tensor(0.0823),tensor(0.0258),tensor(0.0360)
4573,4573,tensor(0.0823),tensor(0.0258),tensor(0.0360)
4574,4574,tensor(0.0823),tensor(0.0258),tensor(0.0360)
4575,4575,tensor(0.0823),tensor(0.0258),tensor(0.0360)
4576,4576,tensor(0.0823),tensor(0.0258),tensor(0.0360)
4577,4577,tensor(0.0823),tensor(0.0258),tensor(0.0360)
4578,4578,tensor(0.0823),tensor(0.0258),tensor(0.0360)
4579,4579,tensor(0.0823),tensor(0.0258),tensor(0.0360)
4580,4580,tensor(0.0823),tensor(0.0258),tensor(0.0360)
4581,4581,tensor(0.0823),tensor(0.0258),tensor(0.0360)
4582,4582,tensor(0.0823),tensor(0.0258),tensor(0.0359)
4583,4583,tensor(0.0823),tensor(0.0258),tensor(0.0359)
4584,4584,tensor(0.0823),tensor(0.0258),tensor(0.0359)
4585,4585,tensor(0.0823),tensor(0.0258),tensor(0.0359)
4586,4586,tensor(0.0823),tensor(0.0258),tensor(0.0359)
4587,4587,tensor(0.0823),tensor(0.0258),tensor(0.0359)
4588,4588,tensor(0.0823),tensor(0.0258),tensor(0.0359)
4589,4589,tensor(0.0823),tensor(0.0258),tensor(0.0359)
4590,4590,tensor(0.0823),tensor(0.0258),tensor(0.0359)
4591,4591,tensor(0.0823),tensor(0.0257),tensor(0.0359)
4592,4592,tensor(0.0823),tensor(0.0257),tensor(0.0359)
4593,4593,tensor(0.0823),tensor(0.0257),tensor(0.0359)
4594,4594,tensor(0.0823),tensor(0.0257),tensor(0.0359)
4595,4595,tensor(0.0823),tensor(0.0257),tensor(0.0359)
4596,4596,tensor(0.0823),tensor(0.0257),tensor(0.0359)
4597,4597,tensor(0.0823),tensor(0.0257),tensor(0.0359)
4598,4598,tensor(0.0823),tensor(0.0257),tensor(0.0359)
4599,4599,tensor(0.0823),tensor(0.0257),tensor(0.0359)
4600,4600,tensor(0.0823),tensor(0.0257),tensor(0.0359)
4601,4601,tensor(0.0822),tensor(0.0257),tensor(0.0359)
4602,4602,tensor(0.0822),tensor(0.0257),tensor(0.0359)
4603,4603,tensor(0.0822),tensor(0.0257),tensor(0.0359)
4604,4604,tensor(0.0822),tensor(0.0257),tensor(0.0359)
4605,4605,tensor(0.0822),tensor(0.0257),tensor(0.0359)
4606,4606,tensor(0.0822),tensor(0.0257),tensor(0.0359)
4607,4607,tensor(0.0822),tensor(0.0257),tensor(0.0359)
4608,4608,tensor(0.0822),tensor(0.0257),tensor(0.0359)
4609,4609,tensor(0.0822),tensor(0.0257),tensor(0.0359)
4610,4610,tensor(0.0822),tensor(0.0257),tensor(0.0359)
4611,4611,tensor(0.0822),tensor(0.0257),tensor(0.0359)
4612,4612,tensor(0.0822),tensor(0.0257),tensor(0.0359)
4613,4613,tensor(0.0822),tensor(0.0257),tensor(0.0359)
4614,4614,tensor(0.0822),tensor(0.0257),tensor(0.0359)
4615,4615,tensor(0.0822),tensor(0.0257),tensor(0.0359)
4616,4616,tensor(0.0822),tensor(0.0257),tensor(0.0359)
4617,4617,tensor(0.0822),tensor(0.0257),tensor(0.0359)
4618,4618,tensor(0.0822),tensor(0.0257),tensor(0.0359)
4619,4619,tensor(0.0822),tensor(0.0257),tensor(0.0359)
4620,4620,tensor(0.0822),tensor(0.0257),tensor(0.0359)
4621,4621,tensor(0.0822),tensor(0.0257),tensor(0.0359)
4622,4622,tensor(0.0822),tensor(0.0257),tensor(0.0359)
4623,4623,tensor(0.0822),tensor(0.0257),tensor(0.0359)
4624,4624,tensor(0.0822),tensor(0.0257),tensor(0.0359)
4625,4625,tensor(0.0822),tensor(0.0257),tensor(0.0359)
4626,4626,tensor(0.0822),tensor(0.0257),tensor(0.0359)
4627,4627,tensor(0.0822),tensor(0.0257),tensor(0.0358)
4628,4628,tensor(0.0822),tensor(0.0257),tensor(0.0358)
4629,4629,tensor(0.0822),tensor(0.0257),tensor(0.0358)
4630,4630,tensor(0.0822),tensor(0.0257),tensor(0.0358)
4631,4631,tensor(0.0822),tensor(0.0257),tensor(0.0358)
4632,4632,tensor(0.0822),tensor(0.0257),tensor(0.0358)
4633,4633,tensor(0.0822),tensor(0.0257),tensor(0.0358)
4634,4634,tensor(0.0822),tensor(0.0257),tensor(0.0358)
4635,4635,tensor(0.0822),tensor(0.0257),tensor(0.0358)
4636,4636,tensor(0.0822),tensor(0.0256),tensor(0.0358)
4637,4637,tensor(0.0822),tensor(0.0256),tensor(0.0358)
4638,4638,tensor(0.0822),tensor(0.0256),tensor(0.0358)
4639,4639,tensor(0.0822),tensor(0.0256),tensor(0.0358)
4640,4640,tensor(0.0822),tensor(0.0256),tensor(0.0358)
4641,4641,tensor(0.0822),tensor(0.0256),tensor(0.0358)
4642,4642,tensor(0.0822),tensor(0.0256),tensor(0.0358)
4643,4643,tensor(0.0822),tensor(0.0256),tensor(0.0358)
4644,4644,tensor(0.0822),tensor(0.0256),tensor(0.0358)
4645,4645,tensor(0.0822),tensor(0.0256),tensor(0.0358)
4646,4646,tensor(0.0822),tensor(0.0256),tensor(0.0358)
4647,4647,tensor(0.0822),tensor(0.0256),tensor(0.0358)
4648,4648,tensor(0.0821),tensor(0.0256),tensor(0.0358)
4649,4649,tensor(0.0821),tensor(0.0256),tensor(0.0358)
4650,4650,tensor(0.0821),tensor(0.0256),tensor(0.0358)
4651,4651,tensor(0.0821),tensor(0.0256),tensor(0.0358)
4652,4652,tensor(0.0821),tensor(0.0256),tensor(0.0358)
4653,4653,tensor(0.0821),tensor(0.0256),tensor(0.0358)
4654,4654,tensor(0.0821),tensor(0.0256),tensor(0.0358)
4655,4655,tensor(0.0821),tensor(0.0256),tensor(0.0358)
4656,4656,tensor(0.0821),tensor(0.0256),tensor(0.0358)
4657,4657,tensor(0.0821),tensor(0.0256),tensor(0.0358)
4658,4658,tensor(0.0821),tensor(0.0256),tensor(0.0358)
4659,4659,tensor(0.0821),tensor(0.0256),tensor(0.0358)
4660,4660,tensor(0.0821),tensor(0.0256),tensor(0.0358)
4661,4661,tensor(0.0821),tensor(0.0256),tensor(0.0358)
4662,4662,tensor(0.0821),tensor(0.0256),tensor(0.0358)
4663,4663,tensor(0.0821),tensor(0.0256),tensor(0.0358)
4664,4664,tensor(0.0821),tensor(0.0256),tensor(0.0358)
4665,4665,tensor(0.0821),tensor(0.0256),tensor(0.0358)
4666,4666,tensor(0.0821),tensor(0.0256),tensor(0.0358)
4667,4667,tensor(0.0821),tensor(0.0256),tensor(0.0358)
4668,4668,tensor(0.0821),tensor(0.0256),tensor(0.0358)
4669,4669,tensor(0.0821),tensor(0.0256),tensor(0.0358)
4670,4670,tensor(0.0821),tensor(0.0256),tensor(0.0358)
4671,4671,tensor(0.0821),tensor(0.0256),tensor(0.0358)
4672,4672,tensor(0.0821),tensor(0.0256),tensor(0.0357)
4673,4673,tensor(0.0821),tensor(0.0256),tensor(0.0357)
4674,4674,tensor(0.0821),tensor(0.0256),tensor(0.0357)
4675,4675,tensor(0.0821),tensor(0.0256),tensor(0.0357)
4676,4676,tensor(0.0821),tensor(0.0256),tensor(0.0357)
4677,4677,tensor(0.0821),tensor(0.0256),tensor(0.0357)
4678,4678,tensor(0.0821),tensor(0.0256),tensor(0.0357)
4679,4679,tensor(0.0821),tensor(0.0256),tensor(0.0357)
4680,4680,tensor(0.0821),tensor(0.0256),tensor(0.0357)
4681,4681,tensor(0.0821),tensor(0.0255),tensor(0.0357)
4682,4682,tensor(0.0821),tensor(0.0255),tensor(0.0357)
4683,4683,tensor(0.0821),tensor(0.0255),tensor(0.0357)
4684,4684,tensor(0.0821),tensor(0.0255),tensor(0.0357)
4685,4685,tensor(0.0821),tensor(0.0255),tensor(0.0357)
4686,4686,tensor(0.0821),tensor(0.0255),tensor(0.0357)
4687,4687,tensor(0.0821),tensor(0.0255),tensor(0.0357)
4688,4688,tensor(0.0821),tensor(0.0255),tensor(0.0357)
4689,4689,tensor(0.0821),tensor(0.0255),tensor(0.0357)
4690,4690,tensor(0.0821),tensor(0.0255),tensor(0.0357)
4691,4691,tensor(0.0821),tensor(0.0255),tensor(0.0357)
4692,4692,tensor(0.0821),tensor(0.0255),tensor(0.0357)
4693,4693,tensor(0.0821),tensor(0.0255),tensor(0.0357)
4694,4694,tensor(0.0821),tensor(0.0255),tensor(0.0357)
4695,4695,tensor(0.0821),tensor(0.0255),tensor(0.0357)
4696,4696,tensor(0.0821),tensor(0.0255),tensor(0.0357)
4697,4697,tensor(0.0821),tensor(0.0255),tensor(0.0357)
4698,4698,tensor(0.0820),tensor(0.0255),tensor(0.0357)
4699,4699,tensor(0.0820),tensor(0.0255),tensor(0.0357)
4700,4700,tensor(0.0820),tensor(0.0255),tensor(0.0357)
4701,4701,tensor(0.0820),tensor(0.0255),tensor(0.0357)
4702,4702,tensor(0.0820),tensor(0.0255),tensor(0.0357)
4703,4703,tensor(0.0820),tensor(0.0255),tensor(0.0357)
4704,4704,tensor(0.0820),tensor(0.0255),tensor(0.0357)
4705,4705,tensor(0.0820),tensor(0.0255),tensor(0.0357)
4706,4706,tensor(0.0820),tensor(0.0255),tensor(0.0357)
4707,4707,tensor(0.0820),tensor(0.0255),tensor(0.0357)
4708,4708,tensor(0.0820),tensor(0.0255),tensor(0.0357)
4709,4709,tensor(0.0820),tensor(0.0255),tensor(0.0357)
4710,4710,tensor(0.0820),tensor(0.0255),tensor(0.0357)
4711,4711,tensor(0.0820),tensor(0.0255),tensor(0.0357)
4712,4712,tensor(0.0820),tensor(0.0255),tensor(0.0357)
4713,4713,tensor(0.0820),tensor(0.0255),tensor(0.0357)
4714,4714,tensor(0.0820),tensor(0.0255),tensor(0.0357)
4715,4715,tensor(0.0820),tensor(0.0255),tensor(0.0357)
4716,4716,tensor(0.0820),tensor(0.0255),tensor(0.0357)
4717,4717,tensor(0.0820),tensor(0.0255),tensor(0.0356)
4718,4718,tensor(0.0820),tensor(0.0255),tensor(0.0356)
4719,4719,tensor(0.0820),tensor(0.0255),tensor(0.0356)
4720,4720,tensor(0.0820),tensor(0.0255),tensor(0.0356)
4721,4721,tensor(0.0820),tensor(0.0255),tensor(0.0356)
4722,4722,tensor(0.0820),tensor(0.0255),tensor(0.0356)
4723,4723,tensor(0.0820),tensor(0.0255),tensor(0.0356)
4724,4724,tensor(0.0820),tensor(0.0255),tensor(0.0356)
4725,4725,tensor(0.0820),tensor(0.0255),tensor(0.0356)
4726,4726,tensor(0.0820),tensor(0.0255),tensor(0.0356)
4727,4727,tensor(0.0820),tensor(0.0254),tensor(0.0356)
4728,4728,tensor(0.0820),tensor(0.0254),tensor(0.0356)
4729,4729,tensor(0.0820),tensor(0.0254),tensor(0.0356)
4730,4730,tensor(0.0820),tensor(0.0254),tensor(0.0356)
4731,4731,tensor(0.0820),tensor(0.0254),tensor(0.0356)
4732,4732,tensor(0.0820),tensor(0.0254),tensor(0.0356)
4733,4733,tensor(0.0820),tensor(0.0254),tensor(0.0356)
4734,4734,tensor(0.0820),tensor(0.0254),tensor(0.0356)
4735,4735,tensor(0.0820),tensor(0.0254),tensor(0.0356)
4736,4736,tensor(0.0820),tensor(0.0254),tensor(0.0356)
4737,4737,tensor(0.0820),tensor(0.0254),tensor(0.0356)
4738,4738,tensor(0.0820),tensor(0.0254),tensor(0.0356)
4739,4739,tensor(0.0820),tensor(0.0254),tensor(0.0356)
4740,4740,tensor(0.0820),tensor(0.0254),tensor(0.0356)
4741,4741,tensor(0.0820),tensor(0.0254),tensor(0.0356)
4742,4742,tensor(0.0820),tensor(0.0254),tensor(0.0356)
4743,4743,tensor(0.0820),tensor(0.0254),tensor(0.0356)
4744,4744,tensor(0.0820),tensor(0.0254),tensor(0.0356)
4745,4745,tensor(0.0820),tensor(0.0254),tensor(0.0356)
4746,4746,tensor(0.0820),tensor(0.0254),tensor(0.0356)
4747,4747,tensor(0.0820),tensor(0.0254),tensor(0.0356)
4748,4748,tensor(0.0820),tensor(0.0254),tensor(0.0356)
4749,4749,tensor(0.0820),tensor(0.0254),tensor(0.0356)
4750,4750,tensor(0.0819),tensor(0.0254),tensor(0.0356)
4751,4751,tensor(0.0819),tensor(0.0254),tensor(0.0356)
4752,4752,tensor(0.0819),tensor(0.0254),tensor(0.0356)
4753,4753,tensor(0.0819),tensor(0.0254),tensor(0.0356)
4754,4754,tensor(0.0819),tensor(0.0254),tensor(0.0356)
4755,4755,tensor(0.0819),tensor(0.0254),tensor(0.0356)
4756,4756,tensor(0.0819),tensor(0.0254),tensor(0.0356)
4757,4757,tensor(0.0819),tensor(0.0254),tensor(0.0356)
4758,4758,tensor(0.0819),tensor(0.0254),tensor(0.0356)
4759,4759,tensor(0.0819),tensor(0.0254),tensor(0.0356)
4760,4760,tensor(0.0819),tensor(0.0254),tensor(0.0356)
4761,4761,tensor(0.0819),tensor(0.0254),tensor(0.0356)
4762,4762,tensor(0.0819),tensor(0.0254),tensor(0.0356)
4763,4763,tensor(0.0819),tensor(0.0254),tensor(0.0355)
4764,4764,tensor(0.0819),tensor(0.0254),tensor(0.0355)
4765,4765,tensor(0.0819),tensor(0.0254),tensor(0.0355)
4766,4766,tensor(0.0819),tensor(0.0254),tensor(0.0355)
4767,4767,tensor(0.0819),tensor(0.0254),tensor(0.0355)
4768,4768,tensor(0.0819),tensor(0.0254),tensor(0.0355)
4769,4769,tensor(0.0819),tensor(0.0254),tensor(0.0355)
4770,4770,tensor(0.0819),tensor(0.0254),tensor(0.0355)
4771,4771,tensor(0.0819),tensor(0.0254),tensor(0.0355)
4772,4772,tensor(0.0819),tensor(0.0254),tensor(0.0355)
4773,4773,tensor(0.0819),tensor(0.0253),tensor(0.0355)
4774,4774,tensor(0.0819),tensor(0.0253),tensor(0.0355)
4775,4775,tensor(0.0819),tensor(0.0253),tensor(0.0355)
4776,4776,tensor(0.0819),tensor(0.0253),tensor(0.0355)
4777,4777,tensor(0.0819),tensor(0.0253),tensor(0.0355)
4778,4778,tensor(0.0819),tensor(0.0253),tensor(0.0355)
4779,4779,tensor(0.0819),tensor(0.0253),tensor(0.0355)
4780,4780,tensor(0.0819),tensor(0.0253),tensor(0.0355)
4781,4781,tensor(0.0819),tensor(0.0253),tensor(0.0355)
4782,4782,tensor(0.0819),tensor(0.0253),tensor(0.0355)
4783,4783,tensor(0.0819),tensor(0.0253),tensor(0.0355)
4784,4784,tensor(0.0819),tensor(0.0253),tensor(0.0355)
4785,4785,tensor(0.0819),tensor(0.0253),tensor(0.0355)
4786,4786,tensor(0.0819),tensor(0.0253),tensor(0.0355)
4787,4787,tensor(0.0819),tensor(0.0253),tensor(0.0355)
4788,4788,tensor(0.0819),tensor(0.0253),tensor(0.0355)
4789,4789,tensor(0.0819),tensor(0.0253),tensor(0.0355)
4790,4790,tensor(0.0819),tensor(0.0253),tensor(0.0355)
4791,4791,tensor(0.0819),tensor(0.0253),tensor(0.0355)
4792,4792,tensor(0.0819),tensor(0.0253),tensor(0.0355)
4793,4793,tensor(0.0819),tensor(0.0253),tensor(0.0355)
4794,4794,tensor(0.0819),tensor(0.0253),tensor(0.0355)
4795,4795,tensor(0.0819),tensor(0.0253),tensor(0.0355)
4796,4796,tensor(0.0819),tensor(0.0253),tensor(0.0355)
4797,4797,tensor(0.0819),tensor(0.0253),tensor(0.0355)
4798,4798,tensor(0.0819),tensor(0.0253),tensor(0.0355)
4799,4799,tensor(0.0819),tensor(0.0253),tensor(0.0355)
4800,4800,tensor(0.0819),tensor(0.0253),tensor(0.0355)
4801,4801,tensor(0.0819),tensor(0.0253),tensor(0.0355)
4802,4802,tensor(0.0819),tensor(0.0253),tensor(0.0355)
4803,4803,tensor(0.0819),tensor(0.0253),tensor(0.0355)
4804,4804,tensor(0.0818),tensor(0.0253),tensor(0.0355)
4805,4805,tensor(0.0818),tensor(0.0253),tensor(0.0355)
4806,4806,tensor(0.0818),tensor(0.0253),tensor(0.0355)
4807,4807,tensor(0.0818),tensor(0.0253),tensor(0.0355)
4808,4808,tensor(0.0818),tensor(0.0253),tensor(0.0355)
4809,4809,tensor(0.0818),tensor(0.0253),tensor(0.0355)
4810,4810,tensor(0.0818),tensor(0.0253),tensor(0.0354)
4811,4811,tensor(0.0818),tensor(0.0253),tensor(0.0354)
4812,4812,tensor(0.0818),tensor(0.0253),tensor(0.0354)
4813,4813,tensor(0.0818),tensor(0.0253),tensor(0.0354)
4814,4814,tensor(0.0818),tensor(0.0253),tensor(0.0354)
4815,4815,tensor(0.0818),tensor(0.0253),tensor(0.0354)
4816,4816,tensor(0.0818),tensor(0.0253),tensor(0.0354)
4817,4817,tensor(0.0818),tensor(0.0253),tensor(0.0354)
4818,4818,tensor(0.0818),tensor(0.0253),tensor(0.0354)
4819,4819,tensor(0.0818),tensor(0.0253),tensor(0.0354)
4820,4820,tensor(0.0818),tensor(0.0253),tensor(0.0354)
4821,4821,tensor(0.0818),tensor(0.0252),tensor(0.0354)
4822,4822,tensor(0.0818),tensor(0.0252),tensor(0.0354)
4823,4823,tensor(0.0818),tensor(0.0252),tensor(0.0354)
4824,4824,tensor(0.0818),tensor(0.0252),tensor(0.0354)
4825,4825,tensor(0.0818),tensor(0.0252),tensor(0.0354)
4826,4826,tensor(0.0818),tensor(0.0252),tensor(0.0354)
4827,4827,tensor(0.0818),tensor(0.0252),tensor(0.0354)
4828,4828,tensor(0.0818),tensor(0.0252),tensor(0.0354)
4829,4829,tensor(0.0818),tensor(0.0252),tensor(0.0354)
4830,4830,tensor(0.0818),tensor(0.0252),tensor(0.0354)
4831,4831,tensor(0.0818),tensor(0.0252),tensor(0.0354)
4832,4832,tensor(0.0818),tensor(0.0252),tensor(0.0354)
4833,4833,tensor(0.0818),tensor(0.0252),tensor(0.0354)
4834,4834,tensor(0.0818),tensor(0.0252),tensor(0.0354)
4835,4835,tensor(0.0818),tensor(0.0252),tensor(0.0354)
4836,4836,tensor(0.0818),tensor(0.0252),tensor(0.0354)
4837,4837,tensor(0.0818),tensor(0.0252),tensor(0.0354)
4838,4838,tensor(0.0818),tensor(0.0252),tensor(0.0354)
4839,4839,tensor(0.0818),tensor(0.0252),tensor(0.0354)
4840,4840,tensor(0.0818),tensor(0.0252),tensor(0.0354)
4841,4841,tensor(0.0818),tensor(0.0252),tensor(0.0354)
4842,4842,tensor(0.0818),tensor(0.0252),tensor(0.0354)
4843,4843,tensor(0.0818),tensor(0.0252),tensor(0.0354)
4844,4844,tensor(0.0818),tensor(0.0252),tensor(0.0354)
4845,4845,tensor(0.0818),tensor(0.0252),tensor(0.0354)
4846,4846,tensor(0.0818),tensor(0.0252),tensor(0.0354)
4847,4847,tensor(0.0818),tensor(0.0252),tensor(0.0354)
4848,4848,tensor(0.0818),tensor(0.0252),tensor(0.0354)
4849,4849,tensor(0.0818),tensor(0.0252),tensor(0.0354)
4850,4850,tensor(0.0818),tensor(0.0252),tensor(0.0354)
4851,4851,tensor(0.0818),tensor(0.0252),tensor(0.0354)
4852,4852,tensor(0.0818),tensor(0.0252),tensor(0.0354)
4853,4853,tensor(0.0818),tensor(0.0252),tensor(0.0354)
4854,4854,tensor(0.0818),tensor(0.0252),tensor(0.0354)
4855,4855,tensor(0.0818),tensor(0.0252),tensor(0.0354)
4856,4856,tensor(0.0818),tensor(0.0252),tensor(0.0354)
4857,4857,tensor(0.0818),tensor(0.0252),tensor(0.0354)
4858,4858,tensor(0.0818),tensor(0.0252),tensor(0.0353)
4859,4859,tensor(0.0818),tensor(0.0252),tensor(0.0353)
4860,4860,tensor(0.0818),tensor(0.0252),tensor(0.0353)
4861,4861,tensor(0.0818),tensor(0.0252),tensor(0.0353)
4862,4862,tensor(0.0817),tensor(0.0252),tensor(0.0353)
4863,4863,tensor(0.0817),tensor(0.0252),tensor(0.0353)
4864,4864,tensor(0.0817),tensor(0.0252),tensor(0.0353)
4865,4865,tensor(0.0817),tensor(0.0252),tensor(0.0353)
4866,4866,tensor(0.0817),tensor(0.0252),tensor(0.0353)
4867,4867,tensor(0.0817),tensor(0.0252),tensor(0.0353)
4868,4868,tensor(0.0817),tensor(0.0251),tensor(0.0353)
4869,4869,tensor(0.0817),tensor(0.0251),tensor(0.0353)
4870,4870,tensor(0.0817),tensor(0.0251),tensor(0.0353)
4871,4871,tensor(0.0817),tensor(0.0251),tensor(0.0353)
4872,4872,tensor(0.0817),tensor(0.0251),tensor(0.0353)
4873,4873,tensor(0.0817),tensor(0.0251),tensor(0.0353)
4874,4874,tensor(0.0817),tensor(0.0251),tensor(0.0353)
4875,4875,tensor(0.0817),tensor(0.0251),tensor(0.0353)
4876,4876,tensor(0.0817),tensor(0.0251),tensor(0.0353)
4877,4877,tensor(0.0817),tensor(0.0251),tensor(0.0353)
4878,4878,tensor(0.0817),tensor(0.0251),tensor(0.0353)
4879,4879,tensor(0.0817),tensor(0.0251),tensor(0.0353)
4880,4880,tensor(0.0817),tensor(0.0251),tensor(0.0353)
4881,4881,tensor(0.0817),tensor(0.0251),tensor(0.0353)
4882,4882,tensor(0.0817),tensor(0.0251),tensor(0.0353)
4883,4883,tensor(0.0817),tensor(0.0251),tensor(0.0353)
4884,4884,tensor(0.0817),tensor(0.0251),tensor(0.0353)
4885,4885,tensor(0.0817),tensor(0.0251),tensor(0.0353)
4886,4886,tensor(0.0817),tensor(0.0251),tensor(0.0353)
4887,4887,tensor(0.0817),tensor(0.0251),tensor(0.0353)
4888,4888,tensor(0.0817),tensor(0.0251),tensor(0.0353)
4889,4889,tensor(0.0817),tensor(0.0251),tensor(0.0353)
4890,4890,tensor(0.0817),tensor(0.0251),tensor(0.0353)
4891,4891,tensor(0.0817),tensor(0.0251),tensor(0.0353)
4892,4892,tensor(0.0817),tensor(0.0251),tensor(0.0353)
4893,4893,tensor(0.0817),tensor(0.0251),tensor(0.0353)
4894,4894,tensor(0.0817),tensor(0.0251),tensor(0.0353)
4895,4895,tensor(0.0817),tensor(0.0251),tensor(0.0353)
4896,4896,tensor(0.0817),tensor(0.0251),tensor(0.0353)
4897,4897,tensor(0.0817),tensor(0.0251),tensor(0.0353)
4898,4898,tensor(0.0817),tensor(0.0251),tensor(0.0353)
4899,4899,tensor(0.0817),tensor(0.0251),tensor(0.0353)
4900,4900,tensor(0.0817),tensor(0.0251),tensor(0.0353)
4901,4901,tensor(0.0817),tensor(0.0251),tensor(0.0353)
4902,4902,tensor(0.0817),tensor(0.0251),tensor(0.0353)
4903,4903,tensor(0.0817),tensor(0.0251),tensor(0.0353)
4904,4904,tensor(0.0817),tensor(0.0251),tensor(0.0353)
4905,4905,tensor(0.0817),tensor(0.0251),tensor(0.0353)
4906,4906,tensor(0.0817),tensor(0.0251),tensor(0.0352)
4907,4907,tensor(0.0817),tensor(0.0251),tensor(0.0352)
4908,4908,tensor(0.0817),tensor(0.0251),tensor(0.0352)
4909,4909,tensor(0.0817),tensor(0.0251),tensor(0.0352)
4910,4910,tensor(0.0817),tensor(0.0251),tensor(0.0352)
4911,4911,tensor(0.0817),tensor(0.0251),tensor(0.0352)
4912,4912,tensor(0.0817),tensor(0.0251),tensor(0.0352)
4913,4913,tensor(0.0817),tensor(0.0251),tensor(0.0352)
4914,4914,tensor(0.0817),tensor(0.0251),tensor(0.0352)
4915,4915,tensor(0.0817),tensor(0.0251),tensor(0.0352)
4916,4916,tensor(0.0817),tensor(0.0251),tensor(0.0352)
4917,4917,tensor(0.0817),tensor(0.0250),tensor(0.0352)
4918,4918,tensor(0.0817),tensor(0.0250),tensor(0.0352)
4919,4919,tensor(0.0817),tensor(0.0250),tensor(0.0352)
4920,4920,tensor(0.0817),tensor(0.0250),tensor(0.0352)
4921,4921,tensor(0.0817),tensor(0.0250),tensor(0.0352)
4922,4922,tensor(0.0817),tensor(0.0250),tensor(0.0352)
4923,4923,tensor(0.0817),tensor(0.0250),tensor(0.0352)
4924,4924,tensor(0.0816),tensor(0.0250),tensor(0.0352)
4925,4925,tensor(0.0816),tensor(0.0250),tensor(0.0352)
4926,4926,tensor(0.0816),tensor(0.0250),tensor(0.0352)
4927,4927,tensor(0.0816),tensor(0.0250),tensor(0.0352)
4928,4928,tensor(0.0816),tensor(0.0250),tensor(0.0352)
4929,4929,tensor(0.0816),tensor(0.0250),tensor(0.0352)
4930,4930,tensor(0.0816),tensor(0.0250),tensor(0.0352)
4931,4931,tensor(0.0816),tensor(0.0250),tensor(0.0352)
4932,4932,tensor(0.0816),tensor(0.0250),tensor(0.0352)
4933,4933,tensor(0.0816),tensor(0.0250),tensor(0.0352)
4934,4934,tensor(0.0816),tensor(0.0250),tensor(0.0352)
4935,4935,tensor(0.0816),tensor(0.0250),tensor(0.0352)
4936,4936,tensor(0.0816),tensor(0.0250),tensor(0.0352)
4937,4937,tensor(0.0816),tensor(0.0250),tensor(0.0352)
4938,4938,tensor(0.0816),tensor(0.0250),tensor(0.0352)
4939,4939,tensor(0.0816),tensor(0.0250),tensor(0.0352)
4940,4940,tensor(0.0816),tensor(0.0250),tensor(0.0352)
4941,4941,tensor(0.0816),tensor(0.0250),tensor(0.0352)
4942,4942,tensor(0.0816),tensor(0.0250),tensor(0.0352)
4943,4943,tensor(0.0816),tensor(0.0250),tensor(0.0352)
4944,4944,tensor(0.0816),tensor(0.0250),tensor(0.0352)
4945,4945,tensor(0.0816),tensor(0.0250),tensor(0.0352)
4946,4946,tensor(0.0816),tensor(0.0250),tensor(0.0352)
4947,4947,tensor(0.0816),tensor(0.0250),tensor(0.0352)
4948,4948,tensor(0.0816),tensor(0.0250),tensor(0.0352)
4949,4949,tensor(0.0816),tensor(0.0250),tensor(0.0352)
4950,4950,tensor(0.0816),tensor(0.0250),tensor(0.0352)
4951,4951,tensor(0.0816),tensor(0.0250),tensor(0.0352)
4952,4952,tensor(0.0816),tensor(0.0250),tensor(0.0352)
4953,4953,tensor(0.0816),tensor(0.0250),tensor(0.0352)
4954,4954,tensor(0.0816),tensor(0.0250),tensor(0.0351)
4955,4955,tensor(0.0816),tensor(0.0250),tensor(0.0351)
4956,4956,tensor(0.0816),tensor(0.0250),tensor(0.0351)
4957,4957,tensor(0.0816),tensor(0.0250),tensor(0.0351)
4958,4958,tensor(0.0816),tensor(0.0250),tensor(0.0351)
4959,4959,tensor(0.0816),tensor(0.0250),tensor(0.0351)
4960,4960,tensor(0.0816),tensor(0.0250),tensor(0.0351)
4961,4961,tensor(0.0816),tensor(0.0250),tensor(0.0351)
4962,4962,tensor(0.0816),tensor(0.0250),tensor(0.0351)
4963,4963,tensor(0.0816),tensor(0.0250),tensor(0.0351)
4964,4964,tensor(0.0816),tensor(0.0250),tensor(0.0351)
4965,4965,tensor(0.0816),tensor(0.0250),tensor(0.0351)
4966,4966,tensor(0.0816),tensor(0.0249),tensor(0.0351)
4967,4967,tensor(0.0816),tensor(0.0249),tensor(0.0351)
4968,4968,tensor(0.0816),tensor(0.0249),tensor(0.0351)
4969,4969,tensor(0.0816),tensor(0.0249),tensor(0.0351)
4970,4970,tensor(0.0816),tensor(0.0249),tensor(0.0351)
4971,4971,tensor(0.0816),tensor(0.0249),tensor(0.0351)
4972,4972,tensor(0.0816),tensor(0.0249),tensor(0.0351)
4973,4973,tensor(0.0816),tensor(0.0249),tensor(0.0351)
4974,4974,tensor(0.0816),tensor(0.0249),tensor(0.0351)
4975,4975,tensor(0.0816),tensor(0.0249),tensor(0.0351)
4976,4976,tensor(0.0816),tensor(0.0249),tensor(0.0351)
4977,4977,tensor(0.0816),tensor(0.0249),tensor(0.0351)
4978,4978,tensor(0.0816),tensor(0.0249),tensor(0.0351)
4979,4979,tensor(0.0816),tensor(0.0249),tensor(0.0351)
4980,4980,tensor(0.0816),tensor(0.0249),tensor(0.0351)
4981,4981,tensor(0.0816),tensor(0.0249),tensor(0.0351)
4982,4982,tensor(0.0816),tensor(0.0249),tensor(0.0351)
4983,4983,tensor(0.0816),tensor(0.0249),tensor(0.0351)
4984,4984,tensor(0.0816),tensor(0.0249),tensor(0.0351)
4985,4985,tensor(0.0816),tensor(0.0249),tensor(0.0351)
4986,4986,tensor(0.0816),tensor(0.0249),tensor(0.0351)
4987,4987,tensor(0.0816),tensor(0.0249),tensor(0.0351)
4988,4988,tensor(0.0816),tensor(0.0249),tensor(0.0351)
4989,4989,tensor(0.0816),tensor(0.0249),tensor(0.0351)
4990,4990,tensor(0.0815),tensor(0.0249),tensor(0.0351)
4991,4991,tensor(0.0815),tensor(0.0249),tensor(0.0351)
4992,4992,tensor(0.0815),tensor(0.0249),tensor(0.0351)
4993,4993,tensor(0.0815),tensor(0.0249),tensor(0.0351)
4994,4994,tensor(0.0815),tensor(0.0249),tensor(0.0351)
4995,4995,tensor(0.0815),tensor(0.0249),tensor(0.0351)
4996,4996,tensor(0.0815),tensor(0.0249),tensor(0.0351)
4997,4997,tensor(0.0815),tensor(0.0249),tensor(0.0351)
4998,4998,tensor(0.0815),tensor(0.0249),tensor(0.0351)
4999,4999,tensor(0.0815),tensor(0.0249),tensor(0.0351)
5000,5000,tensor(0.0815),tensor(0.0249),tensor(0.0351)
5001,5001,tensor(0.0815),tensor(0.0249),tensor(0.0351)
5002,5002,tensor(0.0815),tensor(0.0249),tensor(0.0351)
5003,5003,tensor(0.0815),tensor(0.0249),tensor(0.0351)
5004,5004,tensor(0.0815),tensor(0.0249),tensor(0.0350)
5005,5005,tensor(0.0815),tensor(0.0249),tensor(0.0350)
5006,5006,tensor(0.0815),tensor(0.0249),tensor(0.0350)
5007,5007,tensor(0.0815),tensor(0.0249),tensor(0.0350)
5008,5008,tensor(0.0815),tensor(0.0249),tensor(0.0350)
5009,5009,tensor(0.0815),tensor(0.0249),tensor(0.0350)
5010,5010,tensor(0.0815),tensor(0.0249),tensor(0.0350)
5011,5011,tensor(0.0815),tensor(0.0249),tensor(0.0350)
5012,5012,tensor(0.0815),tensor(0.0249),tensor(0.0350)
5013,5013,tensor(0.0815),tensor(0.0249),tensor(0.0350)
5014,5014,tensor(0.0815),tensor(0.0249),tensor(0.0350)
5015,5015,tensor(0.0815),tensor(0.0249),tensor(0.0350)
5016,5016,tensor(0.0815),tensor(0.0248),tensor(0.0350)
5017,5017,tensor(0.0815),tensor(0.0248),tensor(0.0350)
5018,5018,tensor(0.0815),tensor(0.0248),tensor(0.0350)
5019,5019,tensor(0.0815),tensor(0.0248),tensor(0.0350)
5020,5020,tensor(0.0815),tensor(0.0248),tensor(0.0350)
5021,5021,tensor(0.0815),tensor(0.0248),tensor(0.0350)
5022,5022,tensor(0.0815),tensor(0.0248),tensor(0.0350)
5023,5023,tensor(0.0815),tensor(0.0248),tensor(0.0350)
5024,5024,tensor(0.0815),tensor(0.0248),tensor(0.0350)
5025,5025,tensor(0.0815),tensor(0.0248),tensor(0.0350)
5026,5026,tensor(0.0815),tensor(0.0248),tensor(0.0350)
5027,5027,tensor(0.0815),tensor(0.0248),tensor(0.0350)
5028,5028,tensor(0.0815),tensor(0.0248),tensor(0.0350)
5029,5029,tensor(0.0815),tensor(0.0248),tensor(0.0350)
5030,5030,tensor(0.0815),tensor(0.0248),tensor(0.0350)
5031,5031,tensor(0.0815),tensor(0.0248),tensor(0.0350)
5032,5032,tensor(0.0815),tensor(0.0248),tensor(0.0350)
5033,5033,tensor(0.0815),tensor(0.0248),tensor(0.0350)
5034,5034,tensor(0.0815),tensor(0.0248),tensor(0.0350)
5035,5035,tensor(0.0815),tensor(0.0248),tensor(0.0350)
5036,5036,tensor(0.0815),tensor(0.0248),tensor(0.0350)
5037,5037,tensor(0.0815),tensor(0.0248),tensor(0.0350)
5038,5038,tensor(0.0815),tensor(0.0248),tensor(0.0350)
5039,5039,tensor(0.0815),tensor(0.0248),tensor(0.0350)
5040,5040,tensor(0.0815),tensor(0.0248),tensor(0.0350)
5041,5041,tensor(0.0815),tensor(0.0248),tensor(0.0350)
5042,5042,tensor(0.0815),tensor(0.0248),tensor(0.0350)
5043,5043,tensor(0.0815),tensor(0.0248),tensor(0.0350)
5044,5044,tensor(0.0815),tensor(0.0248),tensor(0.0350)
5045,5045,tensor(0.0815),tensor(0.0248),tensor(0.0350)
5046,5046,tensor(0.0815),tensor(0.0248),tensor(0.0350)
5047,5047,tensor(0.0815),tensor(0.0248),tensor(0.0350)
5048,5048,tensor(0.0815),tensor(0.0248),tensor(0.0350)
5049,5049,tensor(0.0815),tensor(0.0248),tensor(0.0350)
5050,5050,tensor(0.0815),tensor(0.0248),tensor(0.0350)
5051,5051,tensor(0.0815),tensor(0.0248),tensor(0.0350)
5052,5052,tensor(0.0815),tensor(0.0248),tensor(0.0350)
5053,5053,tensor(0.0815),tensor(0.0248),tensor(0.0350)
5054,5054,tensor(0.0815),tensor(0.0248),tensor(0.0349)
5055,5055,tensor(0.0815),tensor(0.0248),tensor(0.0349)
5056,5056,tensor(0.0815),tensor(0.0248),tensor(0.0349)
5057,5057,tensor(0.0815),tensor(0.0248),tensor(0.0349)
5058,5058,tensor(0.0815),tensor(0.0248),tensor(0.0349)
5059,5059,tensor(0.0815),tensor(0.0248),tensor(0.0349)
5060,5060,tensor(0.0815),tensor(0.0248),tensor(0.0349)
5061,5061,tensor(0.0814),tensor(0.0248),tensor(0.0349)
5062,5062,tensor(0.0814),tensor(0.0248),tensor(0.0349)
5063,5063,tensor(0.0814),tensor(0.0248),tensor(0.0349)
5064,5064,tensor(0.0814),tensor(0.0248),tensor(0.0349)
5065,5065,tensor(0.0814),tensor(0.0248),tensor(0.0349)
5066,5066,tensor(0.0814),tensor(0.0248),tensor(0.0349)
5067,5067,tensor(0.0814),tensor(0.0247),tensor(0.0349)
5068,5068,tensor(0.0814),tensor(0.0247),tensor(0.0349)
5069,5069,tensor(0.0814),tensor(0.0247),tensor(0.0349)
5070,5070,tensor(0.0814),tensor(0.0247),tensor(0.0349)
5071,5071,tensor(0.0814),tensor(0.0247),tensor(0.0349)
5072,5072,tensor(0.0814),tensor(0.0247),tensor(0.0349)
5073,5073,tensor(0.0814),tensor(0.0247),tensor(0.0349)
5074,5074,tensor(0.0814),tensor(0.0247),tensor(0.0349)
5075,5075,tensor(0.0814),tensor(0.0247),tensor(0.0349)
5076,5076,tensor(0.0814),tensor(0.0247),tensor(0.0349)
5077,5077,tensor(0.0814),tensor(0.0247),tensor(0.0349)
5078,5078,tensor(0.0814),tensor(0.0247),tensor(0.0349)
5079,5079,tensor(0.0814),tensor(0.0247),tensor(0.0349)
5080,5080,tensor(0.0814),tensor(0.0247),tensor(0.0349)
5081,5081,tensor(0.0814),tensor(0.0247),tensor(0.0349)
5082,5082,tensor(0.0814),tensor(0.0247),tensor(0.0349)
5083,5083,tensor(0.0814),tensor(0.0247),tensor(0.0349)
5084,5084,tensor(0.0814),tensor(0.0247),tensor(0.0349)
5085,5085,tensor(0.0814),tensor(0.0247),tensor(0.0349)
5086,5086,tensor(0.0814),tensor(0.0247),tensor(0.0349)
5087,5087,tensor(0.0814),tensor(0.0247),tensor(0.0349)
5088,5088,tensor(0.0814),tensor(0.0247),tensor(0.0349)
5089,5089,tensor(0.0814),tensor(0.0247),tensor(0.0349)
5090,5090,tensor(0.0814),tensor(0.0247),tensor(0.0349)
5091,5091,tensor(0.0814),tensor(0.0247),tensor(0.0349)
5092,5092,tensor(0.0814),tensor(0.0247),tensor(0.0349)
5093,5093,tensor(0.0814),tensor(0.0247),tensor(0.0349)
5094,5094,tensor(0.0814),tensor(0.0247),tensor(0.0349)
5095,5095,tensor(0.0814),tensor(0.0247),tensor(0.0349)
5096,5096,tensor(0.0814),tensor(0.0247),tensor(0.0349)
5097,5097,tensor(0.0814),tensor(0.0247),tensor(0.0349)
5098,5098,tensor(0.0814),tensor(0.0247),tensor(0.0349)
5099,5099,tensor(0.0814),tensor(0.0247),tensor(0.0349)
5100,5100,tensor(0.0814),tensor(0.0247),tensor(0.0349)
5101,5101,tensor(0.0814),tensor(0.0247),tensor(0.0349)
5102,5102,tensor(0.0814),tensor(0.0247),tensor(0.0349)
5103,5103,tensor(0.0814),tensor(0.0247),tensor(0.0349)
5104,5104,tensor(0.0814),tensor(0.0247),tensor(0.0349)
5105,5105,tensor(0.0814),tensor(0.0247),tensor(0.0348)
5106,5106,tensor(0.0814),tensor(0.0247),tensor(0.0348)
5107,5107,tensor(0.0814),tensor(0.0247),tensor(0.0348)
5108,5108,tensor(0.0814),tensor(0.0247),tensor(0.0348)
5109,5109,tensor(0.0814),tensor(0.0247),tensor(0.0348)
5110,5110,tensor(0.0814),tensor(0.0247),tensor(0.0348)
5111,5111,tensor(0.0814),tensor(0.0247),tensor(0.0348)
5112,5112,tensor(0.0814),tensor(0.0247),tensor(0.0348)
5113,5113,tensor(0.0814),tensor(0.0247),tensor(0.0348)
5114,5114,tensor(0.0814),tensor(0.0247),tensor(0.0348)
5115,5115,tensor(0.0814),tensor(0.0247),tensor(0.0348)
5116,5116,tensor(0.0814),tensor(0.0247),tensor(0.0348)
5117,5117,tensor(0.0814),tensor(0.0247),tensor(0.0348)
5118,5118,tensor(0.0814),tensor(0.0247),tensor(0.0348)
5119,5119,tensor(0.0814),tensor(0.0246),tensor(0.0348)
5120,5120,tensor(0.0814),tensor(0.0246),tensor(0.0348)
5121,5121,tensor(0.0814),tensor(0.0246),tensor(0.0348)
5122,5122,tensor(0.0814),tensor(0.0246),tensor(0.0348)
5123,5123,tensor(0.0814),tensor(0.0246),tensor(0.0348)
5124,5124,tensor(0.0814),tensor(0.0246),tensor(0.0348)
5125,5125,tensor(0.0814),tensor(0.0246),tensor(0.0348)
5126,5126,tensor(0.0814),tensor(0.0246),tensor(0.0348)
5127,5127,tensor(0.0814),tensor(0.0246),tensor(0.0348)
5128,5128,tensor(0.0814),tensor(0.0246),tensor(0.0348)
5129,5129,tensor(0.0814),tensor(0.0246),tensor(0.0348)
5130,5130,tensor(0.0814),tensor(0.0246),tensor(0.0348)
5131,5131,tensor(0.0814),tensor(0.0246),tensor(0.0348)
5132,5132,tensor(0.0814),tensor(0.0246),tensor(0.0348)
5133,5133,tensor(0.0814),tensor(0.0246),tensor(0.0348)
5134,5134,tensor(0.0814),tensor(0.0246),tensor(0.0348)
5135,5135,tensor(0.0814),tensor(0.0246),tensor(0.0348)
5136,5136,tensor(0.0814),tensor(0.0246),tensor(0.0348)
5137,5137,tensor(0.0814),tensor(0.0246),tensor(0.0348)
5138,5138,tensor(0.0814),tensor(0.0246),tensor(0.0348)
5139,5139,tensor(0.0813),tensor(0.0246),tensor(0.0348)
5140,5140,tensor(0.0813),tensor(0.0246),tensor(0.0348)
5141,5141,tensor(0.0813),tensor(0.0246),tensor(0.0348)
5142,5142,tensor(0.0813),tensor(0.0246),tensor(0.0348)
5143,5143,tensor(0.0813),tensor(0.0246),tensor(0.0348)
5144,5144,tensor(0.0813),tensor(0.0246),tensor(0.0348)
5145,5145,tensor(0.0813),tensor(0.0246),tensor(0.0348)
5146,5146,tensor(0.0813),tensor(0.0246),tensor(0.0348)
5147,5147,tensor(0.0813),tensor(0.0246),tensor(0.0348)
5148,5148,tensor(0.0813),tensor(0.0246),tensor(0.0348)
5149,5149,tensor(0.0813),tensor(0.0246),tensor(0.0348)
5150,5150,tensor(0.0813),tensor(0.0246),tensor(0.0348)
5151,5151,tensor(0.0813),tensor(0.0246),tensor(0.0348)
5152,5152,tensor(0.0813),tensor(0.0246),tensor(0.0348)
5153,5153,tensor(0.0813),tensor(0.0246),tensor(0.0348)
5154,5154,tensor(0.0813),tensor(0.0246),tensor(0.0348)
5155,5155,tensor(0.0813),tensor(0.0246),tensor(0.0348)
5156,5156,tensor(0.0813),tensor(0.0246),tensor(0.0348)
5157,5157,tensor(0.0813),tensor(0.0246),tensor(0.0347)
5158,5158,tensor(0.0813),tensor(0.0246),tensor(0.0347)
5159,5159,tensor(0.0813),tensor(0.0246),tensor(0.0347)
5160,5160,tensor(0.0813),tensor(0.0246),tensor(0.0347)
5161,5161,tensor(0.0813),tensor(0.0246),tensor(0.0347)
5162,5162,tensor(0.0813),tensor(0.0246),tensor(0.0347)
5163,5163,tensor(0.0813),tensor(0.0246),tensor(0.0347)
5164,5164,tensor(0.0813),tensor(0.0246),tensor(0.0347)
5165,5165,tensor(0.0813),tensor(0.0246),tensor(0.0347)
5166,5166,tensor(0.0813),tensor(0.0246),tensor(0.0347)
5167,5167,tensor(0.0813),tensor(0.0246),tensor(0.0347)
5168,5168,tensor(0.0813),tensor(0.0246),tensor(0.0347)
5169,5169,tensor(0.0813),tensor(0.0246),tensor(0.0347)
5170,5170,tensor(0.0813),tensor(0.0246),tensor(0.0347)
5171,5171,tensor(0.0813),tensor(0.0245),tensor(0.0347)
5172,5172,tensor(0.0813),tensor(0.0245),tensor(0.0347)
5173,5173,tensor(0.0813),tensor(0.0245),tensor(0.0347)
5174,5174,tensor(0.0813),tensor(0.0245),tensor(0.0347)
5175,5175,tensor(0.0813),tensor(0.0245),tensor(0.0347)
5176,5176,tensor(0.0813),tensor(0.0245),tensor(0.0347)
5177,5177,tensor(0.0813),tensor(0.0245),tensor(0.0347)
5178,5178,tensor(0.0813),tensor(0.0245),tensor(0.0347)
5179,5179,tensor(0.0813),tensor(0.0245),tensor(0.0347)
5180,5180,tensor(0.0813),tensor(0.0245),tensor(0.0347)
5181,5181,tensor(0.0813),tensor(0.0245),tensor(0.0347)
5182,5182,tensor(0.0813),tensor(0.0245),tensor(0.0347)
5183,5183,tensor(0.0813),tensor(0.0245),tensor(0.0347)
5184,5184,tensor(0.0813),tensor(0.0245),tensor(0.0347)
5185,5185,tensor(0.0813),tensor(0.0245),tensor(0.0347)
5186,5186,tensor(0.0813),tensor(0.0245),tensor(0.0347)
5187,5187,tensor(0.0813),tensor(0.0245),tensor(0.0347)
5188,5188,tensor(0.0813),tensor(0.0245),tensor(0.0347)
5189,5189,tensor(0.0813),tensor(0.0245),tensor(0.0347)
5190,5190,tensor(0.0813),tensor(0.0245),tensor(0.0347)
5191,5191,tensor(0.0813),tensor(0.0245),tensor(0.0347)
5192,5192,tensor(0.0813),tensor(0.0245),tensor(0.0347)
5193,5193,tensor(0.0813),tensor(0.0245),tensor(0.0347)
5194,5194,tensor(0.0813),tensor(0.0245),tensor(0.0347)
5195,5195,tensor(0.0813),tensor(0.0245),tensor(0.0347)
5196,5196,tensor(0.0813),tensor(0.0245),tensor(0.0347)
5197,5197,tensor(0.0813),tensor(0.0245),tensor(0.0347)
5198,5198,tensor(0.0813),tensor(0.0245),tensor(0.0347)
5199,5199,tensor(0.0813),tensor(0.0245),tensor(0.0347)
5200,5200,tensor(0.0813),tensor(0.0245),tensor(0.0347)
5201,5201,tensor(0.0813),tensor(0.0245),tensor(0.0347)
5202,5202,tensor(0.0813),tensor(0.0245),tensor(0.0347)
5203,5203,tensor(0.0813),tensor(0.0245),tensor(0.0347)
5204,5204,tensor(0.0813),tensor(0.0245),tensor(0.0347)
5205,5205,tensor(0.0813),tensor(0.0245),tensor(0.0347)
5206,5206,tensor(0.0813),tensor(0.0245),tensor(0.0347)
5207,5207,tensor(0.0813),tensor(0.0245),tensor(0.0347)
5208,5208,tensor(0.0813),tensor(0.0245),tensor(0.0347)
5209,5209,tensor(0.0813),tensor(0.0245),tensor(0.0347)
5210,5210,tensor(0.0813),tensor(0.0245),tensor(0.0346)
5211,5211,tensor(0.0813),tensor(0.0245),tensor(0.0346)
5212,5212,tensor(0.0813),tensor(0.0245),tensor(0.0346)
5213,5213,tensor(0.0813),tensor(0.0245),tensor(0.0346)
5214,5214,tensor(0.0813),tensor(0.0245),tensor(0.0346)
5215,5215,tensor(0.0813),tensor(0.0245),tensor(0.0346)
5216,5216,tensor(0.0813),tensor(0.0245),tensor(0.0346)
5217,5217,tensor(0.0813),tensor(0.0245),tensor(0.0346)
5218,5218,tensor(0.0813),tensor(0.0245),tensor(0.0346)
5219,5219,tensor(0.0813),tensor(0.0245),tensor(0.0346)
5220,5220,tensor(0.0813),tensor(0.0245),tensor(0.0346)
5221,5221,tensor(0.0813),tensor(0.0245),tensor(0.0346)
5222,5222,tensor(0.0813),tensor(0.0245),tensor(0.0346)
5223,5223,tensor(0.0813),tensor(0.0245),tensor(0.0346)
5224,5224,tensor(0.0812),tensor(0.0245),tensor(0.0346)
5225,5225,tensor(0.0812),tensor(0.0244),tensor(0.0346)
5226,5226,tensor(0.0812),tensor(0.0244),tensor(0.0346)
5227,5227,tensor(0.0812),tensor(0.0244),tensor(0.0346)
5228,5228,tensor(0.0812),tensor(0.0244),tensor(0.0346)
5229,5229,tensor(0.0812),tensor(0.0244),tensor(0.0346)
5230,5230,tensor(0.0812),tensor(0.0244),tensor(0.0346)
5231,5231,tensor(0.0812),tensor(0.0244),tensor(0.0346)
5232,5232,tensor(0.0812),tensor(0.0244),tensor(0.0346)
5233,5233,tensor(0.0812),tensor(0.0244),tensor(0.0346)
5234,5234,tensor(0.0812),tensor(0.0244),tensor(0.0346)
5235,5235,tensor(0.0812),tensor(0.0244),tensor(0.0346)
5236,5236,tensor(0.0812),tensor(0.0244),tensor(0.0346)
5237,5237,tensor(0.0812),tensor(0.0244),tensor(0.0346)
5238,5238,tensor(0.0812),tensor(0.0244),tensor(0.0346)
5239,5239,tensor(0.0812),tensor(0.0244),tensor(0.0346)
5240,5240,tensor(0.0812),tensor(0.0244),tensor(0.0346)
5241,5241,tensor(0.0812),tensor(0.0244),tensor(0.0346)
5242,5242,tensor(0.0812),tensor(0.0244),tensor(0.0346)
5243,5243,tensor(0.0812),tensor(0.0244),tensor(0.0346)
5244,5244,tensor(0.0812),tensor(0.0244),tensor(0.0346)
5245,5245,tensor(0.0812),tensor(0.0244),tensor(0.0346)
5246,5246,tensor(0.0812),tensor(0.0244),tensor(0.0346)
5247,5247,tensor(0.0812),tensor(0.0244),tensor(0.0346)
5248,5248,tensor(0.0812),tensor(0.0244),tensor(0.0346)
5249,5249,tensor(0.0812),tensor(0.0244),tensor(0.0346)
5250,5250,tensor(0.0812),tensor(0.0244),tensor(0.0346)
5251,5251,tensor(0.0812),tensor(0.0244),tensor(0.0346)
5252,5252,tensor(0.0812),tensor(0.0244),tensor(0.0346)
5253,5253,tensor(0.0812),tensor(0.0244),tensor(0.0346)
5254,5254,tensor(0.0812),tensor(0.0244),tensor(0.0346)
5255,5255,tensor(0.0812),tensor(0.0244),tensor(0.0346)
5256,5256,tensor(0.0812),tensor(0.0244),tensor(0.0346)
5257,5257,tensor(0.0812),tensor(0.0244),tensor(0.0346)
5258,5258,tensor(0.0812),tensor(0.0244),tensor(0.0346)
5259,5259,tensor(0.0812),tensor(0.0244),tensor(0.0346)
5260,5260,tensor(0.0812),tensor(0.0244),tensor(0.0346)
5261,5261,tensor(0.0812),tensor(0.0244),tensor(0.0346)
5262,5262,tensor(0.0812),tensor(0.0244),tensor(0.0346)
5263,5263,tensor(0.0812),tensor(0.0244),tensor(0.0346)
5264,5264,tensor(0.0812),tensor(0.0244),tensor(0.0346)
5265,5265,tensor(0.0812),tensor(0.0244),tensor(0.0345)
5266,5266,tensor(0.0812),tensor(0.0244),tensor(0.0345)
5267,5267,tensor(0.0812),tensor(0.0244),tensor(0.0345)
5268,5268,tensor(0.0812),tensor(0.0244),tensor(0.0345)
5269,5269,tensor(0.0812),tensor(0.0244),tensor(0.0345)
5270,5270,tensor(0.0812),tensor(0.0244),tensor(0.0345)
5271,5271,tensor(0.0812),tensor(0.0244),tensor(0.0345)
5272,5272,tensor(0.0812),tensor(0.0244),tensor(0.0345)
5273,5273,tensor(0.0812),tensor(0.0244),tensor(0.0345)
5274,5274,tensor(0.0812),tensor(0.0244),tensor(0.0345)
5275,5275,tensor(0.0812),tensor(0.0244),tensor(0.0345)
5276,5276,tensor(0.0812),tensor(0.0244),tensor(0.0345)
5277,5277,tensor(0.0812),tensor(0.0244),tensor(0.0345)
5278,5278,tensor(0.0812),tensor(0.0244),tensor(0.0345)
5279,5279,tensor(0.0812),tensor(0.0244),tensor(0.0345)
5280,5280,tensor(0.0812),tensor(0.0243),tensor(0.0345)
5281,5281,tensor(0.0812),tensor(0.0243),tensor(0.0345)
5282,5282,tensor(0.0812),tensor(0.0243),tensor(0.0345)
5283,5283,tensor(0.0812),tensor(0.0243),tensor(0.0345)
5284,5284,tensor(0.0812),tensor(0.0243),tensor(0.0345)
5285,5285,tensor(0.0812),tensor(0.0243),tensor(0.0345)
5286,5286,tensor(0.0812),tensor(0.0243),tensor(0.0345)
5287,5287,tensor(0.0812),tensor(0.0243),tensor(0.0345)
5288,5288,tensor(0.0812),tensor(0.0243),tensor(0.0345)
5289,5289,tensor(0.0812),tensor(0.0243),tensor(0.0345)
5290,5290,tensor(0.0812),tensor(0.0243),tensor(0.0345)
5291,5291,tensor(0.0812),tensor(0.0243),tensor(0.0345)
5292,5292,tensor(0.0812),tensor(0.0243),tensor(0.0345)
5293,5293,tensor(0.0812),tensor(0.0243),tensor(0.0345)
5294,5294,tensor(0.0812),tensor(0.0243),tensor(0.0345)
5295,5295,tensor(0.0812),tensor(0.0243),tensor(0.0345)
5296,5296,tensor(0.0812),tensor(0.0243),tensor(0.0345)
5297,5297,tensor(0.0812),tensor(0.0243),tensor(0.0345)
5298,5298,tensor(0.0812),tensor(0.0243),tensor(0.0345)
5299,5299,tensor(0.0812),tensor(0.0243),tensor(0.0345)
5300,5300,tensor(0.0812),tensor(0.0243),tensor(0.0345)
5301,5301,tensor(0.0812),tensor(0.0243),tensor(0.0345)
5302,5302,tensor(0.0812),tensor(0.0243),tensor(0.0345)
5303,5303,tensor(0.0812),tensor(0.0243),tensor(0.0345)
5304,5304,tensor(0.0812),tensor(0.0243),tensor(0.0345)
5305,5305,tensor(0.0812),tensor(0.0243),tensor(0.0345)
5306,5306,tensor(0.0812),tensor(0.0243),tensor(0.0345)
5307,5307,tensor(0.0812),tensor(0.0243),tensor(0.0345)
5308,5308,tensor(0.0812),tensor(0.0243),tensor(0.0345)
5309,5309,tensor(0.0812),tensor(0.0243),tensor(0.0345)
5310,5310,tensor(0.0812),tensor(0.0243),tensor(0.0345)
5311,5311,tensor(0.0812),tensor(0.0243),tensor(0.0345)
5312,5312,tensor(0.0812),tensor(0.0243),tensor(0.0345)
5313,5313,tensor(0.0812),tensor(0.0243),tensor(0.0345)
5314,5314,tensor(0.0812),tensor(0.0243),tensor(0.0345)
5315,5315,tensor(0.0812),tensor(0.0243),tensor(0.0345)
5316,5316,tensor(0.0812),tensor(0.0243),tensor(0.0345)
5317,5317,tensor(0.0812),tensor(0.0243),tensor(0.0345)
5318,5318,tensor(0.0812),tensor(0.0243),tensor(0.0345)
5319,5319,tensor(0.0812),tensor(0.0243),tensor(0.0345)
5320,5320,tensor(0.0811),tensor(0.0243),tensor(0.0344)
5321,5321,tensor(0.0811),tensor(0.0243),tensor(0.0344)
5322,5322,tensor(0.0811),tensor(0.0243),tensor(0.0344)
5323,5323,tensor(0.0811),tensor(0.0243),tensor(0.0344)
5324,5324,tensor(0.0811),tensor(0.0243),tensor(0.0344)
5325,5325,tensor(0.0811),tensor(0.0243),tensor(0.0344)
5326,5326,tensor(0.0811),tensor(0.0243),tensor(0.0344)
5327,5327,tensor(0.0811),tensor(0.0243),tensor(0.0344)
5328,5328,tensor(0.0811),tensor(0.0243),tensor(0.0344)
5329,5329,tensor(0.0811),tensor(0.0243),tensor(0.0344)
5330,5330,tensor(0.0811),tensor(0.0243),tensor(0.0344)
5331,5331,tensor(0.0811),tensor(0.0243),tensor(0.0344)
5332,5332,tensor(0.0811),tensor(0.0243),tensor(0.0344)
5333,5333,tensor(0.0811),tensor(0.0243),tensor(0.0344)
5334,5334,tensor(0.0811),tensor(0.0243),tensor(0.0344)
5335,5335,tensor(0.0811),tensor(0.0243),tensor(0.0344)
5336,5336,tensor(0.0811),tensor(0.0242),tensor(0.0344)
5337,5337,tensor(0.0811),tensor(0.0242),tensor(0.0344)
5338,5338,tensor(0.0811),tensor(0.0242),tensor(0.0344)
5339,5339,tensor(0.0811),tensor(0.0242),tensor(0.0344)
5340,5340,tensor(0.0811),tensor(0.0242),tensor(0.0344)
5341,5341,tensor(0.0811),tensor(0.0242),tensor(0.0344)
5342,5342,tensor(0.0811),tensor(0.0242),tensor(0.0344)
5343,5343,tensor(0.0811),tensor(0.0242),tensor(0.0344)
5344,5344,tensor(0.0811),tensor(0.0242),tensor(0.0344)
5345,5345,tensor(0.0811),tensor(0.0242),tensor(0.0344)
5346,5346,tensor(0.0811),tensor(0.0242),tensor(0.0344)
5347,5347,tensor(0.0811),tensor(0.0242),tensor(0.0344)
5348,5348,tensor(0.0811),tensor(0.0242),tensor(0.0344)
5349,5349,tensor(0.0811),tensor(0.0242),tensor(0.0344)
5350,5350,tensor(0.0811),tensor(0.0242),tensor(0.0344)
5351,5351,tensor(0.0811),tensor(0.0242),tensor(0.0344)
5352,5352,tensor(0.0811),tensor(0.0242),tensor(0.0344)
5353,5353,tensor(0.0811),tensor(0.0242),tensor(0.0344)
5354,5354,tensor(0.0811),tensor(0.0242),tensor(0.0344)
5355,5355,tensor(0.0811),tensor(0.0242),tensor(0.0344)
5356,5356,tensor(0.0811),tensor(0.0242),tensor(0.0344)
5357,5357,tensor(0.0811),tensor(0.0242),tensor(0.0344)
5358,5358,tensor(0.0811),tensor(0.0242),tensor(0.0344)
5359,5359,tensor(0.0811),tensor(0.0242),tensor(0.0344)
5360,5360,tensor(0.0811),tensor(0.0242),tensor(0.0344)
5361,5361,tensor(0.0811),tensor(0.0242),tensor(0.0344)
5362,5362,tensor(0.0811),tensor(0.0242),tensor(0.0344)
5363,5363,tensor(0.0811),tensor(0.0242),tensor(0.0344)
5364,5364,tensor(0.0811),tensor(0.0242),tensor(0.0344)
5365,5365,tensor(0.0811),tensor(0.0242),tensor(0.0344)
5366,5366,tensor(0.0811),tensor(0.0242),tensor(0.0344)
5367,5367,tensor(0.0811),tensor(0.0242),tensor(0.0344)
5368,5368,tensor(0.0811),tensor(0.0242),tensor(0.0344)
5369,5369,tensor(0.0811),tensor(0.0242),tensor(0.0344)
5370,5370,tensor(0.0811),tensor(0.0242),tensor(0.0344)
5371,5371,tensor(0.0811),tensor(0.0242),tensor(0.0344)
5372,5372,tensor(0.0811),tensor(0.0242),tensor(0.0344)
5373,5373,tensor(0.0811),tensor(0.0242),tensor(0.0344)
5374,5374,tensor(0.0811),tensor(0.0242),tensor(0.0344)
5375,5375,tensor(0.0811),tensor(0.0242),tensor(0.0344)
5376,5376,tensor(0.0811),tensor(0.0242),tensor(0.0344)
5377,5377,tensor(0.0811),tensor(0.0242),tensor(0.0343)
5378,5378,tensor(0.0811),tensor(0.0242),tensor(0.0343)
5379,5379,tensor(0.0811),tensor(0.0242),tensor(0.0343)
5380,5380,tensor(0.0811),tensor(0.0242),tensor(0.0343)
5381,5381,tensor(0.0811),tensor(0.0242),tensor(0.0343)
5382,5382,tensor(0.0811),tensor(0.0242),tensor(0.0343)
5383,5383,tensor(0.0811),tensor(0.0242),tensor(0.0343)
5384,5384,tensor(0.0811),tensor(0.0242),tensor(0.0343)
5385,5385,tensor(0.0811),tensor(0.0242),tensor(0.0343)
5386,5386,tensor(0.0811),tensor(0.0242),tensor(0.0343)
5387,5387,tensor(0.0811),tensor(0.0242),tensor(0.0343)
5388,5388,tensor(0.0811),tensor(0.0242),tensor(0.0343)
5389,5389,tensor(0.0811),tensor(0.0242),tensor(0.0343)
5390,5390,tensor(0.0811),tensor(0.0242),tensor(0.0343)
5391,5391,tensor(0.0811),tensor(0.0242),tensor(0.0343)
5392,5392,tensor(0.0811),tensor(0.0242),tensor(0.0343)
5393,5393,tensor(0.0811),tensor(0.0241),tensor(0.0343)
5394,5394,tensor(0.0811),tensor(0.0241),tensor(0.0343)
5395,5395,tensor(0.0811),tensor(0.0241),tensor(0.0343)
5396,5396,tensor(0.0811),tensor(0.0241),tensor(0.0343)
5397,5397,tensor(0.0811),tensor(0.0241),tensor(0.0343)
5398,5398,tensor(0.0811),tensor(0.0241),tensor(0.0343)
5399,5399,tensor(0.0811),tensor(0.0241),tensor(0.0343)
5400,5400,tensor(0.0811),tensor(0.0241),tensor(0.0343)
5401,5401,tensor(0.0811),tensor(0.0241),tensor(0.0343)
5402,5402,tensor(0.0811),tensor(0.0241),tensor(0.0343)
5403,5403,tensor(0.0811),tensor(0.0241),tensor(0.0343)
5404,5404,tensor(0.0811),tensor(0.0241),tensor(0.0343)
5405,5405,tensor(0.0811),tensor(0.0241),tensor(0.0343)
5406,5406,tensor(0.0811),tensor(0.0241),tensor(0.0343)
5407,5407,tensor(0.0811),tensor(0.0241),tensor(0.0343)
5408,5408,tensor(0.0811),tensor(0.0241),tensor(0.0343)
5409,5409,tensor(0.0811),tensor(0.0241),tensor(0.0343)
5410,5410,tensor(0.0811),tensor(0.0241),tensor(0.0343)
5411,5411,tensor(0.0811),tensor(0.0241),tensor(0.0343)
5412,5412,tensor(0.0811),tensor(0.0241),tensor(0.0343)
5413,5413,tensor(0.0811),tensor(0.0241),tensor(0.0343)
5414,5414,tensor(0.0811),tensor(0.0241),tensor(0.0343)
5415,5415,tensor(0.0811),tensor(0.0241),tensor(0.0343)
5416,5416,tensor(0.0811),tensor(0.0241),tensor(0.0343)
5417,5417,tensor(0.0811),tensor(0.0241),tensor(0.0343)
5418,5418,tensor(0.0811),tensor(0.0241),tensor(0.0343)
5419,5419,tensor(0.0811),tensor(0.0241),tensor(0.0343)
5420,5420,tensor(0.0811),tensor(0.0241),tensor(0.0343)
5421,5421,tensor(0.0811),tensor(0.0241),tensor(0.0343)
5422,5422,tensor(0.0811),tensor(0.0241),tensor(0.0343)
5423,5423,tensor(0.0811),tensor(0.0241),tensor(0.0343)
5424,5424,tensor(0.0811),tensor(0.0241),tensor(0.0343)
5425,5425,tensor(0.0811),tensor(0.0241),tensor(0.0343)
5426,5426,tensor(0.0811),tensor(0.0241),tensor(0.0343)
5427,5427,tensor(0.0811),tensor(0.0241),tensor(0.0343)
5428,5428,tensor(0.0811),tensor(0.0241),tensor(0.0343)
5429,5429,tensor(0.0810),tensor(0.0241),tensor(0.0343)
5430,5430,tensor(0.0810),tensor(0.0241),tensor(0.0343)
5431,5431,tensor(0.0810),tensor(0.0241),tensor(0.0343)
5432,5432,tensor(0.0810),tensor(0.0241),tensor(0.0343)
5433,5433,tensor(0.0810),tensor(0.0241),tensor(0.0343)
5434,5434,tensor(0.0810),tensor(0.0241),tensor(0.0343)
5435,5435,tensor(0.0810),tensor(0.0241),tensor(0.0342)
5436,5436,tensor(0.0810),tensor(0.0241),tensor(0.0342)
5437,5437,tensor(0.0810),tensor(0.0241),tensor(0.0342)
5438,5438,tensor(0.0810),tensor(0.0241),tensor(0.0342)
5439,5439,tensor(0.0810),tensor(0.0241),tensor(0.0342)
5440,5440,tensor(0.0810),tensor(0.0241),tensor(0.0342)
5441,5441,tensor(0.0810),tensor(0.0241),tensor(0.0342)
5442,5442,tensor(0.0810),tensor(0.0241),tensor(0.0342)
5443,5443,tensor(0.0810),tensor(0.0241),tensor(0.0342)
5444,5444,tensor(0.0810),tensor(0.0241),tensor(0.0342)
5445,5445,tensor(0.0810),tensor(0.0241),tensor(0.0342)
5446,5446,tensor(0.0810),tensor(0.0241),tensor(0.0342)
5447,5447,tensor(0.0810),tensor(0.0241),tensor(0.0342)
5448,5448,tensor(0.0810),tensor(0.0241),tensor(0.0342)
5449,5449,tensor(0.0810),tensor(0.0241),tensor(0.0342)
5450,5450,tensor(0.0810),tensor(0.0241),tensor(0.0342)
5451,5451,tensor(0.0810),tensor(0.0241),tensor(0.0342)
5452,5452,tensor(0.0810),tensor(0.0240),tensor(0.0342)
5453,5453,tensor(0.0810),tensor(0.0240),tensor(0.0342)
5454,5454,tensor(0.0810),tensor(0.0240),tensor(0.0342)
5455,5455,tensor(0.0810),tensor(0.0240),tensor(0.0342)
5456,5456,tensor(0.0810),tensor(0.0240),tensor(0.0342)
5457,5457,tensor(0.0810),tensor(0.0240),tensor(0.0342)
5458,5458,tensor(0.0810),tensor(0.0240),tensor(0.0342)
5459,5459,tensor(0.0810),tensor(0.0240),tensor(0.0342)
5460,5460,tensor(0.0810),tensor(0.0240),tensor(0.0342)
5461,5461,tensor(0.0810),tensor(0.0240),tensor(0.0342)
5462,5462,tensor(0.0810),tensor(0.0240),tensor(0.0342)
5463,5463,tensor(0.0810),tensor(0.0240),tensor(0.0342)
5464,5464,tensor(0.0810),tensor(0.0240),tensor(0.0342)
5465,5465,tensor(0.0810),tensor(0.0240),tensor(0.0342)
5466,5466,tensor(0.0810),tensor(0.0240),tensor(0.0342)
5467,5467,tensor(0.0810),tensor(0.0240),tensor(0.0342)
5468,5468,tensor(0.0810),tensor(0.0240),tensor(0.0342)
5469,5469,tensor(0.0810),tensor(0.0240),tensor(0.0342)
5470,5470,tensor(0.0810),tensor(0.0240),tensor(0.0342)
5471,5471,tensor(0.0810),tensor(0.0240),tensor(0.0342)
5472,5472,tensor(0.0810),tensor(0.0240),tensor(0.0342)
5473,5473,tensor(0.0810),tensor(0.0240),tensor(0.0342)
5474,5474,tensor(0.0810),tensor(0.0240),tensor(0.0342)
5475,5475,tensor(0.0810),tensor(0.0240),tensor(0.0342)
5476,5476,tensor(0.0810),tensor(0.0240),tensor(0.0342)
5477,5477,tensor(0.0810),tensor(0.0240),tensor(0.0342)
5478,5478,tensor(0.0810),tensor(0.0240),tensor(0.0342)
5479,5479,tensor(0.0810),tensor(0.0240),tensor(0.0342)
5480,5480,tensor(0.0810),tensor(0.0240),tensor(0.0342)
5481,5481,tensor(0.0810),tensor(0.0240),tensor(0.0342)
5482,5482,tensor(0.0810),tensor(0.0240),tensor(0.0342)
5483,5483,tensor(0.0810),tensor(0.0240),tensor(0.0342)
5484,5484,tensor(0.0810),tensor(0.0240),tensor(0.0342)
5485,5485,tensor(0.0810),tensor(0.0240),tensor(0.0342)
5486,5486,tensor(0.0810),tensor(0.0240),tensor(0.0342)
5487,5487,tensor(0.0810),tensor(0.0240),tensor(0.0342)
5488,5488,tensor(0.0810),tensor(0.0240),tensor(0.0342)
5489,5489,tensor(0.0810),tensor(0.0240),tensor(0.0342)
5490,5490,tensor(0.0810),tensor(0.0240),tensor(0.0342)
5491,5491,tensor(0.0810),tensor(0.0240),tensor(0.0342)
5492,5492,tensor(0.0810),tensor(0.0240),tensor(0.0342)
5493,5493,tensor(0.0810),tensor(0.0240),tensor(0.0342)
5494,5494,tensor(0.0810),tensor(0.0240),tensor(0.0341)
5495,5495,tensor(0.0810),tensor(0.0240),tensor(0.0341)
5496,5496,tensor(0.0810),tensor(0.0240),tensor(0.0341)
5497,5497,tensor(0.0810),tensor(0.0240),tensor(0.0341)
5498,5498,tensor(0.0810),tensor(0.0240),tensor(0.0341)
5499,5499,tensor(0.0810),tensor(0.0240),tensor(0.0341)
5500,5500,tensor(0.0810),tensor(0.0240),tensor(0.0341)
5501,5501,tensor(0.0810),tensor(0.0240),tensor(0.0341)
5502,5502,tensor(0.0810),tensor(0.0240),tensor(0.0341)
5503,5503,tensor(0.0810),tensor(0.0240),tensor(0.0341)
5504,5504,tensor(0.0810),tensor(0.0240),tensor(0.0341)
5505,5505,tensor(0.0810),tensor(0.0240),tensor(0.0341)
5506,5506,tensor(0.0810),tensor(0.0240),tensor(0.0341)
5507,5507,tensor(0.0810),tensor(0.0240),tensor(0.0341)
5508,5508,tensor(0.0810),tensor(0.0240),tensor(0.0341)
5509,5509,tensor(0.0810),tensor(0.0240),tensor(0.0341)
5510,5510,tensor(0.0810),tensor(0.0240),tensor(0.0341)
5511,5511,tensor(0.0810),tensor(0.0240),tensor(0.0341)
5512,5512,tensor(0.0810),tensor(0.0239),tensor(0.0341)
5513,5513,tensor(0.0810),tensor(0.0239),tensor(0.0341)
5514,5514,tensor(0.0810),tensor(0.0239),tensor(0.0341)
5515,5515,tensor(0.0810),tensor(0.0239),tensor(0.0341)
5516,5516,tensor(0.0810),tensor(0.0239),tensor(0.0341)
5517,5517,tensor(0.0810),tensor(0.0239),tensor(0.0341)
5518,5518,tensor(0.0810),tensor(0.0239),tensor(0.0341)
5519,5519,tensor(0.0810),tensor(0.0239),tensor(0.0341)
5520,5520,tensor(0.0810),tensor(0.0239),tensor(0.0341)
5521,5521,tensor(0.0810),tensor(0.0239),tensor(0.0341)
5522,5522,tensor(0.0810),tensor(0.0239),tensor(0.0341)
5523,5523,tensor(0.0810),tensor(0.0239),tensor(0.0341)
5524,5524,tensor(0.0810),tensor(0.0239),tensor(0.0341)
5525,5525,tensor(0.0810),tensor(0.0239),tensor(0.0341)
5526,5526,tensor(0.0810),tensor(0.0239),tensor(0.0341)
5527,5527,tensor(0.0810),tensor(0.0239),tensor(0.0341)
5528,5528,tensor(0.0810),tensor(0.0239),tensor(0.0341)
5529,5529,tensor(0.0810),tensor(0.0239),tensor(0.0341)
5530,5530,tensor(0.0810),tensor(0.0239),tensor(0.0341)
5531,5531,tensor(0.0810),tensor(0.0239),tensor(0.0341)
5532,5532,tensor(0.0810),tensor(0.0239),tensor(0.0341)
5533,5533,tensor(0.0810),tensor(0.0239),tensor(0.0341)
5534,5534,tensor(0.0810),tensor(0.0239),tensor(0.0341)
5535,5535,tensor(0.0810),tensor(0.0239),tensor(0.0341)
5536,5536,tensor(0.0810),tensor(0.0239),tensor(0.0341)
5537,5537,tensor(0.0810),tensor(0.0239),tensor(0.0341)
5538,5538,tensor(0.0810),tensor(0.0239),tensor(0.0341)
5539,5539,tensor(0.0810),tensor(0.0239),tensor(0.0341)
5540,5540,tensor(0.0810),tensor(0.0239),tensor(0.0341)
5541,5541,tensor(0.0810),tensor(0.0239),tensor(0.0341)
5542,5542,tensor(0.0810),tensor(0.0239),tensor(0.0341)
5543,5543,tensor(0.0810),tensor(0.0239),tensor(0.0341)
5544,5544,tensor(0.0810),tensor(0.0239),tensor(0.0341)
5545,5545,tensor(0.0810),tensor(0.0239),tensor(0.0341)
5546,5546,tensor(0.0810),tensor(0.0239),tensor(0.0341)
5547,5547,tensor(0.0810),tensor(0.0239),tensor(0.0341)
5548,5548,tensor(0.0810),tensor(0.0239),tensor(0.0341)
5549,5549,tensor(0.0810),tensor(0.0239),tensor(0.0341)
5550,5550,tensor(0.0810),tensor(0.0239),tensor(0.0341)
5551,5551,tensor(0.0810),tensor(0.0239),tensor(0.0341)
5552,5552,tensor(0.0810),tensor(0.0239),tensor(0.0341)
5553,5553,tensor(0.0810),tensor(0.0239),tensor(0.0341)
5554,5554,tensor(0.0810),tensor(0.0239),tensor(0.0341)
5555,5555,tensor(0.0810),tensor(0.0239),tensor(0.0340)
5556,5556,tensor(0.0810),tensor(0.0239),tensor(0.0340)
5557,5557,tensor(0.0810),tensor(0.0239),tensor(0.0340)
5558,5558,tensor(0.0809),tensor(0.0239),tensor(0.0340)
5559,5559,tensor(0.0809),tensor(0.0239),tensor(0.0340)
5560,5560,tensor(0.0809),tensor(0.0239),tensor(0.0340)
5561,5561,tensor(0.0809),tensor(0.0239),tensor(0.0340)
5562,5562,tensor(0.0809),tensor(0.0239),tensor(0.0340)
5563,5563,tensor(0.0809),tensor(0.0239),tensor(0.0340)
5564,5564,tensor(0.0809),tensor(0.0239),tensor(0.0340)
5565,5565,tensor(0.0809),tensor(0.0239),tensor(0.0340)
5566,5566,tensor(0.0809),tensor(0.0239),tensor(0.0340)
5567,5567,tensor(0.0809),tensor(0.0239),tensor(0.0340)
5568,5568,tensor(0.0809),tensor(0.0239),tensor(0.0340)
5569,5569,tensor(0.0809),tensor(0.0239),tensor(0.0340)
5570,5570,tensor(0.0809),tensor(0.0239),tensor(0.0340)
5571,5571,tensor(0.0809),tensor(0.0239),tensor(0.0340)
5572,5572,tensor(0.0809),tensor(0.0239),tensor(0.0340)
5573,5573,tensor(0.0809),tensor(0.0239),tensor(0.0340)
5574,5574,tensor(0.0809),tensor(0.0238),tensor(0.0340)
5575,5575,tensor(0.0809),tensor(0.0238),tensor(0.0340)
5576,5576,tensor(0.0809),tensor(0.0238),tensor(0.0340)
5577,5577,tensor(0.0809),tensor(0.0238),tensor(0.0340)
5578,5578,tensor(0.0809),tensor(0.0238),tensor(0.0340)
5579,5579,tensor(0.0809),tensor(0.0238),tensor(0.0340)
5580,5580,tensor(0.0809),tensor(0.0238),tensor(0.0340)
5581,5581,tensor(0.0809),tensor(0.0238),tensor(0.0340)
5582,5582,tensor(0.0809),tensor(0.0238),tensor(0.0340)
5583,5583,tensor(0.0809),tensor(0.0238),tensor(0.0340)
5584,5584,tensor(0.0809),tensor(0.0238),tensor(0.0340)
5585,5585,tensor(0.0809),tensor(0.0238),tensor(0.0340)
5586,5586,tensor(0.0809),tensor(0.0238),tensor(0.0340)
5587,5587,tensor(0.0809),tensor(0.0238),tensor(0.0340)
5588,5588,tensor(0.0809),tensor(0.0238),tensor(0.0340)
5589,5589,tensor(0.0809),tensor(0.0238),tensor(0.0340)
5590,5590,tensor(0.0809),tensor(0.0238),tensor(0.0340)
5591,5591,tensor(0.0809),tensor(0.0238),tensor(0.0340)
5592,5592,tensor(0.0809),tensor(0.0238),tensor(0.0340)
5593,5593,tensor(0.0809),tensor(0.0238),tensor(0.0340)
5594,5594,tensor(0.0809),tensor(0.0238),tensor(0.0340)
5595,5595,tensor(0.0809),tensor(0.0238),tensor(0.0340)
5596,5596,tensor(0.0809),tensor(0.0238),tensor(0.0340)
5597,5597,tensor(0.0809),tensor(0.0238),tensor(0.0340)
5598,5598,tensor(0.0809),tensor(0.0238),tensor(0.0340)
5599,5599,tensor(0.0809),tensor(0.0238),tensor(0.0340)
5600,5600,tensor(0.0809),tensor(0.0238),tensor(0.0340)
5601,5601,tensor(0.0809),tensor(0.0238),tensor(0.0340)
5602,5602,tensor(0.0809),tensor(0.0238),tensor(0.0340)
5603,5603,tensor(0.0809),tensor(0.0238),tensor(0.0340)
5604,5604,tensor(0.0809),tensor(0.0238),tensor(0.0340)
5605,5605,tensor(0.0809),tensor(0.0238),tensor(0.0340)
5606,5606,tensor(0.0809),tensor(0.0238),tensor(0.0340)
5607,5607,tensor(0.0809),tensor(0.0238),tensor(0.0340)
5608,5608,tensor(0.0809),tensor(0.0238),tensor(0.0340)
5609,5609,tensor(0.0809),tensor(0.0238),tensor(0.0340)
5610,5610,tensor(0.0809),tensor(0.0238),tensor(0.0340)
5611,5611,tensor(0.0809),tensor(0.0238),tensor(0.0340)
5612,5612,tensor(0.0809),tensor(0.0238),tensor(0.0340)
5613,5613,tensor(0.0809),tensor(0.0238),tensor(0.0340)
5614,5614,tensor(0.0809),tensor(0.0238),tensor(0.0340)
5615,5615,tensor(0.0809),tensor(0.0238),tensor(0.0340)
5616,5616,tensor(0.0809),tensor(0.0238),tensor(0.0340)
5617,5617,tensor(0.0809),tensor(0.0238),tensor(0.0340)
5618,5618,tensor(0.0809),tensor(0.0238),tensor(0.0339)
5619,5619,tensor(0.0809),tensor(0.0238),tensor(0.0339)
5620,5620,tensor(0.0809),tensor(0.0238),tensor(0.0339)
5621,5621,tensor(0.0809),tensor(0.0238),tensor(0.0339)
5622,5622,tensor(0.0809),tensor(0.0238),tensor(0.0339)
5623,5623,tensor(0.0809),tensor(0.0238),tensor(0.0339)
5624,5624,tensor(0.0809),tensor(0.0238),tensor(0.0339)
5625,5625,tensor(0.0809),tensor(0.0238),tensor(0.0339)
5626,5626,tensor(0.0809),tensor(0.0238),tensor(0.0339)
5627,5627,tensor(0.0809),tensor(0.0238),tensor(0.0339)
5628,5628,tensor(0.0809),tensor(0.0238),tensor(0.0339)
5629,5629,tensor(0.0809),tensor(0.0238),tensor(0.0339)
5630,5630,tensor(0.0809),tensor(0.0238),tensor(0.0339)
5631,5631,tensor(0.0809),tensor(0.0238),tensor(0.0339)
5632,5632,tensor(0.0809),tensor(0.0238),tensor(0.0339)
5633,5633,tensor(0.0809),tensor(0.0238),tensor(0.0339)
5634,5634,tensor(0.0809),tensor(0.0238),tensor(0.0339)
5635,5635,tensor(0.0809),tensor(0.0238),tensor(0.0339)
5636,5636,tensor(0.0809),tensor(0.0238),tensor(0.0339)
5637,5637,tensor(0.0809),tensor(0.0238),tensor(0.0339)
5638,5638,tensor(0.0809),tensor(0.0237),tensor(0.0339)
5639,5639,tensor(0.0809),tensor(0.0237),tensor(0.0339)
5640,5640,tensor(0.0809),tensor(0.0237),tensor(0.0339)
5641,5641,tensor(0.0809),tensor(0.0237),tensor(0.0339)
5642,5642,tensor(0.0809),tensor(0.0237),tensor(0.0339)
5643,5643,tensor(0.0809),tensor(0.0237),tensor(0.0339)
5644,5644,tensor(0.0809),tensor(0.0237),tensor(0.0339)
5645,5645,tensor(0.0809),tensor(0.0237),tensor(0.0339)
5646,5646,tensor(0.0809),tensor(0.0237),tensor(0.0339)
5647,5647,tensor(0.0809),tensor(0.0237),tensor(0.0339)
5648,5648,tensor(0.0809),tensor(0.0237),tensor(0.0339)
5649,5649,tensor(0.0809),tensor(0.0237),tensor(0.0339)
5650,5650,tensor(0.0809),tensor(0.0237),tensor(0.0339)
5651,5651,tensor(0.0809),tensor(0.0237),tensor(0.0339)
5652,5652,tensor(0.0809),tensor(0.0237),tensor(0.0339)
5653,5653,tensor(0.0809),tensor(0.0237),tensor(0.0339)
5654,5654,tensor(0.0809),tensor(0.0237),tensor(0.0339)
5655,5655,tensor(0.0809),tensor(0.0237),tensor(0.0339)
5656,5656,tensor(0.0809),tensor(0.0237),tensor(0.0339)
5657,5657,tensor(0.0809),tensor(0.0237),tensor(0.0339)
5658,5658,tensor(0.0809),tensor(0.0237),tensor(0.0339)
5659,5659,tensor(0.0809),tensor(0.0237),tensor(0.0339)
5660,5660,tensor(0.0809),tensor(0.0237),tensor(0.0339)
5661,5661,tensor(0.0809),tensor(0.0237),tensor(0.0339)
5662,5662,tensor(0.0809),tensor(0.0237),tensor(0.0339)
5663,5663,tensor(0.0809),tensor(0.0237),tensor(0.0339)
5664,5664,tensor(0.0809),tensor(0.0237),tensor(0.0339)
5665,5665,tensor(0.0809),tensor(0.0237),tensor(0.0339)
5666,5666,tensor(0.0809),tensor(0.0237),tensor(0.0339)
5667,5667,tensor(0.0809),tensor(0.0237),tensor(0.0339)
5668,5668,tensor(0.0809),tensor(0.0237),tensor(0.0339)
5669,5669,tensor(0.0809),tensor(0.0237),tensor(0.0339)
5670,5670,tensor(0.0809),tensor(0.0237),tensor(0.0339)
5671,5671,tensor(0.0809),tensor(0.0237),tensor(0.0339)
5672,5672,tensor(0.0809),tensor(0.0237),tensor(0.0339)
5673,5673,tensor(0.0809),tensor(0.0237),tensor(0.0339)
5674,5674,tensor(0.0809),tensor(0.0237),tensor(0.0339)
5675,5675,tensor(0.0809),tensor(0.0237),tensor(0.0339)
5676,5676,tensor(0.0809),tensor(0.0237),tensor(0.0339)
5677,5677,tensor(0.0809),tensor(0.0237),tensor(0.0339)
5678,5678,tensor(0.0809),tensor(0.0237),tensor(0.0339)
5679,5679,tensor(0.0809),tensor(0.0237),tensor(0.0339)
5680,5680,tensor(0.0809),tensor(0.0237),tensor(0.0339)
5681,5681,tensor(0.0809),tensor(0.0237),tensor(0.0339)
5682,5682,tensor(0.0809),tensor(0.0237),tensor(0.0339)
5683,5683,tensor(0.0809),tensor(0.0237),tensor(0.0338)
5684,5684,tensor(0.0809),tensor(0.0237),tensor(0.0338)
5685,5685,tensor(0.0809),tensor(0.0237),tensor(0.0338)
5686,5686,tensor(0.0809),tensor(0.0237),tensor(0.0338)
5687,5687,tensor(0.0809),tensor(0.0237),tensor(0.0338)
5688,5688,tensor(0.0809),tensor(0.0237),tensor(0.0338)
5689,5689,tensor(0.0809),tensor(0.0237),tensor(0.0338)
5690,5690,tensor(0.0809),tensor(0.0237),tensor(0.0338)
5691,5691,tensor(0.0809),tensor(0.0237),tensor(0.0338)
5692,5692,tensor(0.0809),tensor(0.0237),tensor(0.0338)
5693,5693,tensor(0.0809),tensor(0.0237),tensor(0.0338)
5694,5694,tensor(0.0809),tensor(0.0237),tensor(0.0338)
5695,5695,tensor(0.0809),tensor(0.0237),tensor(0.0338)
5696,5696,tensor(0.0809),tensor(0.0237),tensor(0.0338)
5697,5697,tensor(0.0809),tensor(0.0237),tensor(0.0338)
5698,5698,tensor(0.0809),tensor(0.0237),tensor(0.0338)
5699,5699,tensor(0.0809),tensor(0.0237),tensor(0.0338)
5700,5700,tensor(0.0809),tensor(0.0237),tensor(0.0338)
5701,5701,tensor(0.0809),tensor(0.0237),tensor(0.0338)
5702,5702,tensor(0.0809),tensor(0.0237),tensor(0.0338)
5703,5703,tensor(0.0809),tensor(0.0237),tensor(0.0338)
5704,5704,tensor(0.0809),tensor(0.0236),tensor(0.0338)
5705,5705,tensor(0.0809),tensor(0.0236),tensor(0.0338)
5706,5706,tensor(0.0809),tensor(0.0236),tensor(0.0338)
5707,5707,tensor(0.0809),tensor(0.0236),tensor(0.0338)
5708,5708,tensor(0.0809),tensor(0.0236),tensor(0.0338)
5709,5709,tensor(0.0809),tensor(0.0236),tensor(0.0338)
5710,5710,tensor(0.0809),tensor(0.0236),tensor(0.0338)
5711,5711,tensor(0.0809),tensor(0.0236),tensor(0.0338)
5712,5712,tensor(0.0809),tensor(0.0236),tensor(0.0338)
5713,5713,tensor(0.0809),tensor(0.0236),tensor(0.0338)
5714,5714,tensor(0.0809),tensor(0.0236),tensor(0.0338)
5715,5715,tensor(0.0809),tensor(0.0236),tensor(0.0338)
5716,5716,tensor(0.0809),tensor(0.0236),tensor(0.0338)
5717,5717,tensor(0.0809),tensor(0.0236),tensor(0.0338)
5718,5718,tensor(0.0808),tensor(0.0236),tensor(0.0338)
5719,5719,tensor(0.0808),tensor(0.0236),tensor(0.0338)
5720,5720,tensor(0.0808),tensor(0.0236),tensor(0.0338)
5721,5721,tensor(0.0808),tensor(0.0236),tensor(0.0338)
5722,5722,tensor(0.0808),tensor(0.0236),tensor(0.0338)
5723,5723,tensor(0.0808),tensor(0.0236),tensor(0.0338)
5724,5724,tensor(0.0808),tensor(0.0236),tensor(0.0338)
5725,5725,tensor(0.0808),tensor(0.0236),tensor(0.0338)
5726,5726,tensor(0.0808),tensor(0.0236),tensor(0.0338)
5727,5727,tensor(0.0808),tensor(0.0236),tensor(0.0338)
5728,5728,tensor(0.0808),tensor(0.0236),tensor(0.0338)
5729,5729,tensor(0.0808),tensor(0.0236),tensor(0.0338)
5730,5730,tensor(0.0808),tensor(0.0236),tensor(0.0338)
5731,5731,tensor(0.0808),tensor(0.0236),tensor(0.0338)
5732,5732,tensor(0.0808),tensor(0.0236),tensor(0.0338)
5733,5733,tensor(0.0808),tensor(0.0236),tensor(0.0338)
5734,5734,tensor(0.0808),tensor(0.0236),tensor(0.0338)
5735,5735,tensor(0.0808),tensor(0.0236),tensor(0.0338)
5736,5736,tensor(0.0808),tensor(0.0236),tensor(0.0338)
5737,5737,tensor(0.0808),tensor(0.0236),tensor(0.0338)
5738,5738,tensor(0.0808),tensor(0.0236),tensor(0.0338)
5739,5739,tensor(0.0808),tensor(0.0236),tensor(0.0338)
5740,5740,tensor(0.0808),tensor(0.0236),tensor(0.0338)
5741,5741,tensor(0.0808),tensor(0.0236),tensor(0.0338)
5742,5742,tensor(0.0808),tensor(0.0236),tensor(0.0338)
5743,5743,tensor(0.0808),tensor(0.0236),tensor(0.0338)
5744,5744,tensor(0.0808),tensor(0.0236),tensor(0.0338)
5745,5745,tensor(0.0808),tensor(0.0236),tensor(0.0338)
5746,5746,tensor(0.0808),tensor(0.0236),tensor(0.0338)
5747,5747,tensor(0.0808),tensor(0.0236),tensor(0.0338)
5748,5748,tensor(0.0808),tensor(0.0236),tensor(0.0338)
5749,5749,tensor(0.0808),tensor(0.0236),tensor(0.0338)
5750,5750,tensor(0.0808),tensor(0.0236),tensor(0.0337)
5751,5751,tensor(0.0808),tensor(0.0236),tensor(0.0337)
5752,5752,tensor(0.0808),tensor(0.0236),tensor(0.0337)
5753,5753,tensor(0.0808),tensor(0.0236),tensor(0.0337)
5754,5754,tensor(0.0808),tensor(0.0236),tensor(0.0337)
5755,5755,tensor(0.0808),tensor(0.0236),tensor(0.0337)
5756,5756,tensor(0.0808),tensor(0.0236),tensor(0.0337)
5757,5757,tensor(0.0808),tensor(0.0236),tensor(0.0337)
5758,5758,tensor(0.0808),tensor(0.0236),tensor(0.0337)
5759,5759,tensor(0.0808),tensor(0.0236),tensor(0.0337)
5760,5760,tensor(0.0808),tensor(0.0236),tensor(0.0337)
5761,5761,tensor(0.0808),tensor(0.0236),tensor(0.0337)
5762,5762,tensor(0.0808),tensor(0.0236),tensor(0.0337)
5763,5763,tensor(0.0808),tensor(0.0236),tensor(0.0337)
5764,5764,tensor(0.0808),tensor(0.0236),tensor(0.0337)
5765,5765,tensor(0.0808),tensor(0.0236),tensor(0.0337)
5766,5766,tensor(0.0808),tensor(0.0236),tensor(0.0337)
5767,5767,tensor(0.0808),tensor(0.0236),tensor(0.0337)
5768,5768,tensor(0.0808),tensor(0.0236),tensor(0.0337)
5769,5769,tensor(0.0808),tensor(0.0236),tensor(0.0337)
5770,5770,tensor(0.0808),tensor(0.0236),tensor(0.0337)
5771,5771,tensor(0.0808),tensor(0.0236),tensor(0.0337)
5772,5772,tensor(0.0808),tensor(0.0236),tensor(0.0337)
5773,5773,tensor(0.0808),tensor(0.0235),tensor(0.0337)
5774,5774,tensor(0.0808),tensor(0.0235),tensor(0.0337)
5775,5775,tensor(0.0808),tensor(0.0235),tensor(0.0337)
5776,5776,tensor(0.0808),tensor(0.0235),tensor(0.0337)
5777,5777,tensor(0.0808),tensor(0.0235),tensor(0.0337)
5778,5778,tensor(0.0808),tensor(0.0235),tensor(0.0337)
5779,5779,tensor(0.0808),tensor(0.0235),tensor(0.0337)
5780,5780,tensor(0.0808),tensor(0.0235),tensor(0.0337)
5781,5781,tensor(0.0808),tensor(0.0235),tensor(0.0337)
5782,5782,tensor(0.0808),tensor(0.0235),tensor(0.0337)
5783,5783,tensor(0.0808),tensor(0.0235),tensor(0.0337)
5784,5784,tensor(0.0808),tensor(0.0235),tensor(0.0337)
5785,5785,tensor(0.0808),tensor(0.0235),tensor(0.0337)
5786,5786,tensor(0.0808),tensor(0.0235),tensor(0.0337)
5787,5787,tensor(0.0808),tensor(0.0235),tensor(0.0337)
5788,5788,tensor(0.0808),tensor(0.0235),tensor(0.0337)
5789,5789,tensor(0.0808),tensor(0.0235),tensor(0.0337)
5790,5790,tensor(0.0808),tensor(0.0235),tensor(0.0337)
5791,5791,tensor(0.0808),tensor(0.0235),tensor(0.0337)
5792,5792,tensor(0.0808),tensor(0.0235),tensor(0.0337)
5793,5793,tensor(0.0808),tensor(0.0235),tensor(0.0337)
5794,5794,tensor(0.0808),tensor(0.0235),tensor(0.0337)
5795,5795,tensor(0.0808),tensor(0.0235),tensor(0.0337)
5796,5796,tensor(0.0808),tensor(0.0235),tensor(0.0337)
5797,5797,tensor(0.0808),tensor(0.0235),tensor(0.0337)
5798,5798,tensor(0.0808),tensor(0.0235),tensor(0.0337)
5799,5799,tensor(0.0808),tensor(0.0235),tensor(0.0337)
5800,5800,tensor(0.0808),tensor(0.0235),tensor(0.0337)
5801,5801,tensor(0.0808),tensor(0.0235),tensor(0.0337)
5802,5802,tensor(0.0808),tensor(0.0235),tensor(0.0337)
5803,5803,tensor(0.0808),tensor(0.0235),tensor(0.0337)
5804,5804,tensor(0.0808),tensor(0.0235),tensor(0.0337)
5805,5805,tensor(0.0808),tensor(0.0235),tensor(0.0337)
5806,5806,tensor(0.0808),tensor(0.0235),tensor(0.0337)
5807,5807,tensor(0.0808),tensor(0.0235),tensor(0.0337)
5808,5808,tensor(0.0808),tensor(0.0235),tensor(0.0337)
5809,5809,tensor(0.0808),tensor(0.0235),tensor(0.0337)
5810,5810,tensor(0.0808),tensor(0.0235),tensor(0.0337)
5811,5811,tensor(0.0808),tensor(0.0235),tensor(0.0337)
5812,5812,tensor(0.0808),tensor(0.0235),tensor(0.0337)
5813,5813,tensor(0.0808),tensor(0.0235),tensor(0.0337)
5814,5814,tensor(0.0808),tensor(0.0235),tensor(0.0337)
5815,5815,tensor(0.0808),tensor(0.0235),tensor(0.0337)
5816,5816,tensor(0.0808),tensor(0.0235),tensor(0.0337)
5817,5817,tensor(0.0808),tensor(0.0235),tensor(0.0337)
5818,5818,tensor(0.0808),tensor(0.0235),tensor(0.0337)
5819,5819,tensor(0.0808),tensor(0.0235),tensor(0.0337)
5820,5820,tensor(0.0808),tensor(0.0235),tensor(0.0336)
5821,5821,tensor(0.0808),tensor(0.0235),tensor(0.0336)
5822,5822,tensor(0.0808),tensor(0.0235),tensor(0.0336)
5823,5823,tensor(0.0808),tensor(0.0235),tensor(0.0336)
5824,5824,tensor(0.0808),tensor(0.0235),tensor(0.0336)
5825,5825,tensor(0.0808),tensor(0.0235),tensor(0.0336)
5826,5826,tensor(0.0808),tensor(0.0235),tensor(0.0336)
5827,5827,tensor(0.0808),tensor(0.0235),tensor(0.0336)
5828,5828,tensor(0.0808),tensor(0.0235),tensor(0.0336)
5829,5829,tensor(0.0808),tensor(0.0235),tensor(0.0336)
5830,5830,tensor(0.0808),tensor(0.0235),tensor(0.0336)
5831,5831,tensor(0.0808),tensor(0.0235),tensor(0.0336)
5832,5832,tensor(0.0808),tensor(0.0235),tensor(0.0336)
5833,5833,tensor(0.0808),tensor(0.0235),tensor(0.0336)
5834,5834,tensor(0.0808),tensor(0.0235),tensor(0.0336)
5835,5835,tensor(0.0808),tensor(0.0235),tensor(0.0336)
5836,5836,tensor(0.0808),tensor(0.0235),tensor(0.0336)
5837,5837,tensor(0.0808),tensor(0.0235),tensor(0.0336)
5838,5838,tensor(0.0808),tensor(0.0235),tensor(0.0336)
5839,5839,tensor(0.0808),tensor(0.0235),tensor(0.0336)
5840,5840,tensor(0.0808),tensor(0.0235),tensor(0.0336)
5841,5841,tensor(0.0808),tensor(0.0235),tensor(0.0336)
5842,5842,tensor(0.0808),tensor(0.0235),tensor(0.0336)
5843,5843,tensor(0.0808),tensor(0.0235),tensor(0.0336)
5844,5844,tensor(0.0808),tensor(0.0234),tensor(0.0336)
5845,5845,tensor(0.0808),tensor(0.0234),tensor(0.0336)
5846,5846,tensor(0.0808),tensor(0.0234),tensor(0.0336)
5847,5847,tensor(0.0808),tensor(0.0234),tensor(0.0336)
5848,5848,tensor(0.0808),tensor(0.0234),tensor(0.0336)
5849,5849,tensor(0.0808),tensor(0.0234),tensor(0.0336)
5850,5850,tensor(0.0808),tensor(0.0234),tensor(0.0336)
5851,5851,tensor(0.0808),tensor(0.0234),tensor(0.0336)
5852,5852,tensor(0.0808),tensor(0.0234),tensor(0.0336)
5853,5853,tensor(0.0808),tensor(0.0234),tensor(0.0336)
5854,5854,tensor(0.0808),tensor(0.0234),tensor(0.0336)
5855,5855,tensor(0.0808),tensor(0.0234),tensor(0.0336)
5856,5856,tensor(0.0808),tensor(0.0234),tensor(0.0336)
5857,5857,tensor(0.0808),tensor(0.0234),tensor(0.0336)
5858,5858,tensor(0.0808),tensor(0.0234),tensor(0.0336)
5859,5859,tensor(0.0808),tensor(0.0234),tensor(0.0336)
5860,5860,tensor(0.0808),tensor(0.0234),tensor(0.0336)
5861,5861,tensor(0.0808),tensor(0.0234),tensor(0.0336)
5862,5862,tensor(0.0808),tensor(0.0234),tensor(0.0336)
5863,5863,tensor(0.0808),tensor(0.0234),tensor(0.0336)
5864,5864,tensor(0.0808),tensor(0.0234),tensor(0.0336)
5865,5865,tensor(0.0808),tensor(0.0234),tensor(0.0336)
5866,5866,tensor(0.0808),tensor(0.0234),tensor(0.0336)
5867,5867,tensor(0.0808),tensor(0.0234),tensor(0.0336)
5868,5868,tensor(0.0808),tensor(0.0234),tensor(0.0336)
5869,5869,tensor(0.0808),tensor(0.0234),tensor(0.0336)
5870,5870,tensor(0.0808),tensor(0.0234),tensor(0.0336)
5871,5871,tensor(0.0808),tensor(0.0234),tensor(0.0336)
5872,5872,tensor(0.0808),tensor(0.0234),tensor(0.0336)
5873,5873,tensor(0.0808),tensor(0.0234),tensor(0.0336)
5874,5874,tensor(0.0808),tensor(0.0234),tensor(0.0336)
5875,5875,tensor(0.0808),tensor(0.0234),tensor(0.0336)
5876,5876,tensor(0.0808),tensor(0.0234),tensor(0.0336)
5877,5877,tensor(0.0808),tensor(0.0234),tensor(0.0336)
5878,5878,tensor(0.0808),tensor(0.0234),tensor(0.0336)
5879,5879,tensor(0.0808),tensor(0.0234),tensor(0.0336)
5880,5880,tensor(0.0808),tensor(0.0234),tensor(0.0336)
5881,5881,tensor(0.0808),tensor(0.0234),tensor(0.0336)
5882,5882,tensor(0.0808),tensor(0.0234),tensor(0.0336)
5883,5883,tensor(0.0808),tensor(0.0234),tensor(0.0336)
5884,5884,tensor(0.0808),tensor(0.0234),tensor(0.0336)
5885,5885,tensor(0.0808),tensor(0.0234),tensor(0.0336)
5886,5886,tensor(0.0808),tensor(0.0234),tensor(0.0336)
5887,5887,tensor(0.0808),tensor(0.0234),tensor(0.0336)
5888,5888,tensor(0.0808),tensor(0.0234),tensor(0.0336)
5889,5889,tensor(0.0808),tensor(0.0234),tensor(0.0336)
5890,5890,tensor(0.0808),tensor(0.0234),tensor(0.0336)
5891,5891,tensor(0.0808),tensor(0.0234),tensor(0.0336)
5892,5892,tensor(0.0808),tensor(0.0234),tensor(0.0336)
5893,5893,tensor(0.0808),tensor(0.0234),tensor(0.0336)
5894,5894,tensor(0.0808),tensor(0.0234),tensor(0.0335)
5895,5895,tensor(0.0808),tensor(0.0234),tensor(0.0335)
5896,5896,tensor(0.0808),tensor(0.0234),tensor(0.0335)
5897,5897,tensor(0.0808),tensor(0.0234),tensor(0.0335)
5898,5898,tensor(0.0808),tensor(0.0234),tensor(0.0335)
5899,5899,tensor(0.0808),tensor(0.0234),tensor(0.0335)
5900,5900,tensor(0.0808),tensor(0.0234),tensor(0.0335)
5901,5901,tensor(0.0808),tensor(0.0234),tensor(0.0335)
5902,5902,tensor(0.0808),tensor(0.0234),tensor(0.0335)
5903,5903,tensor(0.0808),tensor(0.0234),tensor(0.0335)
5904,5904,tensor(0.0808),tensor(0.0234),tensor(0.0335)
5905,5905,tensor(0.0808),tensor(0.0234),tensor(0.0335)
5906,5906,tensor(0.0808),tensor(0.0234),tensor(0.0335)
5907,5907,tensor(0.0808),tensor(0.0234),tensor(0.0335)
5908,5908,tensor(0.0808),tensor(0.0234),tensor(0.0335)
5909,5909,tensor(0.0808),tensor(0.0234),tensor(0.0335)
5910,5910,tensor(0.0808),tensor(0.0234),tensor(0.0335)
5911,5911,tensor(0.0808),tensor(0.0234),tensor(0.0335)
5912,5912,tensor(0.0808),tensor(0.0234),tensor(0.0335)
5913,5913,tensor(0.0808),tensor(0.0234),tensor(0.0335)
5914,5914,tensor(0.0808),tensor(0.0234),tensor(0.0335)
5915,5915,tensor(0.0808),tensor(0.0234),tensor(0.0335)
5916,5916,tensor(0.0808),tensor(0.0234),tensor(0.0335)
5917,5917,tensor(0.0808),tensor(0.0234),tensor(0.0335)
5918,5918,tensor(0.0808),tensor(0.0234),tensor(0.0335)
5919,5919,tensor(0.0808),tensor(0.0233),tensor(0.0335)
5920,5920,tensor(0.0808),tensor(0.0233),tensor(0.0335)
5921,5921,tensor(0.0808),tensor(0.0233),tensor(0.0335)
5922,5922,tensor(0.0808),tensor(0.0233),tensor(0.0335)
5923,5923,tensor(0.0808),tensor(0.0233),tensor(0.0335)
5924,5924,tensor(0.0808),tensor(0.0233),tensor(0.0335)
5925,5925,tensor(0.0808),tensor(0.0233),tensor(0.0335)
5926,5926,tensor(0.0808),tensor(0.0233),tensor(0.0335)
5927,5927,tensor(0.0808),tensor(0.0233),tensor(0.0335)
5928,5928,tensor(0.0808),tensor(0.0233),tensor(0.0335)
5929,5929,tensor(0.0808),tensor(0.0233),tensor(0.0335)
5930,5930,tensor(0.0808),tensor(0.0233),tensor(0.0335)
5931,5931,tensor(0.0808),tensor(0.0233),tensor(0.0335)
5932,5932,tensor(0.0808),tensor(0.0233),tensor(0.0335)
5933,5933,tensor(0.0807),tensor(0.0233),tensor(0.0335)
5934,5934,tensor(0.0807),tensor(0.0233),tensor(0.0335)
5935,5935,tensor(0.0807),tensor(0.0233),tensor(0.0335)
5936,5936,tensor(0.0807),tensor(0.0233),tensor(0.0335)
5937,5937,tensor(0.0807),tensor(0.0233),tensor(0.0335)
5938,5938,tensor(0.0807),tensor(0.0233),tensor(0.0335)
5939,5939,tensor(0.0807),tensor(0.0233),tensor(0.0335)
5940,5940,tensor(0.0807),tensor(0.0233),tensor(0.0335)
5941,5941,tensor(0.0807),tensor(0.0233),tensor(0.0335)
5942,5942,tensor(0.0807),tensor(0.0233),tensor(0.0335)
5943,5943,tensor(0.0807),tensor(0.0233),tensor(0.0335)
5944,5944,tensor(0.0807),tensor(0.0233),tensor(0.0335)
5945,5945,tensor(0.0807),tensor(0.0233),tensor(0.0335)
5946,5946,tensor(0.0807),tensor(0.0233),tensor(0.0335)
5947,5947,tensor(0.0807),tensor(0.0233),tensor(0.0335)
5948,5948,tensor(0.0807),tensor(0.0233),tensor(0.0335)
5949,5949,tensor(0.0807),tensor(0.0233),tensor(0.0335)
5950,5950,tensor(0.0807),tensor(0.0233),tensor(0.0335)
5951,5951,tensor(0.0807),tensor(0.0233),tensor(0.0335)
5952,5952,tensor(0.0807),tensor(0.0233),tensor(0.0335)
5953,5953,tensor(0.0807),tensor(0.0233),tensor(0.0335)
5954,5954,tensor(0.0807),tensor(0.0233),tensor(0.0335)
5955,5955,tensor(0.0807),tensor(0.0233),tensor(0.0335)
5956,5956,tensor(0.0807),tensor(0.0233),tensor(0.0335)
5957,5957,tensor(0.0807),tensor(0.0233),tensor(0.0335)
5958,5958,tensor(0.0807),tensor(0.0233),tensor(0.0335)
5959,5959,tensor(0.0807),tensor(0.0233),tensor(0.0335)
5960,5960,tensor(0.0807),tensor(0.0233),tensor(0.0335)
5961,5961,tensor(0.0807),tensor(0.0233),tensor(0.0335)
5962,5962,tensor(0.0807),tensor(0.0233),tensor(0.0335)
5963,5963,tensor(0.0807),tensor(0.0233),tensor(0.0335)
5964,5964,tensor(0.0807),tensor(0.0233),tensor(0.0335)
5965,5965,tensor(0.0807),tensor(0.0233),tensor(0.0335)
5966,5966,tensor(0.0807),tensor(0.0233),tensor(0.0335)
5967,5967,tensor(0.0807),tensor(0.0233),tensor(0.0335)
5968,5968,tensor(0.0807),tensor(0.0233),tensor(0.0335)
5969,5969,tensor(0.0807),tensor(0.0233),tensor(0.0335)
5970,5970,tensor(0.0807),tensor(0.0233),tensor(0.0334)
5971,5971,tensor(0.0807),tensor(0.0233),tensor(0.0334)
5972,5972,tensor(0.0807),tensor(0.0233),tensor(0.0334)
5973,5973,tensor(0.0807),tensor(0.0233),tensor(0.0334)
5974,5974,tensor(0.0807),tensor(0.0233),tensor(0.0334)
5975,5975,tensor(0.0807),tensor(0.0233),tensor(0.0334)
5976,5976,tensor(0.0807),tensor(0.0233),tensor(0.0334)
5977,5977,tensor(0.0807),tensor(0.0233),tensor(0.0334)
5978,5978,tensor(0.0807),tensor(0.0233),tensor(0.0334)
5979,5979,tensor(0.0807),tensor(0.0233),tensor(0.0334)
5980,5980,tensor(0.0807),tensor(0.0233),tensor(0.0334)
5981,5981,tensor(0.0807),tensor(0.0233),tensor(0.0334)
5982,5982,tensor(0.0807),tensor(0.0233),tensor(0.0334)
5983,5983,tensor(0.0807),tensor(0.0233),tensor(0.0334)
5984,5984,tensor(0.0807),tensor(0.0233),tensor(0.0334)
5985,5985,tensor(0.0807),tensor(0.0233),tensor(0.0334)
5986,5986,tensor(0.0807),tensor(0.0233),tensor(0.0334)
5987,5987,tensor(0.0807),tensor(0.0233),tensor(0.0334)
5988,5988,tensor(0.0807),tensor(0.0233),tensor(0.0334)
5989,5989,tensor(0.0807),tensor(0.0233),tensor(0.0334)
5990,5990,tensor(0.0807),tensor(0.0233),tensor(0.0334)
5991,5991,tensor(0.0807),tensor(0.0233),tensor(0.0334)
5992,5992,tensor(0.0807),tensor(0.0233),tensor(0.0334)
5993,5993,tensor(0.0807),tensor(0.0233),tensor(0.0334)
5994,5994,tensor(0.0807),tensor(0.0233),tensor(0.0334)
5995,5995,tensor(0.0807),tensor(0.0233),tensor(0.0334)
5996,5996,tensor(0.0807),tensor(0.0233),tensor(0.0334)
5997,5997,tensor(0.0807),tensor(0.0232),tensor(0.0334)
5998,5998,tensor(0.0807),tensor(0.0232),tensor(0.0334)
5999,5999,tensor(0.0807),tensor(0.0232),tensor(0.0334)
6000,6000,tensor(0.0807),tensor(0.0232),tensor(0.0334)
6001,6001,tensor(0.0807),tensor(0.0232),tensor(0.0334)
6002,6002,tensor(0.0807),tensor(0.0232),tensor(0.0334)
6003,6003,tensor(0.0807),tensor(0.0232),tensor(0.0334)
6004,6004,tensor(0.0807),tensor(0.0232),tensor(0.0334)
6005,6005,tensor(0.0807),tensor(0.0232),tensor(0.0334)
6006,6006,tensor(0.0807),tensor(0.0232),tensor(0.0334)
6007,6007,tensor(0.0807),tensor(0.0232),tensor(0.0334)
6008,6008,tensor(0.0807),tensor(0.0232),tensor(0.0334)
6009,6009,tensor(0.0807),tensor(0.0232),tensor(0.0334)
6010,6010,tensor(0.0807),tensor(0.0232),tensor(0.0334)
6011,6011,tensor(0.0807),tensor(0.0232),tensor(0.0334)
6012,6012,tensor(0.0807),tensor(0.0232),tensor(0.0334)
6013,6013,tensor(0.0807),tensor(0.0232),tensor(0.0334)
6014,6014,tensor(0.0807),tensor(0.0232),tensor(0.0334)
6015,6015,tensor(0.0807),tensor(0.0232),tensor(0.0334)
6016,6016,tensor(0.0807),tensor(0.0232),tensor(0.0334)
6017,6017,tensor(0.0807),tensor(0.0232),tensor(0.0334)
6018,6018,tensor(0.0807),tensor(0.0232),tensor(0.0334)
6019,6019,tensor(0.0807),tensor(0.0232),tensor(0.0334)
6020,6020,tensor(0.0807),tensor(0.0232),tensor(0.0334)
6021,6021,tensor(0.0807),tensor(0.0232),tensor(0.0334)
6022,6022,tensor(0.0807),tensor(0.0232),tensor(0.0334)
6023,6023,tensor(0.0807),tensor(0.0232),tensor(0.0334)
6024,6024,tensor(0.0807),tensor(0.0232),tensor(0.0334)
6025,6025,tensor(0.0807),tensor(0.0232),tensor(0.0334)
6026,6026,tensor(0.0807),tensor(0.0232),tensor(0.0334)
6027,6027,tensor(0.0807),tensor(0.0232),tensor(0.0334)
6028,6028,tensor(0.0807),tensor(0.0232),tensor(0.0334)
6029,6029,tensor(0.0807),tensor(0.0232),tensor(0.0334)
6030,6030,tensor(0.0807),tensor(0.0232),tensor(0.0334)
6031,6031,tensor(0.0807),tensor(0.0232),tensor(0.0334)
6032,6032,tensor(0.0807),tensor(0.0232),tensor(0.0334)
6033,6033,tensor(0.0807),tensor(0.0232),tensor(0.0334)
6034,6034,tensor(0.0807),tensor(0.0232),tensor(0.0334)
6035,6035,tensor(0.0807),tensor(0.0232),tensor(0.0334)
6036,6036,tensor(0.0807),tensor(0.0232),tensor(0.0334)
6037,6037,tensor(0.0807),tensor(0.0232),tensor(0.0334)
6038,6038,tensor(0.0807),tensor(0.0232),tensor(0.0334)
6039,6039,tensor(0.0807),tensor(0.0232),tensor(0.0334)
6040,6040,tensor(0.0807),tensor(0.0232),tensor(0.0334)
6041,6041,tensor(0.0807),tensor(0.0232),tensor(0.0334)
6042,6042,tensor(0.0807),tensor(0.0232),tensor(0.0334)
6043,6043,tensor(0.0807),tensor(0.0232),tensor(0.0334)
6044,6044,tensor(0.0807),tensor(0.0232),tensor(0.0334)
6045,6045,tensor(0.0807),tensor(0.0232),tensor(0.0334)
6046,6046,tensor(0.0807),tensor(0.0232),tensor(0.0334)
6047,6047,tensor(0.0807),tensor(0.0232),tensor(0.0334)
6048,6048,tensor(0.0807),tensor(0.0232),tensor(0.0334)
6049,6049,tensor(0.0807),tensor(0.0232),tensor(0.0334)
6050,6050,tensor(0.0807),tensor(0.0232),tensor(0.0333)
6051,6051,tensor(0.0807),tensor(0.0232),tensor(0.0333)
6052,6052,tensor(0.0807),tensor(0.0232),tensor(0.0333)
6053,6053,tensor(0.0807),tensor(0.0232),tensor(0.0333)
6054,6054,tensor(0.0807),tensor(0.0232),tensor(0.0333)
6055,6055,tensor(0.0807),tensor(0.0232),tensor(0.0333)
6056,6056,tensor(0.0807),tensor(0.0232),tensor(0.0333)
6057,6057,tensor(0.0807),tensor(0.0232),tensor(0.0333)
6058,6058,tensor(0.0807),tensor(0.0232),tensor(0.0333)
6059,6059,tensor(0.0807),tensor(0.0232),tensor(0.0333)
6060,6060,tensor(0.0807),tensor(0.0232),tensor(0.0333)
6061,6061,tensor(0.0807),tensor(0.0232),tensor(0.0333)
6062,6062,tensor(0.0807),tensor(0.0232),tensor(0.0333)
6063,6063,tensor(0.0807),tensor(0.0232),tensor(0.0333)
6064,6064,tensor(0.0807),tensor(0.0232),tensor(0.0333)
6065,6065,tensor(0.0807),tensor(0.0232),tensor(0.0333)
6066,6066,tensor(0.0807),tensor(0.0232),tensor(0.0333)
6067,6067,tensor(0.0807),tensor(0.0232),tensor(0.0333)
6068,6068,tensor(0.0807),tensor(0.0232),tensor(0.0333)
6069,6069,tensor(0.0807),tensor(0.0232),tensor(0.0333)
6070,6070,tensor(0.0807),tensor(0.0232),tensor(0.0333)
6071,6071,tensor(0.0807),tensor(0.0232),tensor(0.0333)
6072,6072,tensor(0.0807),tensor(0.0232),tensor(0.0333)
6073,6073,tensor(0.0807),tensor(0.0232),tensor(0.0333)
6074,6074,tensor(0.0807),tensor(0.0232),tensor(0.0333)
6075,6075,tensor(0.0807),tensor(0.0232),tensor(0.0333)
6076,6076,tensor(0.0807),tensor(0.0232),tensor(0.0333)
6077,6077,tensor(0.0807),tensor(0.0232),tensor(0.0333)
6078,6078,tensor(0.0807),tensor(0.0232),tensor(0.0333)
6079,6079,tensor(0.0807),tensor(0.0232),tensor(0.0333)
6080,6080,tensor(0.0807),tensor(0.0231),tensor(0.0333)
6081,6081,tensor(0.0807),tensor(0.0231),tensor(0.0333)
6082,6082,tensor(0.0807),tensor(0.0231),tensor(0.0333)
6083,6083,tensor(0.0807),tensor(0.0231),tensor(0.0333)
6084,6084,tensor(0.0807),tensor(0.0231),tensor(0.0333)
6085,6085,tensor(0.0807),tensor(0.0231),tensor(0.0333)
6086,6086,tensor(0.0807),tensor(0.0231),tensor(0.0333)
6087,6087,tensor(0.0807),tensor(0.0231),tensor(0.0333)
6088,6088,tensor(0.0807),tensor(0.0231),tensor(0.0333)
6089,6089,tensor(0.0807),tensor(0.0231),tensor(0.0333)
6090,6090,tensor(0.0807),tensor(0.0231),tensor(0.0333)
6091,6091,tensor(0.0807),tensor(0.0231),tensor(0.0333)
6092,6092,tensor(0.0807),tensor(0.0231),tensor(0.0333)
6093,6093,tensor(0.0807),tensor(0.0231),tensor(0.0333)
6094,6094,tensor(0.0807),tensor(0.0231),tensor(0.0333)
6095,6095,tensor(0.0807),tensor(0.0231),tensor(0.0333)
6096,6096,tensor(0.0807),tensor(0.0231),tensor(0.0333)
6097,6097,tensor(0.0807),tensor(0.0231),tensor(0.0333)
6098,6098,tensor(0.0807),tensor(0.0231),tensor(0.0333)
6099,6099,tensor(0.0807),tensor(0.0231),tensor(0.0333)
6100,6100,tensor(0.0807),tensor(0.0231),tensor(0.0333)
6101,6101,tensor(0.0807),tensor(0.0231),tensor(0.0333)
6102,6102,tensor(0.0807),tensor(0.0231),tensor(0.0333)
6103,6103,tensor(0.0807),tensor(0.0231),tensor(0.0333)
6104,6104,tensor(0.0807),tensor(0.0231),tensor(0.0333)
6105,6105,tensor(0.0807),tensor(0.0231),tensor(0.0333)
6106,6106,tensor(0.0807),tensor(0.0231),tensor(0.0333)
6107,6107,tensor(0.0807),tensor(0.0231),tensor(0.0333)
6108,6108,tensor(0.0807),tensor(0.0231),tensor(0.0333)
6109,6109,tensor(0.0807),tensor(0.0231),tensor(0.0333)
6110,6110,tensor(0.0807),tensor(0.0231),tensor(0.0333)
6111,6111,tensor(0.0807),tensor(0.0231),tensor(0.0333)
6112,6112,tensor(0.0807),tensor(0.0231),tensor(0.0333)
6113,6113,tensor(0.0807),tensor(0.0231),tensor(0.0333)
6114,6114,tensor(0.0807),tensor(0.0231),tensor(0.0333)
6115,6115,tensor(0.0807),tensor(0.0231),tensor(0.0333)
6116,6116,tensor(0.0807),tensor(0.0231),tensor(0.0333)
6117,6117,tensor(0.0807),tensor(0.0231),tensor(0.0333)
6118,6118,tensor(0.0807),tensor(0.0231),tensor(0.0333)
6119,6119,tensor(0.0807),tensor(0.0231),tensor(0.0333)
6120,6120,tensor(0.0807),tensor(0.0231),tensor(0.0333)
6121,6121,tensor(0.0807),tensor(0.0231),tensor(0.0333)
6122,6122,tensor(0.0807),tensor(0.0231),tensor(0.0333)
6123,6123,tensor(0.0807),tensor(0.0231),tensor(0.0333)
6124,6124,tensor(0.0807),tensor(0.0231),tensor(0.0333)
6125,6125,tensor(0.0807),tensor(0.0231),tensor(0.0333)
6126,6126,tensor(0.0807),tensor(0.0231),tensor(0.0333)
6127,6127,tensor(0.0807),tensor(0.0231),tensor(0.0333)
6128,6128,tensor(0.0807),tensor(0.0231),tensor(0.0333)
6129,6129,tensor(0.0807),tensor(0.0231),tensor(0.0333)
6130,6130,tensor(0.0807),tensor(0.0231),tensor(0.0333)
6131,6131,tensor(0.0807),tensor(0.0231),tensor(0.0333)
6132,6132,tensor(0.0807),tensor(0.0231),tensor(0.0333)
6133,6133,tensor(0.0807),tensor(0.0231),tensor(0.0333)
6134,6134,tensor(0.0807),tensor(0.0231),tensor(0.0333)
6135,6135,tensor(0.0807),tensor(0.0231),tensor(0.0332)
6136,6136,tensor(0.0807),tensor(0.0231),tensor(0.0332)
6137,6137,tensor(0.0807),tensor(0.0231),tensor(0.0332)
6138,6138,tensor(0.0807),tensor(0.0231),tensor(0.0332)
6139,6139,tensor(0.0807),tensor(0.0231),tensor(0.0332)
6140,6140,tensor(0.0807),tensor(0.0231),tensor(0.0332)
6141,6141,tensor(0.0807),tensor(0.0231),tensor(0.0332)
6142,6142,tensor(0.0807),tensor(0.0231),tensor(0.0332)
6143,6143,tensor(0.0807),tensor(0.0231),tensor(0.0332)
6144,6144,tensor(0.0807),tensor(0.0231),tensor(0.0332)
6145,6145,tensor(0.0807),tensor(0.0231),tensor(0.0332)
6146,6146,tensor(0.0807),tensor(0.0231),tensor(0.0332)
6147,6147,tensor(0.0807),tensor(0.0231),tensor(0.0332)
6148,6148,tensor(0.0807),tensor(0.0231),tensor(0.0332)
6149,6149,tensor(0.0807),tensor(0.0231),tensor(0.0332)
6150,6150,tensor(0.0807),tensor(0.0231),tensor(0.0332)
6151,6151,tensor(0.0807),tensor(0.0231),tensor(0.0332)
6152,6152,tensor(0.0807),tensor(0.0231),tensor(0.0332)
6153,6153,tensor(0.0807),tensor(0.0231),tensor(0.0332)
6154,6154,tensor(0.0807),tensor(0.0231),tensor(0.0332)
6155,6155,tensor(0.0807),tensor(0.0231),tensor(0.0332)
6156,6156,tensor(0.0807),tensor(0.0231),tensor(0.0332)
6157,6157,tensor(0.0807),tensor(0.0231),tensor(0.0332)
6158,6158,tensor(0.0807),tensor(0.0231),tensor(0.0332)
6159,6159,tensor(0.0807),tensor(0.0231),tensor(0.0332)
6160,6160,tensor(0.0807),tensor(0.0231),tensor(0.0332)
6161,6161,tensor(0.0807),tensor(0.0231),tensor(0.0332)
6162,6162,tensor(0.0807),tensor(0.0231),tensor(0.0332)
6163,6163,tensor(0.0807),tensor(0.0231),tensor(0.0332)
6164,6164,tensor(0.0807),tensor(0.0231),tensor(0.0332)
6165,6165,tensor(0.0807),tensor(0.0231),tensor(0.0332)
6166,6166,tensor(0.0807),tensor(0.0231),tensor(0.0332)
6167,6167,tensor(0.0807),tensor(0.0230),tensor(0.0332)
6168,6168,tensor(0.0807),tensor(0.0230),tensor(0.0332)
6169,6169,tensor(0.0807),tensor(0.0230),tensor(0.0332)
6170,6170,tensor(0.0807),tensor(0.0230),tensor(0.0332)
6171,6171,tensor(0.0807),tensor(0.0230),tensor(0.0332)
6172,6172,tensor(0.0807),tensor(0.0230),tensor(0.0332)
6173,6173,tensor(0.0807),tensor(0.0230),tensor(0.0332)
6174,6174,tensor(0.0807),tensor(0.0230),tensor(0.0332)
6175,6175,tensor(0.0807),tensor(0.0230),tensor(0.0332)
6176,6176,tensor(0.0807),tensor(0.0230),tensor(0.0332)
6177,6177,tensor(0.0807),tensor(0.0230),tensor(0.0332)
6178,6178,tensor(0.0807),tensor(0.0230),tensor(0.0332)
6179,6179,tensor(0.0807),tensor(0.0230),tensor(0.0332)
6180,6180,tensor(0.0807),tensor(0.0230),tensor(0.0332)
6181,6181,tensor(0.0807),tensor(0.0230),tensor(0.0332)
6182,6182,tensor(0.0807),tensor(0.0230),tensor(0.0332)
6183,6183,tensor(0.0807),tensor(0.0230),tensor(0.0332)
6184,6184,tensor(0.0807),tensor(0.0230),tensor(0.0332)
6185,6185,tensor(0.0807),tensor(0.0230),tensor(0.0332)
6186,6186,tensor(0.0807),tensor(0.0230),tensor(0.0332)
6187,6187,tensor(0.0807),tensor(0.0230),tensor(0.0332)
6188,6188,tensor(0.0807),tensor(0.0230),tensor(0.0332)
6189,6189,tensor(0.0807),tensor(0.0230),tensor(0.0332)
6190,6190,tensor(0.0807),tensor(0.0230),tensor(0.0332)
6191,6191,tensor(0.0807),tensor(0.0230),tensor(0.0332)
6192,6192,tensor(0.0807),tensor(0.0230),tensor(0.0332)
6193,6193,tensor(0.0807),tensor(0.0230),tensor(0.0332)
6194,6194,tensor(0.0807),tensor(0.0230),tensor(0.0332)
6195,6195,tensor(0.0807),tensor(0.0230),tensor(0.0332)
6196,6196,tensor(0.0807),tensor(0.0230),tensor(0.0332)
6197,6197,tensor(0.0807),tensor(0.0230),tensor(0.0332)
6198,6198,tensor(0.0807),tensor(0.0230),tensor(0.0332)
6199,6199,tensor(0.0807),tensor(0.0230),tensor(0.0332)
6200,6200,tensor(0.0807),tensor(0.0230),tensor(0.0332)
6201,6201,tensor(0.0807),tensor(0.0230),tensor(0.0332)
6202,6202,tensor(0.0807),tensor(0.0230),tensor(0.0332)
6203,6203,tensor(0.0807),tensor(0.0230),tensor(0.0332)
6204,6204,tensor(0.0807),tensor(0.0230),tensor(0.0332)
6205,6205,tensor(0.0807),tensor(0.0230),tensor(0.0332)
6206,6206,tensor(0.0807),tensor(0.0230),tensor(0.0332)
6207,6207,tensor(0.0807),tensor(0.0230),tensor(0.0332)
6208,6208,tensor(0.0807),tensor(0.0230),tensor(0.0332)
6209,6209,tensor(0.0807),tensor(0.0230),tensor(0.0332)
6210,6210,tensor(0.0807),tensor(0.0230),tensor(0.0332)
6211,6211,tensor(0.0807),tensor(0.0230),tensor(0.0332)
6212,6212,tensor(0.0807),tensor(0.0230),tensor(0.0332)
6213,6213,tensor(0.0807),tensor(0.0230),tensor(0.0332)
6214,6214,tensor(0.0807),tensor(0.0230),tensor(0.0332)
6215,6215,tensor(0.0807),tensor(0.0230),tensor(0.0332)
6216,6216,tensor(0.0807),tensor(0.0230),tensor(0.0332)
6217,6217,tensor(0.0807),tensor(0.0230),tensor(0.0332)
6218,6218,tensor(0.0807),tensor(0.0230),tensor(0.0332)
6219,6219,tensor(0.0807),tensor(0.0230),tensor(0.0332)
6220,6220,tensor(0.0807),tensor(0.0230),tensor(0.0332)
6221,6221,tensor(0.0807),tensor(0.0230),tensor(0.0332)
6222,6222,tensor(0.0807),tensor(0.0230),tensor(0.0332)
6223,6223,tensor(0.0807),tensor(0.0230),tensor(0.0332)
6224,6224,tensor(0.0807),tensor(0.0230),tensor(0.0332)
6225,6225,tensor(0.0807),tensor(0.0230),tensor(0.0332)
6226,6226,tensor(0.0807),tensor(0.0230),tensor(0.0331)
6227,6227,tensor(0.0807),tensor(0.0230),tensor(0.0331)
6228,6228,tensor(0.0807),tensor(0.0230),tensor(0.0331)
6229,6229,tensor(0.0807),tensor(0.0230),tensor(0.0331)
6230,6230,tensor(0.0807),tensor(0.0230),tensor(0.0331)
6231,6231,tensor(0.0807),tensor(0.0230),tensor(0.0331)
6232,6232,tensor(0.0807),tensor(0.0230),tensor(0.0331)
6233,6233,tensor(0.0807),tensor(0.0230),tensor(0.0331)
6234,6234,tensor(0.0807),tensor(0.0230),tensor(0.0331)
6235,6235,tensor(0.0807),tensor(0.0230),tensor(0.0331)
6236,6236,tensor(0.0807),tensor(0.0230),tensor(0.0331)
6237,6237,tensor(0.0807),tensor(0.0230),tensor(0.0331)
6238,6238,tensor(0.0807),tensor(0.0230),tensor(0.0331)
6239,6239,tensor(0.0807),tensor(0.0230),tensor(0.0331)
6240,6240,tensor(0.0807),tensor(0.0230),tensor(0.0331)
6241,6241,tensor(0.0807),tensor(0.0230),tensor(0.0331)
6242,6242,tensor(0.0807),tensor(0.0230),tensor(0.0331)
6243,6243,tensor(0.0807),tensor(0.0230),tensor(0.0331)
6244,6244,tensor(0.0807),tensor(0.0230),tensor(0.0331)
6245,6245,tensor(0.0807),tensor(0.0230),tensor(0.0331)
6246,6246,tensor(0.0807),tensor(0.0230),tensor(0.0331)
6247,6247,tensor(0.0807),tensor(0.0230),tensor(0.0331)
6248,6248,tensor(0.0807),tensor(0.0230),tensor(0.0331)
6249,6249,tensor(0.0807),tensor(0.0230),tensor(0.0331)
6250,6250,tensor(0.0807),tensor(0.0230),tensor(0.0331)
6251,6251,tensor(0.0807),tensor(0.0230),tensor(0.0331)
6252,6252,tensor(0.0807),tensor(0.0230),tensor(0.0331)
6253,6253,tensor(0.0807),tensor(0.0230),tensor(0.0331)
6254,6254,tensor(0.0807),tensor(0.0230),tensor(0.0331)
6255,6255,tensor(0.0807),tensor(0.0230),tensor(0.0331)
6256,6256,tensor(0.0807),tensor(0.0230),tensor(0.0331)
6257,6257,tensor(0.0807),tensor(0.0230),tensor(0.0331)
6258,6258,tensor(0.0807),tensor(0.0230),tensor(0.0331)
6259,6259,tensor(0.0807),tensor(0.0230),tensor(0.0331)
6260,6260,tensor(0.0807),tensor(0.0230),tensor(0.0331)
6261,6261,tensor(0.0807),tensor(0.0229),tensor(0.0331)
6262,6262,tensor(0.0807),tensor(0.0229),tensor(0.0331)
6263,6263,tensor(0.0807),tensor(0.0229),tensor(0.0331)
6264,6264,tensor(0.0807),tensor(0.0229),tensor(0.0331)
6265,6265,tensor(0.0807),tensor(0.0229),tensor(0.0331)
6266,6266,tensor(0.0807),tensor(0.0229),tensor(0.0331)
6267,6267,tensor(0.0807),tensor(0.0229),tensor(0.0331)
6268,6268,tensor(0.0807),tensor(0.0229),tensor(0.0331)
6269,6269,tensor(0.0807),tensor(0.0229),tensor(0.0331)
6270,6270,tensor(0.0807),tensor(0.0229),tensor(0.0331)
6271,6271,tensor(0.0807),tensor(0.0229),tensor(0.0331)
6272,6272,tensor(0.0807),tensor(0.0229),tensor(0.0331)
6273,6273,tensor(0.0807),tensor(0.0229),tensor(0.0331)
6274,6274,tensor(0.0807),tensor(0.0229),tensor(0.0331)
6275,6275,tensor(0.0807),tensor(0.0229),tensor(0.0331)
6276,6276,tensor(0.0807),tensor(0.0229),tensor(0.0331)
6277,6277,tensor(0.0807),tensor(0.0229),tensor(0.0331)
6278,6278,tensor(0.0807),tensor(0.0229),tensor(0.0331)
6279,6279,tensor(0.0807),tensor(0.0229),tensor(0.0331)
6280,6280,tensor(0.0807),tensor(0.0229),tensor(0.0331)
6281,6281,tensor(0.0807),tensor(0.0229),tensor(0.0331)
6282,6282,tensor(0.0807),tensor(0.0229),tensor(0.0331)
6283,6283,tensor(0.0807),tensor(0.0229),tensor(0.0331)
6284,6284,tensor(0.0807),tensor(0.0229),tensor(0.0331)
6285,6285,tensor(0.0807),tensor(0.0229),tensor(0.0331)
6286,6286,tensor(0.0807),tensor(0.0229),tensor(0.0331)
6287,6287,tensor(0.0807),tensor(0.0229),tensor(0.0331)
6288,6288,tensor(0.0807),tensor(0.0229),tensor(0.0331)
6289,6289,tensor(0.0807),tensor(0.0229),tensor(0.0331)
6290,6290,tensor(0.0807),tensor(0.0229),tensor(0.0331)
6291,6291,tensor(0.0807),tensor(0.0229),tensor(0.0331)
6292,6292,tensor(0.0807),tensor(0.0229),tensor(0.0331)
6293,6293,tensor(0.0807),tensor(0.0229),tensor(0.0331)
6294,6294,tensor(0.0807),tensor(0.0229),tensor(0.0331)
6295,6295,tensor(0.0806),tensor(0.0229),tensor(0.0331)
6296,6296,tensor(0.0806),tensor(0.0229),tensor(0.0331)
6297,6297,tensor(0.0806),tensor(0.0229),tensor(0.0331)
6298,6298,tensor(0.0806),tensor(0.0229),tensor(0.0331)
6299,6299,tensor(0.0806),tensor(0.0229),tensor(0.0331)
6300,6300,tensor(0.0806),tensor(0.0229),tensor(0.0331)
6301,6301,tensor(0.0806),tensor(0.0229),tensor(0.0331)
6302,6302,tensor(0.0806),tensor(0.0229),tensor(0.0331)
6303,6303,tensor(0.0806),tensor(0.0229),tensor(0.0331)
6304,6304,tensor(0.0806),tensor(0.0229),tensor(0.0331)
6305,6305,tensor(0.0806),tensor(0.0229),tensor(0.0331)
6306,6306,tensor(0.0806),tensor(0.0229),tensor(0.0331)
6307,6307,tensor(0.0806),tensor(0.0229),tensor(0.0331)
6308,6308,tensor(0.0806),tensor(0.0229),tensor(0.0331)
6309,6309,tensor(0.0806),tensor(0.0229),tensor(0.0331)
6310,6310,tensor(0.0806),tensor(0.0229),tensor(0.0331)
6311,6311,tensor(0.0806),tensor(0.0229),tensor(0.0331)
6312,6312,tensor(0.0806),tensor(0.0229),tensor(0.0331)
6313,6313,tensor(0.0806),tensor(0.0229),tensor(0.0331)
6314,6314,tensor(0.0806),tensor(0.0229),tensor(0.0331)
6315,6315,tensor(0.0806),tensor(0.0229),tensor(0.0331)
6316,6316,tensor(0.0806),tensor(0.0229),tensor(0.0331)
6317,6317,tensor(0.0806),tensor(0.0229),tensor(0.0331)
6318,6318,tensor(0.0806),tensor(0.0229),tensor(0.0331)
6319,6319,tensor(0.0806),tensor(0.0229),tensor(0.0331)
6320,6320,tensor(0.0806),tensor(0.0229),tensor(0.0331)
6321,6321,tensor(0.0806),tensor(0.0229),tensor(0.0331)
6322,6322,tensor(0.0806),tensor(0.0229),tensor(0.0331)
6323,6323,tensor(0.0806),tensor(0.0229),tensor(0.0331)
6324,6324,tensor(0.0806),tensor(0.0229),tensor(0.0330)
6325,6325,tensor(0.0806),tensor(0.0229),tensor(0.0330)
6326,6326,tensor(0.0806),tensor(0.0229),tensor(0.0330)
6327,6327,tensor(0.0806),tensor(0.0229),tensor(0.0330)
6328,6328,tensor(0.0806),tensor(0.0229),tensor(0.0330)
6329,6329,tensor(0.0806),tensor(0.0229),tensor(0.0330)
6330,6330,tensor(0.0806),tensor(0.0229),tensor(0.0330)
6331,6331,tensor(0.0806),tensor(0.0229),tensor(0.0330)
6332,6332,tensor(0.0806),tensor(0.0229),tensor(0.0330)
6333,6333,tensor(0.0806),tensor(0.0229),tensor(0.0330)
6334,6334,tensor(0.0806),tensor(0.0229),tensor(0.0330)
6335,6335,tensor(0.0806),tensor(0.0229),tensor(0.0330)
6336,6336,tensor(0.0806),tensor(0.0229),tensor(0.0330)
6337,6337,tensor(0.0806),tensor(0.0229),tensor(0.0330)
6338,6338,tensor(0.0806),tensor(0.0229),tensor(0.0330)
6339,6339,tensor(0.0806),tensor(0.0229),tensor(0.0330)
6340,6340,tensor(0.0806),tensor(0.0229),tensor(0.0330)
6341,6341,tensor(0.0806),tensor(0.0229),tensor(0.0330)
6342,6342,tensor(0.0806),tensor(0.0229),tensor(0.0330)
6343,6343,tensor(0.0806),tensor(0.0229),tensor(0.0330)
6344,6344,tensor(0.0806),tensor(0.0229),tensor(0.0330)
6345,6345,tensor(0.0806),tensor(0.0229),tensor(0.0330)
6346,6346,tensor(0.0806),tensor(0.0229),tensor(0.0330)
6347,6347,tensor(0.0806),tensor(0.0229),tensor(0.0330)
6348,6348,tensor(0.0806),tensor(0.0229),tensor(0.0330)
6349,6349,tensor(0.0806),tensor(0.0229),tensor(0.0330)
6350,6350,tensor(0.0806),tensor(0.0229),tensor(0.0330)
6351,6351,tensor(0.0806),tensor(0.0229),tensor(0.0330)
6352,6352,tensor(0.0806),tensor(0.0229),tensor(0.0330)
6353,6353,tensor(0.0806),tensor(0.0229),tensor(0.0330)
6354,6354,tensor(0.0806),tensor(0.0229),tensor(0.0330)
6355,6355,tensor(0.0806),tensor(0.0229),tensor(0.0330)
6356,6356,tensor(0.0806),tensor(0.0229),tensor(0.0330)
6357,6357,tensor(0.0806),tensor(0.0229),tensor(0.0330)
6358,6358,tensor(0.0806),tensor(0.0229),tensor(0.0330)
6359,6359,tensor(0.0806),tensor(0.0229),tensor(0.0330)
6360,6360,tensor(0.0806),tensor(0.0229),tensor(0.0330)
6361,6361,tensor(0.0806),tensor(0.0229),tensor(0.0330)
6362,6362,tensor(0.0806),tensor(0.0228),tensor(0.0330)
6363,6363,tensor(0.0806),tensor(0.0228),tensor(0.0330)
6364,6364,tensor(0.0806),tensor(0.0228),tensor(0.0330)
6365,6365,tensor(0.0806),tensor(0.0228),tensor(0.0330)
6366,6366,tensor(0.0806),tensor(0.0228),tensor(0.0330)
6367,6367,tensor(0.0806),tensor(0.0228),tensor(0.0330)
6368,6368,tensor(0.0806),tensor(0.0228),tensor(0.0330)
6369,6369,tensor(0.0806),tensor(0.0228),tensor(0.0330)
6370,6370,tensor(0.0806),tensor(0.0228),tensor(0.0330)
6371,6371,tensor(0.0806),tensor(0.0228),tensor(0.0330)
6372,6372,tensor(0.0806),tensor(0.0228),tensor(0.0330)
6373,6373,tensor(0.0806),tensor(0.0228),tensor(0.0330)
6374,6374,tensor(0.0806),tensor(0.0228),tensor(0.0330)
6375,6375,tensor(0.0806),tensor(0.0228),tensor(0.0330)
6376,6376,tensor(0.0806),tensor(0.0228),tensor(0.0330)
6377,6377,tensor(0.0806),tensor(0.0228),tensor(0.0330)
6378,6378,tensor(0.0806),tensor(0.0228),tensor(0.0330)
6379,6379,tensor(0.0806),tensor(0.0228),tensor(0.0330)
6380,6380,tensor(0.0806),tensor(0.0228),tensor(0.0330)
6381,6381,tensor(0.0806),tensor(0.0228),tensor(0.0330)
6382,6382,tensor(0.0806),tensor(0.0228),tensor(0.0330)
6383,6383,tensor(0.0806),tensor(0.0228),tensor(0.0330)
6384,6384,tensor(0.0806),tensor(0.0228),tensor(0.0330)
6385,6385,tensor(0.0806),tensor(0.0228),tensor(0.0330)
6386,6386,tensor(0.0806),tensor(0.0228),tensor(0.0330)
6387,6387,tensor(0.0806),tensor(0.0228),tensor(0.0330)
6388,6388,tensor(0.0806),tensor(0.0228),tensor(0.0330)
6389,6389,tensor(0.0806),tensor(0.0228),tensor(0.0330)
6390,6390,tensor(0.0806),tensor(0.0228),tensor(0.0330)
6391,6391,tensor(0.0806),tensor(0.0228),tensor(0.0330)
6392,6392,tensor(0.0806),tensor(0.0228),tensor(0.0330)
6393,6393,tensor(0.0806),tensor(0.0228),tensor(0.0330)
6394,6394,tensor(0.0806),tensor(0.0228),tensor(0.0330)
6395,6395,tensor(0.0806),tensor(0.0228),tensor(0.0330)
6396,6396,tensor(0.0806),tensor(0.0228),tensor(0.0330)
6397,6397,tensor(0.0806),tensor(0.0228),tensor(0.0330)
6398,6398,tensor(0.0806),tensor(0.0228),tensor(0.0330)
6399,6399,tensor(0.0806),tensor(0.0228),tensor(0.0330)
6400,6400,tensor(0.0806),tensor(0.0228),tensor(0.0330)
6401,6401,tensor(0.0806),tensor(0.0228),tensor(0.0330)
6402,6402,tensor(0.0806),tensor(0.0228),tensor(0.0330)
6403,6403,tensor(0.0806),tensor(0.0228),tensor(0.0330)
6404,6404,tensor(0.0806),tensor(0.0228),tensor(0.0330)
6405,6405,tensor(0.0806),tensor(0.0228),tensor(0.0330)
6406,6406,tensor(0.0806),tensor(0.0228),tensor(0.0330)
6407,6407,tensor(0.0806),tensor(0.0228),tensor(0.0330)
6408,6408,tensor(0.0806),tensor(0.0228),tensor(0.0330)
6409,6409,tensor(0.0806),tensor(0.0228),tensor(0.0330)
6410,6410,tensor(0.0806),tensor(0.0228),tensor(0.0330)
6411,6411,tensor(0.0806),tensor(0.0228),tensor(0.0330)
6412,6412,tensor(0.0806),tensor(0.0228),tensor(0.0330)
6413,6413,tensor(0.0806),tensor(0.0228),tensor(0.0330)
6414,6414,tensor(0.0806),tensor(0.0228),tensor(0.0330)
6415,6415,tensor(0.0806),tensor(0.0228),tensor(0.0330)
6416,6416,tensor(0.0806),tensor(0.0228),tensor(0.0330)
6417,6417,tensor(0.0806),tensor(0.0228),tensor(0.0330)
6418,6418,tensor(0.0806),tensor(0.0228),tensor(0.0330)
6419,6419,tensor(0.0806),tensor(0.0228),tensor(0.0330)
6420,6420,tensor(0.0806),tensor(0.0228),tensor(0.0330)
6421,6421,tensor(0.0806),tensor(0.0228),tensor(0.0330)
6422,6422,tensor(0.0806),tensor(0.0228),tensor(0.0330)
6423,6423,tensor(0.0806),tensor(0.0228),tensor(0.0330)
6424,6424,tensor(0.0806),tensor(0.0228),tensor(0.0330)
6425,6425,tensor(0.0806),tensor(0.0228),tensor(0.0330)
6426,6426,tensor(0.0806),tensor(0.0228),tensor(0.0330)
6427,6427,tensor(0.0806),tensor(0.0228),tensor(0.0330)
6428,6428,tensor(0.0806),tensor(0.0228),tensor(0.0330)
6429,6429,tensor(0.0806),tensor(0.0228),tensor(0.0330)
6430,6430,tensor(0.0806),tensor(0.0228),tensor(0.0329)
6431,6431,tensor(0.0806),tensor(0.0228),tensor(0.0329)
6432,6432,tensor(0.0806),tensor(0.0228),tensor(0.0329)
6433,6433,tensor(0.0806),tensor(0.0228),tensor(0.0329)
6434,6434,tensor(0.0806),tensor(0.0228),tensor(0.0329)
6435,6435,tensor(0.0806),tensor(0.0228),tensor(0.0329)
6436,6436,tensor(0.0806),tensor(0.0228),tensor(0.0329)
6437,6437,tensor(0.0806),tensor(0.0228),tensor(0.0329)
6438,6438,tensor(0.0806),tensor(0.0228),tensor(0.0329)
6439,6439,tensor(0.0806),tensor(0.0228),tensor(0.0329)
6440,6440,tensor(0.0806),tensor(0.0228),tensor(0.0329)
6441,6441,tensor(0.0806),tensor(0.0228),tensor(0.0329)
6442,6442,tensor(0.0806),tensor(0.0228),tensor(0.0329)
6443,6443,tensor(0.0806),tensor(0.0228),tensor(0.0329)
6444,6444,tensor(0.0806),tensor(0.0228),tensor(0.0329)
6445,6445,tensor(0.0806),tensor(0.0228),tensor(0.0329)
6446,6446,tensor(0.0806),tensor(0.0228),tensor(0.0329)
6447,6447,tensor(0.0806),tensor(0.0228),tensor(0.0329)
6448,6448,tensor(0.0806),tensor(0.0228),tensor(0.0329)
6449,6449,tensor(0.0806),tensor(0.0228),tensor(0.0329)
6450,6450,tensor(0.0806),tensor(0.0228),tensor(0.0329)
6451,6451,tensor(0.0806),tensor(0.0228),tensor(0.0329)
6452,6452,tensor(0.0806),tensor(0.0228),tensor(0.0329)
6453,6453,tensor(0.0806),tensor(0.0228),tensor(0.0329)
6454,6454,tensor(0.0806),tensor(0.0228),tensor(0.0329)
6455,6455,tensor(0.0806),tensor(0.0228),tensor(0.0329)
6456,6456,tensor(0.0806),tensor(0.0228),tensor(0.0329)
6457,6457,tensor(0.0806),tensor(0.0228),tensor(0.0329)
6458,6458,tensor(0.0806),tensor(0.0228),tensor(0.0329)
6459,6459,tensor(0.0806),tensor(0.0228),tensor(0.0329)
6460,6460,tensor(0.0806),tensor(0.0228),tensor(0.0329)
6461,6461,tensor(0.0806),tensor(0.0228),tensor(0.0329)
6462,6462,tensor(0.0806),tensor(0.0228),tensor(0.0329)
6463,6463,tensor(0.0806),tensor(0.0228),tensor(0.0329)
6464,6464,tensor(0.0806),tensor(0.0228),tensor(0.0329)
6465,6465,tensor(0.0806),tensor(0.0228),tensor(0.0329)
6466,6466,tensor(0.0806),tensor(0.0228),tensor(0.0329)
6467,6467,tensor(0.0806),tensor(0.0228),tensor(0.0329)
6468,6468,tensor(0.0806),tensor(0.0228),tensor(0.0329)
6469,6469,tensor(0.0806),tensor(0.0228),tensor(0.0329)
6470,6470,tensor(0.0806),tensor(0.0228),tensor(0.0329)
6471,6471,tensor(0.0806),tensor(0.0228),tensor(0.0329)
6472,6472,tensor(0.0806),tensor(0.0228),tensor(0.0329)
6473,6473,tensor(0.0806),tensor(0.0228),tensor(0.0329)
6474,6474,tensor(0.0806),tensor(0.0227),tensor(0.0329)
6475,6475,tensor(0.0806),tensor(0.0227),tensor(0.0329)
6476,6476,tensor(0.0806),tensor(0.0227),tensor(0.0329)
6477,6477,tensor(0.0806),tensor(0.0227),tensor(0.0329)
6478,6478,tensor(0.0806),tensor(0.0227),tensor(0.0329)
6479,6479,tensor(0.0806),tensor(0.0227),tensor(0.0329)
6480,6480,tensor(0.0806),tensor(0.0227),tensor(0.0329)
6481,6481,tensor(0.0806),tensor(0.0227),tensor(0.0329)
6482,6482,tensor(0.0806),tensor(0.0227),tensor(0.0329)
6483,6483,tensor(0.0806),tensor(0.0227),tensor(0.0329)
6484,6484,tensor(0.0806),tensor(0.0227),tensor(0.0329)
6485,6485,tensor(0.0806),tensor(0.0227),tensor(0.0329)
6486,6486,tensor(0.0806),tensor(0.0227),tensor(0.0329)
6487,6487,tensor(0.0806),tensor(0.0227),tensor(0.0329)
6488,6488,tensor(0.0806),tensor(0.0227),tensor(0.0329)
6489,6489,tensor(0.0806),tensor(0.0227),tensor(0.0329)
6490,6490,tensor(0.0806),tensor(0.0227),tensor(0.0329)
6491,6491,tensor(0.0806),tensor(0.0227),tensor(0.0329)
6492,6492,tensor(0.0806),tensor(0.0227),tensor(0.0329)
6493,6493,tensor(0.0806),tensor(0.0227),tensor(0.0329)
6494,6494,tensor(0.0806),tensor(0.0227),tensor(0.0329)
6495,6495,tensor(0.0806),tensor(0.0227),tensor(0.0329)
6496,6496,tensor(0.0806),tensor(0.0227),tensor(0.0329)
6497,6497,tensor(0.0806),tensor(0.0227),tensor(0.0329)
6498,6498,tensor(0.0806),tensor(0.0227),tensor(0.0329)
6499,6499,tensor(0.0806),tensor(0.0227),tensor(0.0329)
6500,6500,tensor(0.0806),tensor(0.0227),tensor(0.0329)
6501,6501,tensor(0.0806),tensor(0.0227),tensor(0.0329)
6502,6502,tensor(0.0806),tensor(0.0227),tensor(0.0329)
6503,6503,tensor(0.0806),tensor(0.0227),tensor(0.0329)
6504,6504,tensor(0.0806),tensor(0.0227),tensor(0.0329)
6505,6505,tensor(0.0806),tensor(0.0227),tensor(0.0329)
6506,6506,tensor(0.0806),tensor(0.0227),tensor(0.0329)
6507,6507,tensor(0.0806),tensor(0.0227),tensor(0.0329)
6508,6508,tensor(0.0806),tensor(0.0227),tensor(0.0329)
6509,6509,tensor(0.0806),tensor(0.0227),tensor(0.0329)
6510,6510,tensor(0.0806),tensor(0.0227),tensor(0.0329)
6511,6511,tensor(0.0806),tensor(0.0227),tensor(0.0329)
6512,6512,tensor(0.0806),tensor(0.0227),tensor(0.0329)
6513,6513,tensor(0.0806),tensor(0.0227),tensor(0.0329)
6514,6514,tensor(0.0806),tensor(0.0227),tensor(0.0329)
6515,6515,tensor(0.0806),tensor(0.0227),tensor(0.0329)
6516,6516,tensor(0.0806),tensor(0.0227),tensor(0.0329)
6517,6517,tensor(0.0806),tensor(0.0227),tensor(0.0329)
6518,6518,tensor(0.0806),tensor(0.0227),tensor(0.0329)
6519,6519,tensor(0.0806),tensor(0.0227),tensor(0.0329)
6520,6520,tensor(0.0806),tensor(0.0227),tensor(0.0329)
6521,6521,tensor(0.0806),tensor(0.0227),tensor(0.0329)
6522,6522,tensor(0.0806),tensor(0.0227),tensor(0.0329)
6523,6523,tensor(0.0806),tensor(0.0227),tensor(0.0329)
6524,6524,tensor(0.0806),tensor(0.0227),tensor(0.0329)
6525,6525,tensor(0.0806),tensor(0.0227),tensor(0.0329)
6526,6526,tensor(0.0806),tensor(0.0227),tensor(0.0329)
6527,6527,tensor(0.0806),tensor(0.0227),tensor(0.0329)
6528,6528,tensor(0.0806),tensor(0.0227),tensor(0.0329)
6529,6529,tensor(0.0806),tensor(0.0227),tensor(0.0329)
6530,6530,tensor(0.0806),tensor(0.0227),tensor(0.0329)
6531,6531,tensor(0.0806),tensor(0.0227),tensor(0.0329)
6532,6532,tensor(0.0806),tensor(0.0227),tensor(0.0329)
6533,6533,tensor(0.0806),tensor(0.0227),tensor(0.0329)
6534,6534,tensor(0.0806),tensor(0.0227),tensor(0.0329)
6535,6535,tensor(0.0806),tensor(0.0227),tensor(0.0329)
6536,6536,tensor(0.0806),tensor(0.0227),tensor(0.0329)
6537,6537,tensor(0.0806),tensor(0.0227),tensor(0.0329)
6538,6538,tensor(0.0806),tensor(0.0227),tensor(0.0329)
6539,6539,tensor(0.0806),tensor(0.0227),tensor(0.0329)
6540,6540,tensor(0.0806),tensor(0.0227),tensor(0.0329)
6541,6541,tensor(0.0806),tensor(0.0227),tensor(0.0329)
6542,6542,tensor(0.0806),tensor(0.0227),tensor(0.0329)
6543,6543,tensor(0.0806),tensor(0.0227),tensor(0.0329)
6544,6544,tensor(0.0806),tensor(0.0227),tensor(0.0329)
6545,6545,tensor(0.0806),tensor(0.0227),tensor(0.0329)
6546,6546,tensor(0.0806),tensor(0.0227),tensor(0.0329)
6547,6547,tensor(0.0806),tensor(0.0227),tensor(0.0328)
6548,6548,tensor(0.0806),tensor(0.0227),tensor(0.0328)
6549,6549,tensor(0.0806),tensor(0.0227),tensor(0.0328)
6550,6550,tensor(0.0806),tensor(0.0227),tensor(0.0328)
6551,6551,tensor(0.0806),tensor(0.0227),tensor(0.0328)
6552,6552,tensor(0.0806),tensor(0.0227),tensor(0.0328)
6553,6553,tensor(0.0806),tensor(0.0227),tensor(0.0328)
6554,6554,tensor(0.0806),tensor(0.0227),tensor(0.0328)
6555,6555,tensor(0.0806),tensor(0.0227),tensor(0.0328)
6556,6556,tensor(0.0806),tensor(0.0227),tensor(0.0328)
6557,6557,tensor(0.0806),tensor(0.0227),tensor(0.0328)
6558,6558,tensor(0.0806),tensor(0.0227),tensor(0.0328)
6559,6559,tensor(0.0806),tensor(0.0227),tensor(0.0328)
6560,6560,tensor(0.0806),tensor(0.0227),tensor(0.0328)
6561,6561,tensor(0.0806),tensor(0.0227),tensor(0.0328)
6562,6562,tensor(0.0806),tensor(0.0227),tensor(0.0328)
6563,6563,tensor(0.0806),tensor(0.0227),tensor(0.0328)
6564,6564,tensor(0.0806),tensor(0.0227),tensor(0.0328)
6565,6565,tensor(0.0806),tensor(0.0227),tensor(0.0328)
6566,6566,tensor(0.0806),tensor(0.0227),tensor(0.0328)
6567,6567,tensor(0.0806),tensor(0.0227),tensor(0.0328)
6568,6568,tensor(0.0806),tensor(0.0227),tensor(0.0328)
6569,6569,tensor(0.0806),tensor(0.0227),tensor(0.0328)
6570,6570,tensor(0.0806),tensor(0.0227),tensor(0.0328)
6571,6571,tensor(0.0806),tensor(0.0227),tensor(0.0328)
6572,6572,tensor(0.0806),tensor(0.0227),tensor(0.0328)
6573,6573,tensor(0.0806),tensor(0.0227),tensor(0.0328)
6574,6574,tensor(0.0806),tensor(0.0227),tensor(0.0328)
6575,6575,tensor(0.0806),tensor(0.0227),tensor(0.0328)
6576,6576,tensor(0.0806),tensor(0.0227),tensor(0.0328)
6577,6577,tensor(0.0806),tensor(0.0227),tensor(0.0328)
6578,6578,tensor(0.0806),tensor(0.0227),tensor(0.0328)
6579,6579,tensor(0.0806),tensor(0.0227),tensor(0.0328)
6580,6580,tensor(0.0806),tensor(0.0227),tensor(0.0328)
6581,6581,tensor(0.0806),tensor(0.0227),tensor(0.0328)
6582,6582,tensor(0.0806),tensor(0.0227),tensor(0.0328)
6583,6583,tensor(0.0806),tensor(0.0227),tensor(0.0328)
6584,6584,tensor(0.0806),tensor(0.0227),tensor(0.0328)
6585,6585,tensor(0.0806),tensor(0.0227),tensor(0.0328)
6586,6586,tensor(0.0806),tensor(0.0227),tensor(0.0328)
6587,6587,tensor(0.0806),tensor(0.0227),tensor(0.0328)
6588,6588,tensor(0.0806),tensor(0.0227),tensor(0.0328)
6589,6589,tensor(0.0806),tensor(0.0227),tensor(0.0328)
6590,6590,tensor(0.0806),tensor(0.0227),tensor(0.0328)
6591,6591,tensor(0.0806),tensor(0.0227),tensor(0.0328)
6592,6592,tensor(0.0806),tensor(0.0227),tensor(0.0328)
6593,6593,tensor(0.0806),tensor(0.0227),tensor(0.0328)
6594,6594,tensor(0.0806),tensor(0.0227),tensor(0.0328)
6595,6595,tensor(0.0806),tensor(0.0227),tensor(0.0328)
6596,6596,tensor(0.0806),tensor(0.0227),tensor(0.0328)
6597,6597,tensor(0.0806),tensor(0.0226),tensor(0.0328)
6598,6598,tensor(0.0806),tensor(0.0226),tensor(0.0328)
6599,6599,tensor(0.0806),tensor(0.0226),tensor(0.0328)
6600,6600,tensor(0.0806),tensor(0.0226),tensor(0.0328)
6601,6601,tensor(0.0806),tensor(0.0226),tensor(0.0328)
6602,6602,tensor(0.0806),tensor(0.0226),tensor(0.0328)
6603,6603,tensor(0.0806),tensor(0.0226),tensor(0.0328)
6604,6604,tensor(0.0806),tensor(0.0226),tensor(0.0328)
6605,6605,tensor(0.0806),tensor(0.0226),tensor(0.0328)
6606,6606,tensor(0.0806),tensor(0.0226),tensor(0.0328)
6607,6607,tensor(0.0806),tensor(0.0226),tensor(0.0328)
6608,6608,tensor(0.0806),tensor(0.0226),tensor(0.0328)
6609,6609,tensor(0.0806),tensor(0.0226),tensor(0.0328)
6610,6610,tensor(0.0806),tensor(0.0226),tensor(0.0328)
6611,6611,tensor(0.0806),tensor(0.0226),tensor(0.0328)
6612,6612,tensor(0.0806),tensor(0.0226),tensor(0.0328)
6613,6613,tensor(0.0806),tensor(0.0226),tensor(0.0328)
6614,6614,tensor(0.0806),tensor(0.0226),tensor(0.0328)
6615,6615,tensor(0.0806),tensor(0.0226),tensor(0.0328)
6616,6616,tensor(0.0806),tensor(0.0226),tensor(0.0328)
6617,6617,tensor(0.0806),tensor(0.0226),tensor(0.0328)
6618,6618,tensor(0.0806),tensor(0.0226),tensor(0.0328)
6619,6619,tensor(0.0806),tensor(0.0226),tensor(0.0328)
6620,6620,tensor(0.0806),tensor(0.0226),tensor(0.0328)
6621,6621,tensor(0.0806),tensor(0.0226),tensor(0.0328)
6622,6622,tensor(0.0806),tensor(0.0226),tensor(0.0328)
6623,6623,tensor(0.0806),tensor(0.0226),tensor(0.0328)
6624,6624,tensor(0.0806),tensor(0.0226),tensor(0.0328)
6625,6625,tensor(0.0806),tensor(0.0226),tensor(0.0328)
6626,6626,tensor(0.0806),tensor(0.0226),tensor(0.0328)
6627,6627,tensor(0.0806),tensor(0.0226),tensor(0.0328)
6628,6628,tensor(0.0806),tensor(0.0226),tensor(0.0328)
6629,6629,tensor(0.0806),tensor(0.0226),tensor(0.0328)
6630,6630,tensor(0.0806),tensor(0.0226),tensor(0.0328)
6631,6631,tensor(0.0806),tensor(0.0226),tensor(0.0328)
6632,6632,tensor(0.0806),tensor(0.0226),tensor(0.0328)
6633,6633,tensor(0.0806),tensor(0.0226),tensor(0.0328)
6634,6634,tensor(0.0806),tensor(0.0226),tensor(0.0328)
6635,6635,tensor(0.0806),tensor(0.0226),tensor(0.0328)
6636,6636,tensor(0.0806),tensor(0.0226),tensor(0.0328)
6637,6637,tensor(0.0806),tensor(0.0226),tensor(0.0328)
6638,6638,tensor(0.0806),tensor(0.0226),tensor(0.0328)
6639,6639,tensor(0.0806),tensor(0.0226),tensor(0.0328)
6640,6640,tensor(0.0806),tensor(0.0226),tensor(0.0328)
6641,6641,tensor(0.0806),tensor(0.0226),tensor(0.0328)
6642,6642,tensor(0.0806),tensor(0.0226),tensor(0.0328)
6643,6643,tensor(0.0806),tensor(0.0226),tensor(0.0328)
6644,6644,tensor(0.0806),tensor(0.0226),tensor(0.0328)
6645,6645,tensor(0.0806),tensor(0.0226),tensor(0.0328)
6646,6646,tensor(0.0806),tensor(0.0226),tensor(0.0328)
6647,6647,tensor(0.0806),tensor(0.0226),tensor(0.0328)
6648,6648,tensor(0.0806),tensor(0.0226),tensor(0.0328)
6649,6649,tensor(0.0806),tensor(0.0226),tensor(0.0328)
6650,6650,tensor(0.0806),tensor(0.0226),tensor(0.0328)
6651,6651,tensor(0.0806),tensor(0.0226),tensor(0.0328)
6652,6652,tensor(0.0806),tensor(0.0226),tensor(0.0328)
6653,6653,tensor(0.0806),tensor(0.0226),tensor(0.0328)
6654,6654,tensor(0.0806),tensor(0.0226),tensor(0.0328)
6655,6655,tensor(0.0806),tensor(0.0226),tensor(0.0328)
6656,6656,tensor(0.0806),tensor(0.0226),tensor(0.0328)
6657,6657,tensor(0.0806),tensor(0.0226),tensor(0.0328)
6658,6658,tensor(0.0806),tensor(0.0226),tensor(0.0328)
6659,6659,tensor(0.0806),tensor(0.0226),tensor(0.0328)
6660,6660,tensor(0.0806),tensor(0.0226),tensor(0.0328)
6661,6661,tensor(0.0806),tensor(0.0226),tensor(0.0328)
6662,6662,tensor(0.0806),tensor(0.0226),tensor(0.0328)
6663,6663,tensor(0.0806),tensor(0.0226),tensor(0.0328)
6664,6664,tensor(0.0806),tensor(0.0226),tensor(0.0328)
6665,6665,tensor(0.0806),tensor(0.0226),tensor(0.0328)
6666,6666,tensor(0.0806),tensor(0.0226),tensor(0.0328)
6667,6667,tensor(0.0806),tensor(0.0226),tensor(0.0328)
6668,6668,tensor(0.0806),tensor(0.0226),tensor(0.0328)
6669,6669,tensor(0.0806),tensor(0.0226),tensor(0.0328)
6670,6670,tensor(0.0806),tensor(0.0226),tensor(0.0328)
6671,6671,tensor(0.0806),tensor(0.0226),tensor(0.0328)
6672,6672,tensor(0.0806),tensor(0.0226),tensor(0.0328)
6673,6673,tensor(0.0806),tensor(0.0226),tensor(0.0328)
6674,6674,tensor(0.0806),tensor(0.0226),tensor(0.0328)
6675,6675,tensor(0.0806),tensor(0.0226),tensor(0.0328)
6676,6676,tensor(0.0806),tensor(0.0226),tensor(0.0328)
6677,6677,tensor(0.0806),tensor(0.0226),tensor(0.0328)
6678,6678,tensor(0.0806),tensor(0.0226),tensor(0.0328)
6679,6679,tensor(0.0806),tensor(0.0226),tensor(0.0328)
6680,6680,tensor(0.0806),tensor(0.0226),tensor(0.0328)
6681,6681,tensor(0.0806),tensor(0.0226),tensor(0.0327)
6682,6682,tensor(0.0806),tensor(0.0226),tensor(0.0327)
6683,6683,tensor(0.0806),tensor(0.0226),tensor(0.0327)
6684,6684,tensor(0.0806),tensor(0.0226),tensor(0.0327)
6685,6685,tensor(0.0806),tensor(0.0226),tensor(0.0327)
6686,6686,tensor(0.0806),tensor(0.0226),tensor(0.0327)
6687,6687,tensor(0.0806),tensor(0.0226),tensor(0.0327)
6688,6688,tensor(0.0806),tensor(0.0226),tensor(0.0327)
6689,6689,tensor(0.0806),tensor(0.0226),tensor(0.0327)
6690,6690,tensor(0.0806),tensor(0.0226),tensor(0.0327)
6691,6691,tensor(0.0806),tensor(0.0226),tensor(0.0327)
6692,6692,tensor(0.0806),tensor(0.0226),tensor(0.0327)
6693,6693,tensor(0.0806),tensor(0.0226),tensor(0.0327)
6694,6694,tensor(0.0806),tensor(0.0226),tensor(0.0327)
6695,6695,tensor(0.0806),tensor(0.0226),tensor(0.0327)
6696,6696,tensor(0.0806),tensor(0.0226),tensor(0.0327)
6697,6697,tensor(0.0806),tensor(0.0226),tensor(0.0327)
6698,6698,tensor(0.0806),tensor(0.0226),tensor(0.0327)
6699,6699,tensor(0.0806),tensor(0.0226),tensor(0.0327)
6700,6700,tensor(0.0806),tensor(0.0226),tensor(0.0327)
6701,6701,tensor(0.0806),tensor(0.0226),tensor(0.0327)
6702,6702,tensor(0.0806),tensor(0.0226),tensor(0.0327)
6703,6703,tensor(0.0806),tensor(0.0226),tensor(0.0327)
6704,6704,tensor(0.0806),tensor(0.0226),tensor(0.0327)
6705,6705,tensor(0.0806),tensor(0.0226),tensor(0.0327)
6706,6706,tensor(0.0806),tensor(0.0226),tensor(0.0327)
6707,6707,tensor(0.0806),tensor(0.0226),tensor(0.0327)
6708,6708,tensor(0.0806),tensor(0.0226),tensor(0.0327)
6709,6709,tensor(0.0806),tensor(0.0226),tensor(0.0327)
6710,6710,tensor(0.0806),tensor(0.0226),tensor(0.0327)
6711,6711,tensor(0.0806),tensor(0.0226),tensor(0.0327)
6712,6712,tensor(0.0806),tensor(0.0226),tensor(0.0327)
6713,6713,tensor(0.0806),tensor(0.0226),tensor(0.0327)
6714,6714,tensor(0.0806),tensor(0.0226),tensor(0.0327)
6715,6715,tensor(0.0806),tensor(0.0226),tensor(0.0327)
6716,6716,tensor(0.0806),tensor(0.0226),tensor(0.0327)
6717,6717,tensor(0.0806),tensor(0.0226),tensor(0.0327)
6718,6718,tensor(0.0806),tensor(0.0226),tensor(0.0327)
6719,6719,tensor(0.0806),tensor(0.0226),tensor(0.0327)
6720,6720,tensor(0.0806),tensor(0.0226),tensor(0.0327)
6721,6721,tensor(0.0806),tensor(0.0226),tensor(0.0327)
6722,6722,tensor(0.0806),tensor(0.0226),tensor(0.0327)
6723,6723,tensor(0.0806),tensor(0.0226),tensor(0.0327)
6724,6724,tensor(0.0806),tensor(0.0226),tensor(0.0327)
6725,6725,tensor(0.0806),tensor(0.0226),tensor(0.0327)
6726,6726,tensor(0.0806),tensor(0.0226),tensor(0.0327)
6727,6727,tensor(0.0806),tensor(0.0226),tensor(0.0327)
6728,6728,tensor(0.0806),tensor(0.0226),tensor(0.0327)
6729,6729,tensor(0.0806),tensor(0.0226),tensor(0.0327)
6730,6730,tensor(0.0806),tensor(0.0226),tensor(0.0327)
6731,6731,tensor(0.0806),tensor(0.0226),tensor(0.0327)
6732,6732,tensor(0.0806),tensor(0.0226),tensor(0.0327)
6733,6733,tensor(0.0806),tensor(0.0226),tensor(0.0327)
6734,6734,tensor(0.0806),tensor(0.0226),tensor(0.0327)
6735,6735,tensor(0.0806),tensor(0.0226),tensor(0.0327)
6736,6736,tensor(0.0806),tensor(0.0226),tensor(0.0327)
6737,6737,tensor(0.0806),tensor(0.0226),tensor(0.0327)
6738,6738,tensor(0.0806),tensor(0.0226),tensor(0.0327)
6739,6739,tensor(0.0806),tensor(0.0225),tensor(0.0327)
6740,6740,tensor(0.0806),tensor(0.0225),tensor(0.0327)
6741,6741,tensor(0.0806),tensor(0.0225),tensor(0.0327)
6742,6742,tensor(0.0806),tensor(0.0225),tensor(0.0327)
6743,6743,tensor(0.0806),tensor(0.0225),tensor(0.0327)
6744,6744,tensor(0.0806),tensor(0.0225),tensor(0.0327)
6745,6745,tensor(0.0806),tensor(0.0225),tensor(0.0327)
6746,6746,tensor(0.0806),tensor(0.0225),tensor(0.0327)
6747,6747,tensor(0.0806),tensor(0.0225),tensor(0.0327)
6748,6748,tensor(0.0806),tensor(0.0225),tensor(0.0327)
6749,6749,tensor(0.0806),tensor(0.0225),tensor(0.0327)
6750,6750,tensor(0.0806),tensor(0.0225),tensor(0.0327)
6751,6751,tensor(0.0806),tensor(0.0225),tensor(0.0327)
6752,6752,tensor(0.0806),tensor(0.0225),tensor(0.0327)
6753,6753,tensor(0.0806),tensor(0.0225),tensor(0.0327)
6754,6754,tensor(0.0806),tensor(0.0225),tensor(0.0327)
6755,6755,tensor(0.0806),tensor(0.0225),tensor(0.0327)
6756,6756,tensor(0.0806),tensor(0.0225),tensor(0.0327)
6757,6757,tensor(0.0806),tensor(0.0225),tensor(0.0327)
6758,6758,tensor(0.0806),tensor(0.0225),tensor(0.0327)
6759,6759,tensor(0.0806),tensor(0.0225),tensor(0.0327)
6760,6760,tensor(0.0806),tensor(0.0225),tensor(0.0327)
6761,6761,tensor(0.0806),tensor(0.0225),tensor(0.0327)
6762,6762,tensor(0.0806),tensor(0.0225),tensor(0.0327)
6763,6763,tensor(0.0806),tensor(0.0225),tensor(0.0327)
6764,6764,tensor(0.0806),tensor(0.0225),tensor(0.0327)
6765,6765,tensor(0.0806),tensor(0.0225),tensor(0.0327)
6766,6766,tensor(0.0806),tensor(0.0225),tensor(0.0327)
6767,6767,tensor(0.0806),tensor(0.0225),tensor(0.0327)
6768,6768,tensor(0.0806),tensor(0.0225),tensor(0.0327)
6769,6769,tensor(0.0806),tensor(0.0225),tensor(0.0327)
6770,6770,tensor(0.0806),tensor(0.0225),tensor(0.0327)
6771,6771,tensor(0.0806),tensor(0.0225),tensor(0.0327)
6772,6772,tensor(0.0806),tensor(0.0225),tensor(0.0327)
6773,6773,tensor(0.0806),tensor(0.0225),tensor(0.0327)
6774,6774,tensor(0.0806),tensor(0.0225),tensor(0.0327)
6775,6775,tensor(0.0806),tensor(0.0225),tensor(0.0327)
6776,6776,tensor(0.0806),tensor(0.0225),tensor(0.0327)
6777,6777,tensor(0.0806),tensor(0.0225),tensor(0.0327)
6778,6778,tensor(0.0806),tensor(0.0225),tensor(0.0327)
6779,6779,tensor(0.0806),tensor(0.0225),tensor(0.0327)
6780,6780,tensor(0.0806),tensor(0.0225),tensor(0.0327)
6781,6781,tensor(0.0806),tensor(0.0225),tensor(0.0327)
6782,6782,tensor(0.0806),tensor(0.0225),tensor(0.0327)
6783,6783,tensor(0.0806),tensor(0.0225),tensor(0.0327)
6784,6784,tensor(0.0806),tensor(0.0225),tensor(0.0327)
6785,6785,tensor(0.0806),tensor(0.0225),tensor(0.0327)
6786,6786,tensor(0.0806),tensor(0.0225),tensor(0.0327)
6787,6787,tensor(0.0806),tensor(0.0225),tensor(0.0327)
6788,6788,tensor(0.0806),tensor(0.0225),tensor(0.0327)
6789,6789,tensor(0.0806),tensor(0.0225),tensor(0.0327)
6790,6790,tensor(0.0806),tensor(0.0225),tensor(0.0327)
6791,6791,tensor(0.0806),tensor(0.0225),tensor(0.0327)
6792,6792,tensor(0.0806),tensor(0.0225),tensor(0.0327)
6793,6793,tensor(0.0806),tensor(0.0225),tensor(0.0327)
6794,6794,tensor(0.0806),tensor(0.0225),tensor(0.0327)
6795,6795,tensor(0.0806),tensor(0.0225),tensor(0.0327)
6796,6796,tensor(0.0806),tensor(0.0225),tensor(0.0327)
6797,6797,tensor(0.0806),tensor(0.0225),tensor(0.0327)
6798,6798,tensor(0.0806),tensor(0.0225),tensor(0.0327)
6799,6799,tensor(0.0806),tensor(0.0225),tensor(0.0327)
6800,6800,tensor(0.0806),tensor(0.0225),tensor(0.0327)
6801,6801,tensor(0.0806),tensor(0.0225),tensor(0.0327)
6802,6802,tensor(0.0806),tensor(0.0225),tensor(0.0327)
6803,6803,tensor(0.0806),tensor(0.0225),tensor(0.0327)
6804,6804,tensor(0.0806),tensor(0.0225),tensor(0.0327)
6805,6805,tensor(0.0806),tensor(0.0225),tensor(0.0327)
6806,6806,tensor(0.0806),tensor(0.0225),tensor(0.0327)
6807,6807,tensor(0.0806),tensor(0.0225),tensor(0.0327)
6808,6808,tensor(0.0806),tensor(0.0225),tensor(0.0327)
6809,6809,tensor(0.0806),tensor(0.0225),tensor(0.0327)
6810,6810,tensor(0.0806),tensor(0.0225),tensor(0.0327)
6811,6811,tensor(0.0806),tensor(0.0225),tensor(0.0327)
6812,6812,tensor(0.0806),tensor(0.0225),tensor(0.0327)
6813,6813,tensor(0.0806),tensor(0.0225),tensor(0.0327)
6814,6814,tensor(0.0806),tensor(0.0225),tensor(0.0327)
6815,6815,tensor(0.0806),tensor(0.0225),tensor(0.0327)
6816,6816,tensor(0.0806),tensor(0.0225),tensor(0.0327)
6817,6817,tensor(0.0806),tensor(0.0225),tensor(0.0327)
6818,6818,tensor(0.0806),tensor(0.0225),tensor(0.0327)
6819,6819,tensor(0.0806),tensor(0.0225),tensor(0.0327)
6820,6820,tensor(0.0806),tensor(0.0225),tensor(0.0327)
6821,6821,tensor(0.0806),tensor(0.0225),tensor(0.0327)
6822,6822,tensor(0.0806),tensor(0.0225),tensor(0.0327)
6823,6823,tensor(0.0806),tensor(0.0225),tensor(0.0327)
6824,6824,tensor(0.0806),tensor(0.0225),tensor(0.0327)
6825,6825,tensor(0.0806),tensor(0.0225),tensor(0.0327)
6826,6826,tensor(0.0806),tensor(0.0225),tensor(0.0327)
6827,6827,tensor(0.0806),tensor(0.0225),tensor(0.0327)
6828,6828,tensor(0.0806),tensor(0.0225),tensor(0.0327)
6829,6829,tensor(0.0806),tensor(0.0225),tensor(0.0327)
6830,6830,tensor(0.0806),tensor(0.0225),tensor(0.0327)
6831,6831,tensor(0.0806),tensor(0.0225),tensor(0.0327)
6832,6832,tensor(0.0806),tensor(0.0225),tensor(0.0327)
6833,6833,tensor(0.0806),tensor(0.0225),tensor(0.0327)
6834,6834,tensor(0.0806),tensor(0.0225),tensor(0.0327)
6835,6835,tensor(0.0806),tensor(0.0225),tensor(0.0326)
6836,6836,tensor(0.0806),tensor(0.0225),tensor(0.0326)
6837,6837,tensor(0.0806),tensor(0.0225),tensor(0.0326)
6838,6838,tensor(0.0806),tensor(0.0225),tensor(0.0326)
6839,6839,tensor(0.0806),tensor(0.0225),tensor(0.0326)
6840,6840,tensor(0.0806),tensor(0.0225),tensor(0.0326)
6841,6841,tensor(0.0806),tensor(0.0225),tensor(0.0326)
6842,6842,tensor(0.0806),tensor(0.0225),tensor(0.0326)
6843,6843,tensor(0.0806),tensor(0.0225),tensor(0.0326)
6844,6844,tensor(0.0806),tensor(0.0225),tensor(0.0326)
6845,6845,tensor(0.0806),tensor(0.0225),tensor(0.0326)
6846,6846,tensor(0.0806),tensor(0.0225),tensor(0.0326)
6847,6847,tensor(0.0806),tensor(0.0225),tensor(0.0326)
6848,6848,tensor(0.0806),tensor(0.0225),tensor(0.0326)
6849,6849,tensor(0.0806),tensor(0.0225),tensor(0.0326)
6850,6850,tensor(0.0806),tensor(0.0225),tensor(0.0326)
6851,6851,tensor(0.0806),tensor(0.0225),tensor(0.0326)
6852,6852,tensor(0.0806),tensor(0.0225),tensor(0.0326)
6853,6853,tensor(0.0806),tensor(0.0225),tensor(0.0326)
6854,6854,tensor(0.0806),tensor(0.0225),tensor(0.0326)
6855,6855,tensor(0.0806),tensor(0.0225),tensor(0.0326)
6856,6856,tensor(0.0806),tensor(0.0225),tensor(0.0326)
6857,6857,tensor(0.0806),tensor(0.0225),tensor(0.0326)
6858,6858,tensor(0.0806),tensor(0.0225),tensor(0.0326)
6859,6859,tensor(0.0806),tensor(0.0225),tensor(0.0326)
6860,6860,tensor(0.0806),tensor(0.0225),tensor(0.0326)
6861,6861,tensor(0.0806),tensor(0.0225),tensor(0.0326)
6862,6862,tensor(0.0806),tensor(0.0225),tensor(0.0326)
6863,6863,tensor(0.0806),tensor(0.0225),tensor(0.0326)
6864,6864,tensor(0.0806),tensor(0.0225),tensor(0.0326)
6865,6865,tensor(0.0806),tensor(0.0225),tensor(0.0326)
6866,6866,tensor(0.0806),tensor(0.0225),tensor(0.0326)
6867,6867,tensor(0.0806),tensor(0.0225),tensor(0.0326)
6868,6868,tensor(0.0806),tensor(0.0225),tensor(0.0326)
6869,6869,tensor(0.0806),tensor(0.0225),tensor(0.0326)
6870,6870,tensor(0.0806),tensor(0.0225),tensor(0.0326)
6871,6871,tensor(0.0806),tensor(0.0225),tensor(0.0326)
6872,6872,tensor(0.0806),tensor(0.0225),tensor(0.0326)
6873,6873,tensor(0.0806),tensor(0.0225),tensor(0.0326)
6874,6874,tensor(0.0806),tensor(0.0225),tensor(0.0326)
6875,6875,tensor(0.0806),tensor(0.0225),tensor(0.0326)
6876,6876,tensor(0.0806),tensor(0.0225),tensor(0.0326)
6877,6877,tensor(0.0806),tensor(0.0225),tensor(0.0326)
6878,6878,tensor(0.0806),tensor(0.0225),tensor(0.0326)
6879,6879,tensor(0.0806),tensor(0.0225),tensor(0.0326)
6880,6880,tensor(0.0806),tensor(0.0225),tensor(0.0326)
6881,6881,tensor(0.0806),tensor(0.0225),tensor(0.0326)
6882,6882,tensor(0.0806),tensor(0.0225),tensor(0.0326)
6883,6883,tensor(0.0806),tensor(0.0225),tensor(0.0326)
6884,6884,tensor(0.0806),tensor(0.0225),tensor(0.0326)
6885,6885,tensor(0.0806),tensor(0.0225),tensor(0.0326)
6886,6886,tensor(0.0806),tensor(0.0225),tensor(0.0326)
6887,6887,tensor(0.0806),tensor(0.0225),tensor(0.0326)
6888,6888,tensor(0.0806),tensor(0.0225),tensor(0.0326)
6889,6889,tensor(0.0806),tensor(0.0225),tensor(0.0326)
6890,6890,tensor(0.0806),tensor(0.0225),tensor(0.0326)
6891,6891,tensor(0.0806),tensor(0.0225),tensor(0.0326)
6892,6892,tensor(0.0806),tensor(0.0225),tensor(0.0326)
6893,6893,tensor(0.0806),tensor(0.0225),tensor(0.0326)
6894,6894,tensor(0.0806),tensor(0.0225),tensor(0.0326)
6895,6895,tensor(0.0806),tensor(0.0225),tensor(0.0326)
6896,6896,tensor(0.0806),tensor(0.0225),tensor(0.0326)
6897,6897,tensor(0.0806),tensor(0.0225),tensor(0.0326)
6898,6898,tensor(0.0806),tensor(0.0225),tensor(0.0326)
6899,6899,tensor(0.0806),tensor(0.0225),tensor(0.0326)
6900,6900,tensor(0.0806),tensor(0.0225),tensor(0.0326)
6901,6901,tensor(0.0806),tensor(0.0225),tensor(0.0326)
6902,6902,tensor(0.0806),tensor(0.0225),tensor(0.0326)
6903,6903,tensor(0.0806),tensor(0.0225),tensor(0.0326)
6904,6904,tensor(0.0806),tensor(0.0225),tensor(0.0326)
6905,6905,tensor(0.0806),tensor(0.0225),tensor(0.0326)
6906,6906,tensor(0.0806),tensor(0.0225),tensor(0.0326)
6907,6907,tensor(0.0806),tensor(0.0225),tensor(0.0326)
6908,6908,tensor(0.0806),tensor(0.0224),tensor(0.0326)
6909,6909,tensor(0.0806),tensor(0.0224),tensor(0.0326)
6910,6910,tensor(0.0806),tensor(0.0224),tensor(0.0326)
6911,6911,tensor(0.0806),tensor(0.0224),tensor(0.0326)
6912,6912,tensor(0.0806),tensor(0.0224),tensor(0.0326)
6913,6913,tensor(0.0806),tensor(0.0224),tensor(0.0326)
6914,6914,tensor(0.0806),tensor(0.0224),tensor(0.0326)
6915,6915,tensor(0.0806),tensor(0.0224),tensor(0.0326)
6916,6916,tensor(0.0806),tensor(0.0224),tensor(0.0326)
6917,6917,tensor(0.0806),tensor(0.0224),tensor(0.0326)
6918,6918,tensor(0.0806),tensor(0.0224),tensor(0.0326)
6919,6919,tensor(0.0806),tensor(0.0224),tensor(0.0326)
6920,6920,tensor(0.0806),tensor(0.0224),tensor(0.0326)
6921,6921,tensor(0.0806),tensor(0.0224),tensor(0.0326)
6922,6922,tensor(0.0806),tensor(0.0224),tensor(0.0326)
6923,6923,tensor(0.0806),tensor(0.0224),tensor(0.0326)
6924,6924,tensor(0.0806),tensor(0.0224),tensor(0.0326)
6925,6925,tensor(0.0806),tensor(0.0224),tensor(0.0326)
6926,6926,tensor(0.0806),tensor(0.0224),tensor(0.0326)
6927,6927,tensor(0.0806),tensor(0.0224),tensor(0.0326)
6928,6928,tensor(0.0806),tensor(0.0224),tensor(0.0326)
6929,6929,tensor(0.0806),tensor(0.0224),tensor(0.0326)
6930,6930,tensor(0.0806),tensor(0.0224),tensor(0.0326)
6931,6931,tensor(0.0806),tensor(0.0224),tensor(0.0326)
6932,6932,tensor(0.0806),tensor(0.0224),tensor(0.0326)
6933,6933,tensor(0.0806),tensor(0.0224),tensor(0.0326)
6934,6934,tensor(0.0806),tensor(0.0224),tensor(0.0326)
6935,6935,tensor(0.0806),tensor(0.0224),tensor(0.0326)
6936,6936,tensor(0.0806),tensor(0.0224),tensor(0.0326)
6937,6937,tensor(0.0806),tensor(0.0224),tensor(0.0326)
6938,6938,tensor(0.0806),tensor(0.0224),tensor(0.0326)
6939,6939,tensor(0.0806),tensor(0.0224),tensor(0.0326)
6940,6940,tensor(0.0806),tensor(0.0224),tensor(0.0326)
6941,6941,tensor(0.0806),tensor(0.0224),tensor(0.0326)
6942,6942,tensor(0.0806),tensor(0.0224),tensor(0.0326)
6943,6943,tensor(0.0806),tensor(0.0224),tensor(0.0326)
6944,6944,tensor(0.0806),tensor(0.0224),tensor(0.0326)
6945,6945,tensor(0.0806),tensor(0.0224),tensor(0.0326)
6946,6946,tensor(0.0806),tensor(0.0224),tensor(0.0326)
6947,6947,tensor(0.0806),tensor(0.0224),tensor(0.0326)
6948,6948,tensor(0.0806),tensor(0.0224),tensor(0.0326)
6949,6949,tensor(0.0806),tensor(0.0224),tensor(0.0326)
6950,6950,tensor(0.0806),tensor(0.0224),tensor(0.0326)
6951,6951,tensor(0.0806),tensor(0.0224),tensor(0.0326)
6952,6952,tensor(0.0806),tensor(0.0224),tensor(0.0326)
6953,6953,tensor(0.0806),tensor(0.0224),tensor(0.0326)
6954,6954,tensor(0.0806),tensor(0.0224),tensor(0.0326)
6955,6955,tensor(0.0806),tensor(0.0224),tensor(0.0326)
6956,6956,tensor(0.0806),tensor(0.0224),tensor(0.0326)
6957,6957,tensor(0.0806),tensor(0.0224),tensor(0.0326)
6958,6958,tensor(0.0806),tensor(0.0224),tensor(0.0326)
6959,6959,tensor(0.0806),tensor(0.0224),tensor(0.0326)
6960,6960,tensor(0.0806),tensor(0.0224),tensor(0.0326)
6961,6961,tensor(0.0806),tensor(0.0224),tensor(0.0326)
6962,6962,tensor(0.0806),tensor(0.0224),tensor(0.0326)
6963,6963,tensor(0.0806),tensor(0.0224),tensor(0.0326)
6964,6964,tensor(0.0806),tensor(0.0224),tensor(0.0326)
6965,6965,tensor(0.0806),tensor(0.0224),tensor(0.0326)
6966,6966,tensor(0.0806),tensor(0.0224),tensor(0.0326)
6967,6967,tensor(0.0806),tensor(0.0224),tensor(0.0326)
6968,6968,tensor(0.0806),tensor(0.0224),tensor(0.0326)
6969,6969,tensor(0.0806),tensor(0.0224),tensor(0.0326)
6970,6970,tensor(0.0806),tensor(0.0224),tensor(0.0326)
6971,6971,tensor(0.0806),tensor(0.0224),tensor(0.0326)
6972,6972,tensor(0.0806),tensor(0.0224),tensor(0.0326)
6973,6973,tensor(0.0806),tensor(0.0224),tensor(0.0326)
6974,6974,tensor(0.0806),tensor(0.0224),tensor(0.0326)
6975,6975,tensor(0.0806),tensor(0.0224),tensor(0.0326)
6976,6976,tensor(0.0806),tensor(0.0224),tensor(0.0326)
6977,6977,tensor(0.0806),tensor(0.0224),tensor(0.0326)
6978,6978,tensor(0.0806),tensor(0.0224),tensor(0.0326)
6979,6979,tensor(0.0806),tensor(0.0224),tensor(0.0326)
6980,6980,tensor(0.0806),tensor(0.0224),tensor(0.0326)
6981,6981,tensor(0.0806),tensor(0.0224),tensor(0.0326)
6982,6982,tensor(0.0806),tensor(0.0224),tensor(0.0326)
6983,6983,tensor(0.0806),tensor(0.0224),tensor(0.0326)
6984,6984,tensor(0.0806),tensor(0.0224),tensor(0.0326)
6985,6985,tensor(0.0806),tensor(0.0224),tensor(0.0326)
6986,6986,tensor(0.0806),tensor(0.0224),tensor(0.0326)
6987,6987,tensor(0.0806),tensor(0.0224),tensor(0.0326)
6988,6988,tensor(0.0806),tensor(0.0224),tensor(0.0326)
6989,6989,tensor(0.0806),tensor(0.0224),tensor(0.0326)
6990,6990,tensor(0.0806),tensor(0.0224),tensor(0.0326)
6991,6991,tensor(0.0806),tensor(0.0224),tensor(0.0326)
6992,6992,tensor(0.0806),tensor(0.0224),tensor(0.0326)
6993,6993,tensor(0.0806),tensor(0.0224),tensor(0.0326)
6994,6994,tensor(0.0806),tensor(0.0224),tensor(0.0326)
6995,6995,tensor(0.0806),tensor(0.0224),tensor(0.0326)
6996,6996,tensor(0.0806),tensor(0.0224),tensor(0.0326)
6997,6997,tensor(0.0806),tensor(0.0224),tensor(0.0326)
6998,6998,tensor(0.0806),tensor(0.0224),tensor(0.0326)
6999,6999,tensor(0.0806),tensor(0.0224),tensor(0.0326)
7000,7000,tensor(0.0806),tensor(0.0224),tensor(0.0326)
7001,7001,tensor(0.0806),tensor(0.0224),tensor(0.0326)
7002,7002,tensor(0.0806),tensor(0.0224),tensor(0.0326)
7003,7003,tensor(0.0806),tensor(0.0224),tensor(0.0326)
7004,7004,tensor(0.0806),tensor(0.0224),tensor(0.0326)
7005,7005,tensor(0.0806),tensor(0.0224),tensor(0.0326)
7006,7006,tensor(0.0806),tensor(0.0224),tensor(0.0326)
7007,7007,tensor(0.0806),tensor(0.0224),tensor(0.0326)
7008,7008,tensor(0.0806),tensor(0.0224),tensor(0.0326)
7009,7009,tensor(0.0806),tensor(0.0224),tensor(0.0326)
7010,7010,tensor(0.0806),tensor(0.0224),tensor(0.0326)
7011,7011,tensor(0.0806),tensor(0.0224),tensor(0.0326)
7012,7012,tensor(0.0806),tensor(0.0224),tensor(0.0326)
7013,7013,tensor(0.0806),tensor(0.0224),tensor(0.0326)
7014,7014,tensor(0.0806),tensor(0.0224),tensor(0.0326)
7015,7015,tensor(0.0806),tensor(0.0224),tensor(0.0326)
7016,7016,tensor(0.0806),tensor(0.0224),tensor(0.0326)
7017,7017,tensor(0.0806),tensor(0.0224),tensor(0.0326)
7018,7018,tensor(0.0806),tensor(0.0224),tensor(0.0326)
7019,7019,tensor(0.0806),tensor(0.0224),tensor(0.0326)
7020,7020,tensor(0.0806),tensor(0.0224),tensor(0.0326)
7021,7021,tensor(0.0806),tensor(0.0224),tensor(0.0326)
7022,7022,tensor(0.0806),tensor(0.0224),tensor(0.0326)
7023,7023,tensor(0.0806),tensor(0.0224),tensor(0.0326)
7024,7024,tensor(0.0806),tensor(0.0224),tensor(0.0326)
7025,7025,tensor(0.0806),tensor(0.0224),tensor(0.0325)
7026,7026,tensor(0.0806),tensor(0.0224),tensor(0.0325)
7027,7027,tensor(0.0806),tensor(0.0224),tensor(0.0325)
7028,7028,tensor(0.0806),tensor(0.0224),tensor(0.0325)
7029,7029,tensor(0.0806),tensor(0.0224),tensor(0.0325)
7030,7030,tensor(0.0806),tensor(0.0224),tensor(0.0325)
7031,7031,tensor(0.0806),tensor(0.0224),tensor(0.0325)
7032,7032,tensor(0.0806),tensor(0.0224),tensor(0.0325)
7033,7033,tensor(0.0806),tensor(0.0224),tensor(0.0325)
7034,7034,tensor(0.0806),tensor(0.0224),tensor(0.0325)
7035,7035,tensor(0.0806),tensor(0.0224),tensor(0.0325)
7036,7036,tensor(0.0806),tensor(0.0224),tensor(0.0325)
7037,7037,tensor(0.0806),tensor(0.0224),tensor(0.0325)
7038,7038,tensor(0.0806),tensor(0.0224),tensor(0.0325)
7039,7039,tensor(0.0806),tensor(0.0224),tensor(0.0325)
7040,7040,tensor(0.0806),tensor(0.0224),tensor(0.0325)
7041,7041,tensor(0.0806),tensor(0.0224),tensor(0.0325)
7042,7042,tensor(0.0806),tensor(0.0224),tensor(0.0325)
7043,7043,tensor(0.0806),tensor(0.0224),tensor(0.0325)
7044,7044,tensor(0.0806),tensor(0.0224),tensor(0.0325)
7045,7045,tensor(0.0806),tensor(0.0224),tensor(0.0325)
7046,7046,tensor(0.0806),tensor(0.0224),tensor(0.0325)
7047,7047,tensor(0.0806),tensor(0.0224),tensor(0.0325)
7048,7048,tensor(0.0806),tensor(0.0224),tensor(0.0325)
7049,7049,tensor(0.0806),tensor(0.0224),tensor(0.0325)
7050,7050,tensor(0.0806),tensor(0.0224),tensor(0.0325)
7051,7051,tensor(0.0806),tensor(0.0224),tensor(0.0325)
7052,7052,tensor(0.0806),tensor(0.0224),tensor(0.0325)
7053,7053,tensor(0.0806),tensor(0.0224),tensor(0.0325)
7054,7054,tensor(0.0806),tensor(0.0224),tensor(0.0325)
7055,7055,tensor(0.0806),tensor(0.0224),tensor(0.0325)
7056,7056,tensor(0.0806),tensor(0.0224),tensor(0.0325)
7057,7057,tensor(0.0806),tensor(0.0224),tensor(0.0325)
7058,7058,tensor(0.0806),tensor(0.0224),tensor(0.0325)
7059,7059,tensor(0.0806),tensor(0.0224),tensor(0.0325)
7060,7060,tensor(0.0806),tensor(0.0224),tensor(0.0325)
7061,7061,tensor(0.0806),tensor(0.0224),tensor(0.0325)
7062,7062,tensor(0.0806),tensor(0.0224),tensor(0.0325)
7063,7063,tensor(0.0806),tensor(0.0224),tensor(0.0325)
7064,7064,tensor(0.0806),tensor(0.0224),tensor(0.0325)
7065,7065,tensor(0.0806),tensor(0.0224),tensor(0.0325)
7066,7066,tensor(0.0806),tensor(0.0224),tensor(0.0325)
7067,7067,tensor(0.0806),tensor(0.0224),tensor(0.0325)
7068,7068,tensor(0.0806),tensor(0.0224),tensor(0.0325)
7069,7069,tensor(0.0806),tensor(0.0224),tensor(0.0325)
7070,7070,tensor(0.0806),tensor(0.0224),tensor(0.0325)
7071,7071,tensor(0.0806),tensor(0.0224),tensor(0.0325)
7072,7072,tensor(0.0806),tensor(0.0224),tensor(0.0325)
7073,7073,tensor(0.0806),tensor(0.0224),tensor(0.0325)
7074,7074,tensor(0.0806),tensor(0.0224),tensor(0.0325)
7075,7075,tensor(0.0806),tensor(0.0224),tensor(0.0325)
7076,7076,tensor(0.0806),tensor(0.0224),tensor(0.0325)
7077,7077,tensor(0.0806),tensor(0.0224),tensor(0.0325)
7078,7078,tensor(0.0806),tensor(0.0224),tensor(0.0325)
7079,7079,tensor(0.0806),tensor(0.0224),tensor(0.0325)
7080,7080,tensor(0.0806),tensor(0.0224),tensor(0.0325)
7081,7081,tensor(0.0806),tensor(0.0224),tensor(0.0325)
7082,7082,tensor(0.0806),tensor(0.0224),tensor(0.0325)
7083,7083,tensor(0.0806),tensor(0.0224),tensor(0.0325)
7084,7084,tensor(0.0806),tensor(0.0224),tensor(0.0325)
7085,7085,tensor(0.0806),tensor(0.0224),tensor(0.0325)
7086,7086,tensor(0.0806),tensor(0.0224),tensor(0.0325)
7087,7087,tensor(0.0806),tensor(0.0224),tensor(0.0325)
7088,7088,tensor(0.0806),tensor(0.0224),tensor(0.0325)
7089,7089,tensor(0.0806),tensor(0.0224),tensor(0.0325)
7090,7090,tensor(0.0806),tensor(0.0224),tensor(0.0325)
7091,7091,tensor(0.0806),tensor(0.0224),tensor(0.0325)
7092,7092,tensor(0.0806),tensor(0.0224),tensor(0.0325)
7093,7093,tensor(0.0806),tensor(0.0224),tensor(0.0325)
7094,7094,tensor(0.0806),tensor(0.0224),tensor(0.0325)
7095,7095,tensor(0.0806),tensor(0.0224),tensor(0.0325)
7096,7096,tensor(0.0806),tensor(0.0224),tensor(0.0325)
7097,7097,tensor(0.0806),tensor(0.0224),tensor(0.0325)
7098,7098,tensor(0.0806),tensor(0.0224),tensor(0.0325)
7099,7099,tensor(0.0806),tensor(0.0224),tensor(0.0325)
7100,7100,tensor(0.0806),tensor(0.0224),tensor(0.0325)
7101,7101,tensor(0.0806),tensor(0.0224),tensor(0.0325)
7102,7102,tensor(0.0806),tensor(0.0224),tensor(0.0325)
7103,7103,tensor(0.0806),tensor(0.0224),tensor(0.0325)
7104,7104,tensor(0.0806),tensor(0.0224),tensor(0.0325)
7105,7105,tensor(0.0806),tensor(0.0224),tensor(0.0325)
7106,7106,tensor(0.0806),tensor(0.0224),tensor(0.0325)
7107,7107,tensor(0.0806),tensor(0.0224),tensor(0.0325)
7108,7108,tensor(0.0806),tensor(0.0224),tensor(0.0325)
7109,7109,tensor(0.0806),tensor(0.0224),tensor(0.0325)
7110,7110,tensor(0.0806),tensor(0.0224),tensor(0.0325)
7111,7111,tensor(0.0806),tensor(0.0224),tensor(0.0325)
7112,7112,tensor(0.0806),tensor(0.0224),tensor(0.0325)
7113,7113,tensor(0.0806),tensor(0.0224),tensor(0.0325)
7114,7114,tensor(0.0806),tensor(0.0224),tensor(0.0325)
7115,7115,tensor(0.0806),tensor(0.0224),tensor(0.0325)
7116,7116,tensor(0.0806),tensor(0.0224),tensor(0.0325)
7117,7117,tensor(0.0806),tensor(0.0224),tensor(0.0325)
7118,7118,tensor(0.0806),tensor(0.0224),tensor(0.0325)
7119,7119,tensor(0.0806),tensor(0.0224),tensor(0.0325)
7120,7120,tensor(0.0806),tensor(0.0224),tensor(0.0325)
7121,7121,tensor(0.0806),tensor(0.0224),tensor(0.0325)
7122,7122,tensor(0.0806),tensor(0.0224),tensor(0.0325)
7123,7123,tensor(0.0806),tensor(0.0223),tensor(0.0325)
7124,7124,tensor(0.0806),tensor(0.0223),tensor(0.0325)
7125,7125,tensor(0.0806),tensor(0.0223),tensor(0.0325)
7126,7126,tensor(0.0806),tensor(0.0223),tensor(0.0325)
7127,7127,tensor(0.0806),tensor(0.0223),tensor(0.0325)
7128,7128,tensor(0.0806),tensor(0.0223),tensor(0.0325)
7129,7129,tensor(0.0806),tensor(0.0223),tensor(0.0325)
7130,7130,tensor(0.0806),tensor(0.0223),tensor(0.0325)
7131,7131,tensor(0.0806),tensor(0.0223),tensor(0.0325)
7132,7132,tensor(0.0806),tensor(0.0223),tensor(0.0325)
7133,7133,tensor(0.0806),tensor(0.0223),tensor(0.0325)
7134,7134,tensor(0.0806),tensor(0.0223),tensor(0.0325)
7135,7135,tensor(0.0806),tensor(0.0223),tensor(0.0325)
7136,7136,tensor(0.0806),tensor(0.0223),tensor(0.0325)
7137,7137,tensor(0.0806),tensor(0.0223),tensor(0.0325)
7138,7138,tensor(0.0806),tensor(0.0223),tensor(0.0325)
7139,7139,tensor(0.0806),tensor(0.0223),tensor(0.0325)
7140,7140,tensor(0.0806),tensor(0.0223),tensor(0.0325)
7141,7141,tensor(0.0806),tensor(0.0223),tensor(0.0325)
7142,7142,tensor(0.0806),tensor(0.0223),tensor(0.0325)
7143,7143,tensor(0.0806),tensor(0.0223),tensor(0.0325)
7144,7144,tensor(0.0806),tensor(0.0223),tensor(0.0325)
7145,7145,tensor(0.0806),tensor(0.0223),tensor(0.0325)
7146,7146,tensor(0.0806),tensor(0.0223),tensor(0.0325)
7147,7147,tensor(0.0806),tensor(0.0223),tensor(0.0325)
7148,7148,tensor(0.0806),tensor(0.0223),tensor(0.0325)
7149,7149,tensor(0.0806),tensor(0.0223),tensor(0.0325)
7150,7150,tensor(0.0806),tensor(0.0223),tensor(0.0325)
7151,7151,tensor(0.0806),tensor(0.0223),tensor(0.0325)
7152,7152,tensor(0.0806),tensor(0.0223),tensor(0.0325)
7153,7153,tensor(0.0806),tensor(0.0223),tensor(0.0325)
7154,7154,tensor(0.0806),tensor(0.0223),tensor(0.0325)
7155,7155,tensor(0.0806),tensor(0.0223),tensor(0.0325)
7156,7156,tensor(0.0806),tensor(0.0223),tensor(0.0325)
7157,7157,tensor(0.0806),tensor(0.0223),tensor(0.0325)
7158,7158,tensor(0.0806),tensor(0.0223),tensor(0.0325)
7159,7159,tensor(0.0806),tensor(0.0223),tensor(0.0325)
7160,7160,tensor(0.0806),tensor(0.0223),tensor(0.0325)
7161,7161,tensor(0.0806),tensor(0.0223),tensor(0.0325)
7162,7162,tensor(0.0806),tensor(0.0223),tensor(0.0325)
7163,7163,tensor(0.0806),tensor(0.0223),tensor(0.0325)
7164,7164,tensor(0.0806),tensor(0.0223),tensor(0.0325)
7165,7165,tensor(0.0806),tensor(0.0223),tensor(0.0325)
7166,7166,tensor(0.0806),tensor(0.0223),tensor(0.0325)
7167,7167,tensor(0.0806),tensor(0.0223),tensor(0.0325)
7168,7168,tensor(0.0806),tensor(0.0223),tensor(0.0325)
7169,7169,tensor(0.0806),tensor(0.0223),tensor(0.0325)
7170,7170,tensor(0.0806),tensor(0.0223),tensor(0.0325)
7171,7171,tensor(0.0806),tensor(0.0223),tensor(0.0325)
7172,7172,tensor(0.0806),tensor(0.0223),tensor(0.0325)
7173,7173,tensor(0.0806),tensor(0.0223),tensor(0.0325)
7174,7174,tensor(0.0806),tensor(0.0223),tensor(0.0325)
7175,7175,tensor(0.0806),tensor(0.0223),tensor(0.0325)
7176,7176,tensor(0.0806),tensor(0.0223),tensor(0.0325)
7177,7177,tensor(0.0806),tensor(0.0223),tensor(0.0325)
7178,7178,tensor(0.0806),tensor(0.0223),tensor(0.0325)
7179,7179,tensor(0.0806),tensor(0.0223),tensor(0.0325)
7180,7180,tensor(0.0806),tensor(0.0223),tensor(0.0325)
7181,7181,tensor(0.0806),tensor(0.0223),tensor(0.0325)
7182,7182,tensor(0.0806),tensor(0.0223),tensor(0.0325)
7183,7183,tensor(0.0806),tensor(0.0223),tensor(0.0325)
7184,7184,tensor(0.0806),tensor(0.0223),tensor(0.0325)
7185,7185,tensor(0.0806),tensor(0.0223),tensor(0.0325)
7186,7186,tensor(0.0806),tensor(0.0223),tensor(0.0325)
7187,7187,tensor(0.0806),tensor(0.0223),tensor(0.0325)
7188,7188,tensor(0.0806),tensor(0.0223),tensor(0.0325)
7189,7189,tensor(0.0806),tensor(0.0223),tensor(0.0325)
7190,7190,tensor(0.0806),tensor(0.0223),tensor(0.0325)
7191,7191,tensor(0.0806),tensor(0.0223),tensor(0.0325)
7192,7192,tensor(0.0806),tensor(0.0223),tensor(0.0325)
7193,7193,tensor(0.0806),tensor(0.0223),tensor(0.0325)
7194,7194,tensor(0.0806),tensor(0.0223),tensor(0.0325)
7195,7195,tensor(0.0806),tensor(0.0223),tensor(0.0325)
7196,7196,tensor(0.0806),tensor(0.0223),tensor(0.0325)
7197,7197,tensor(0.0806),tensor(0.0223),tensor(0.0325)
7198,7198,tensor(0.0806),tensor(0.0223),tensor(0.0325)
7199,7199,tensor(0.0806),tensor(0.0223),tensor(0.0325)
7200,7200,tensor(0.0806),tensor(0.0223),tensor(0.0325)
7201,7201,tensor(0.0806),tensor(0.0223),tensor(0.0325)
7202,7202,tensor(0.0806),tensor(0.0223),tensor(0.0325)
7203,7203,tensor(0.0806),tensor(0.0223),tensor(0.0325)
7204,7204,tensor(0.0806),tensor(0.0223),tensor(0.0325)
7205,7205,tensor(0.0806),tensor(0.0223),tensor(0.0325)
7206,7206,tensor(0.0806),tensor(0.0223),tensor(0.0325)
7207,7207,tensor(0.0806),tensor(0.0223),tensor(0.0325)
7208,7208,tensor(0.0806),tensor(0.0223),tensor(0.0325)
7209,7209,tensor(0.0806),tensor(0.0223),tensor(0.0325)
7210,7210,tensor(0.0806),tensor(0.0223),tensor(0.0325)
7211,7211,tensor(0.0806),tensor(0.0223),tensor(0.0325)
7212,7212,tensor(0.0806),tensor(0.0223),tensor(0.0325)
7213,7213,tensor(0.0806),tensor(0.0223),tensor(0.0325)
7214,7214,tensor(0.0806),tensor(0.0223),tensor(0.0325)
7215,7215,tensor(0.0806),tensor(0.0223),tensor(0.0325)
7216,7216,tensor(0.0806),tensor(0.0223),tensor(0.0325)
7217,7217,tensor(0.0806),tensor(0.0223),tensor(0.0325)
7218,7218,tensor(0.0806),tensor(0.0223),tensor(0.0325)
7219,7219,tensor(0.0806),tensor(0.0223),tensor(0.0325)
7220,7220,tensor(0.0806),tensor(0.0223),tensor(0.0325)
7221,7221,tensor(0.0806),tensor(0.0223),tensor(0.0325)
7222,7222,tensor(0.0806),tensor(0.0223),tensor(0.0325)
7223,7223,tensor(0.0806),tensor(0.0223),tensor(0.0325)
7224,7224,tensor(0.0806),tensor(0.0223),tensor(0.0325)
7225,7225,tensor(0.0806),tensor(0.0223),tensor(0.0325)
7226,7226,tensor(0.0806),tensor(0.0223),tensor(0.0325)
7227,7227,tensor(0.0806),tensor(0.0223),tensor(0.0325)
7228,7228,tensor(0.0806),tensor(0.0223),tensor(0.0325)
7229,7229,tensor(0.0806),tensor(0.0223),tensor(0.0325)
7230,7230,tensor(0.0806),tensor(0.0223),tensor(0.0325)
7231,7231,tensor(0.0806),tensor(0.0223),tensor(0.0325)
7232,7232,tensor(0.0806),tensor(0.0223),tensor(0.0325)
7233,7233,tensor(0.0806),tensor(0.0223),tensor(0.0325)
7234,7234,tensor(0.0806),tensor(0.0223),tensor(0.0325)
7235,7235,tensor(0.0806),tensor(0.0223),tensor(0.0325)
7236,7236,tensor(0.0806),tensor(0.0223),tensor(0.0325)
7237,7237,tensor(0.0806),tensor(0.0223),tensor(0.0325)
7238,7238,tensor(0.0806),tensor(0.0223),tensor(0.0325)
7239,7239,tensor(0.0806),tensor(0.0223),tensor(0.0325)
7240,7240,tensor(0.0806),tensor(0.0223),tensor(0.0325)
7241,7241,tensor(0.0806),tensor(0.0223),tensor(0.0325)
7242,7242,tensor(0.0806),tensor(0.0223),tensor(0.0325)
7243,7243,tensor(0.0806),tensor(0.0223),tensor(0.0325)
7244,7244,tensor(0.0806),tensor(0.0223),tensor(0.0325)
7245,7245,tensor(0.0806),tensor(0.0223),tensor(0.0325)
7246,7246,tensor(0.0806),tensor(0.0223),tensor(0.0325)
7247,7247,tensor(0.0806),tensor(0.0223),tensor(0.0325)
7248,7248,tensor(0.0806),tensor(0.0223),tensor(0.0325)
7249,7249,tensor(0.0806),tensor(0.0223),tensor(0.0325)
7250,7250,tensor(0.0806),tensor(0.0223),tensor(0.0325)
7251,7251,tensor(0.0806),tensor(0.0223),tensor(0.0325)
7252,7252,tensor(0.0806),tensor(0.0223),tensor(0.0325)
7253,7253,tensor(0.0806),tensor(0.0223),tensor(0.0325)
7254,7254,tensor(0.0806),tensor(0.0223),tensor(0.0325)
7255,7255,tensor(0.0806),tensor(0.0223),tensor(0.0325)
7256,7256,tensor(0.0806),tensor(0.0223),tensor(0.0325)
7257,7257,tensor(0.0806),tensor(0.0223),tensor(0.0325)
7258,7258,tensor(0.0806),tensor(0.0223),tensor(0.0325)
7259,7259,tensor(0.0806),tensor(0.0223),tensor(0.0325)
7260,7260,tensor(0.0806),tensor(0.0223),tensor(0.0325)
7261,7261,tensor(0.0806),tensor(0.0223),tensor(0.0325)
7262,7262,tensor(0.0806),tensor(0.0223),tensor(0.0325)
7263,7263,tensor(0.0806),tensor(0.0223),tensor(0.0325)
7264,7264,tensor(0.0806),tensor(0.0223),tensor(0.0325)
7265,7265,tensor(0.0806),tensor(0.0223),tensor(0.0325)
7266,7266,tensor(0.0806),tensor(0.0223),tensor(0.0325)
7267,7267,tensor(0.0806),tensor(0.0223),tensor(0.0325)
7268,7268,tensor(0.0806),tensor(0.0223),tensor(0.0325)
7269,7269,tensor(0.0806),tensor(0.0223),tensor(0.0325)
7270,7270,tensor(0.0806),tensor(0.0223),tensor(0.0325)
7271,7271,tensor(0.0806),tensor(0.0223),tensor(0.0325)
7272,7272,tensor(0.0806),tensor(0.0223),tensor(0.0325)
7273,7273,tensor(0.0806),tensor(0.0223),tensor(0.0325)
7274,7274,tensor(0.0806),tensor(0.0223),tensor(0.0325)
7275,7275,tensor(0.0806),tensor(0.0223),tensor(0.0325)
7276,7276,tensor(0.0806),tensor(0.0223),tensor(0.0325)
7277,7277,tensor(0.0806),tensor(0.0223),tensor(0.0325)
7278,7278,tensor(0.0806),tensor(0.0223),tensor(0.0325)
7279,7279,tensor(0.0806),tensor(0.0223),tensor(0.0325)
7280,7280,tensor(0.0806),tensor(0.0223),tensor(0.0325)
7281,7281,tensor(0.0806),tensor(0.0223),tensor(0.0325)
7282,7282,tensor(0.0806),tensor(0.0223),tensor(0.0325)
7283,7283,tensor(0.0806),tensor(0.0223),tensor(0.0325)
7284,7284,tensor(0.0806),tensor(0.0223),tensor(0.0325)
7285,7285,tensor(0.0806),tensor(0.0223),tensor(0.0324)
7286,7286,tensor(0.0806),tensor(0.0223),tensor(0.0324)
7287,7287,tensor(0.0806),tensor(0.0223),tensor(0.0324)
7288,7288,tensor(0.0806),tensor(0.0223),tensor(0.0324)
7289,7289,tensor(0.0806),tensor(0.0223),tensor(0.0324)
7290,7290,tensor(0.0806),tensor(0.0223),tensor(0.0324)
7291,7291,tensor(0.0806),tensor(0.0223),tensor(0.0324)
7292,7292,tensor(0.0806),tensor(0.0223),tensor(0.0324)
7293,7293,tensor(0.0806),tensor(0.0223),tensor(0.0324)
7294,7294,tensor(0.0806),tensor(0.0223),tensor(0.0324)
7295,7295,tensor(0.0806),tensor(0.0223),tensor(0.0324)
7296,7296,tensor(0.0806),tensor(0.0223),tensor(0.0324)
7297,7297,tensor(0.0806),tensor(0.0223),tensor(0.0324)
7298,7298,tensor(0.0806),tensor(0.0223),tensor(0.0324)
7299,7299,tensor(0.0806),tensor(0.0223),tensor(0.0324)
7300,7300,tensor(0.0806),tensor(0.0223),tensor(0.0324)
7301,7301,tensor(0.0806),tensor(0.0223),tensor(0.0324)
7302,7302,tensor(0.0806),tensor(0.0223),tensor(0.0324)
7303,7303,tensor(0.0806),tensor(0.0223),tensor(0.0324)
7304,7304,tensor(0.0806),tensor(0.0223),tensor(0.0324)
7305,7305,tensor(0.0806),tensor(0.0223),tensor(0.0324)
7306,7306,tensor(0.0806),tensor(0.0223),tensor(0.0324)
7307,7307,tensor(0.0806),tensor(0.0223),tensor(0.0324)
7308,7308,tensor(0.0806),tensor(0.0223),tensor(0.0324)
7309,7309,tensor(0.0806),tensor(0.0223),tensor(0.0324)
7310,7310,tensor(0.0806),tensor(0.0223),tensor(0.0324)
7311,7311,tensor(0.0806),tensor(0.0223),tensor(0.0324)
7312,7312,tensor(0.0806),tensor(0.0223),tensor(0.0324)
7313,7313,tensor(0.0806),tensor(0.0223),tensor(0.0324)
7314,7314,tensor(0.0806),tensor(0.0223),tensor(0.0324)
7315,7315,tensor(0.0806),tensor(0.0223),tensor(0.0324)
7316,7316,tensor(0.0806),tensor(0.0223),tensor(0.0324)
7317,7317,tensor(0.0806),tensor(0.0223),tensor(0.0324)
7318,7318,tensor(0.0806),tensor(0.0223),tensor(0.0324)
7319,7319,tensor(0.0806),tensor(0.0223),tensor(0.0324)
7320,7320,tensor(0.0806),tensor(0.0223),tensor(0.0324)
7321,7321,tensor(0.0806),tensor(0.0223),tensor(0.0324)
7322,7322,tensor(0.0806),tensor(0.0223),tensor(0.0324)
7323,7323,tensor(0.0806),tensor(0.0223),tensor(0.0324)
7324,7324,tensor(0.0806),tensor(0.0223),tensor(0.0324)
7325,7325,tensor(0.0806),tensor(0.0223),tensor(0.0324)
7326,7326,tensor(0.0806),tensor(0.0223),tensor(0.0324)
7327,7327,tensor(0.0806),tensor(0.0223),tensor(0.0324)
7328,7328,tensor(0.0806),tensor(0.0223),tensor(0.0324)
7329,7329,tensor(0.0806),tensor(0.0223),tensor(0.0324)
7330,7330,tensor(0.0806),tensor(0.0223),tensor(0.0324)
7331,7331,tensor(0.0806),tensor(0.0223),tensor(0.0324)
7332,7332,tensor(0.0806),tensor(0.0223),tensor(0.0324)
7333,7333,tensor(0.0806),tensor(0.0223),tensor(0.0324)
7334,7334,tensor(0.0806),tensor(0.0223),tensor(0.0324)
7335,7335,tensor(0.0806),tensor(0.0223),tensor(0.0324)
7336,7336,tensor(0.0806),tensor(0.0223),tensor(0.0324)
7337,7337,tensor(0.0806),tensor(0.0223),tensor(0.0324)
7338,7338,tensor(0.0806),tensor(0.0223),tensor(0.0324)
7339,7339,tensor(0.0806),tensor(0.0223),tensor(0.0324)
7340,7340,tensor(0.0806),tensor(0.0223),tensor(0.0324)
7341,7341,tensor(0.0806),tensor(0.0223),tensor(0.0324)
7342,7342,tensor(0.0806),tensor(0.0223),tensor(0.0324)
7343,7343,tensor(0.0806),tensor(0.0223),tensor(0.0324)
7344,7344,tensor(0.0806),tensor(0.0223),tensor(0.0324)
7345,7345,tensor(0.0806),tensor(0.0223),tensor(0.0324)
7346,7346,tensor(0.0806),tensor(0.0223),tensor(0.0324)
7347,7347,tensor(0.0806),tensor(0.0223),tensor(0.0324)
7348,7348,tensor(0.0806),tensor(0.0223),tensor(0.0324)
7349,7349,tensor(0.0806),tensor(0.0223),tensor(0.0324)
7350,7350,tensor(0.0806),tensor(0.0223),tensor(0.0324)
7351,7351,tensor(0.0806),tensor(0.0223),tensor(0.0324)
7352,7352,tensor(0.0806),tensor(0.0223),tensor(0.0324)
7353,7353,tensor(0.0806),tensor(0.0223),tensor(0.0324)
7354,7354,tensor(0.0806),tensor(0.0223),tensor(0.0324)
7355,7355,tensor(0.0806),tensor(0.0223),tensor(0.0324)
7356,7356,tensor(0.0806),tensor(0.0223),tensor(0.0324)
7357,7357,tensor(0.0806),tensor(0.0223),tensor(0.0324)
7358,7358,tensor(0.0806),tensor(0.0223),tensor(0.0324)
7359,7359,tensor(0.0806),tensor(0.0223),tensor(0.0324)
7360,7360,tensor(0.0806),tensor(0.0223),tensor(0.0324)
7361,7361,tensor(0.0806),tensor(0.0223),tensor(0.0324)
7362,7362,tensor(0.0806),tensor(0.0223),tensor(0.0324)
7363,7363,tensor(0.0806),tensor(0.0223),tensor(0.0324)
7364,7364,tensor(0.0806),tensor(0.0223),tensor(0.0324)
7365,7365,tensor(0.0806),tensor(0.0223),tensor(0.0324)
7366,7366,tensor(0.0806),tensor(0.0223),tensor(0.0324)
7367,7367,tensor(0.0806),tensor(0.0223),tensor(0.0324)
7368,7368,tensor(0.0806),tensor(0.0223),tensor(0.0324)
7369,7369,tensor(0.0806),tensor(0.0223),tensor(0.0324)
7370,7370,tensor(0.0806),tensor(0.0223),tensor(0.0324)
7371,7371,tensor(0.0806),tensor(0.0223),tensor(0.0324)
7372,7372,tensor(0.0806),tensor(0.0223),tensor(0.0324)
7373,7373,tensor(0.0806),tensor(0.0223),tensor(0.0324)
7374,7374,tensor(0.0806),tensor(0.0223),tensor(0.0324)
7375,7375,tensor(0.0806),tensor(0.0223),tensor(0.0324)
7376,7376,tensor(0.0806),tensor(0.0223),tensor(0.0324)
7377,7377,tensor(0.0806),tensor(0.0223),tensor(0.0324)
7378,7378,tensor(0.0806),tensor(0.0223),tensor(0.0324)
7379,7379,tensor(0.0806),tensor(0.0223),tensor(0.0324)
7380,7380,tensor(0.0806),tensor(0.0223),tensor(0.0324)
7381,7381,tensor(0.0806),tensor(0.0223),tensor(0.0324)
7382,7382,tensor(0.0806),tensor(0.0223),tensor(0.0324)
7383,7383,tensor(0.0806),tensor(0.0223),tensor(0.0324)
7384,7384,tensor(0.0806),tensor(0.0223),tensor(0.0324)
7385,7385,tensor(0.0806),tensor(0.0223),tensor(0.0324)
7386,7386,tensor(0.0806),tensor(0.0223),tensor(0.0324)
7387,7387,tensor(0.0806),tensor(0.0223),tensor(0.0324)
7388,7388,tensor(0.0806),tensor(0.0223),tensor(0.0324)
7389,7389,tensor(0.0806),tensor(0.0223),tensor(0.0324)
7390,7390,tensor(0.0806),tensor(0.0223),tensor(0.0324)
7391,7391,tensor(0.0806),tensor(0.0223),tensor(0.0324)
7392,7392,tensor(0.0806),tensor(0.0223),tensor(0.0324)
7393,7393,tensor(0.0806),tensor(0.0223),tensor(0.0324)
7394,7394,tensor(0.0806),tensor(0.0223),tensor(0.0324)
7395,7395,tensor(0.0806),tensor(0.0223),tensor(0.0324)
7396,7396,tensor(0.0806),tensor(0.0223),tensor(0.0324)
7397,7397,tensor(0.0806),tensor(0.0223),tensor(0.0324)
7398,7398,tensor(0.0806),tensor(0.0223),tensor(0.0324)
7399,7399,tensor(0.0806),tensor(0.0223),tensor(0.0324)
7400,7400,tensor(0.0806),tensor(0.0223),tensor(0.0324)
7401,7401,tensor(0.0806),tensor(0.0223),tensor(0.0324)
7402,7402,tensor(0.0806),tensor(0.0223),tensor(0.0324)
7403,7403,tensor(0.0806),tensor(0.0223),tensor(0.0324)
7404,7404,tensor(0.0806),tensor(0.0223),tensor(0.0324)
7405,7405,tensor(0.0806),tensor(0.0223),tensor(0.0324)
7406,7406,tensor(0.0806),tensor(0.0223),tensor(0.0324)
7407,7407,tensor(0.0806),tensor(0.0223),tensor(0.0324)
7408,7408,tensor(0.0806),tensor(0.0223),tensor(0.0324)
7409,7409,tensor(0.0806),tensor(0.0223),tensor(0.0324)
7410,7410,tensor(0.0806),tensor(0.0223),tensor(0.0324)
7411,7411,tensor(0.0806),tensor(0.0223),tensor(0.0324)
7412,7412,tensor(0.0806),tensor(0.0223),tensor(0.0324)
7413,7413,tensor(0.0806),tensor(0.0223),tensor(0.0324)
7414,7414,tensor(0.0806),tensor(0.0223),tensor(0.0324)
7415,7415,tensor(0.0806),tensor(0.0223),tensor(0.0324)
7416,7416,tensor(0.0806),tensor(0.0223),tensor(0.0324)
7417,7417,tensor(0.0806),tensor(0.0223),tensor(0.0324)
7418,7418,tensor(0.0806),tensor(0.0223),tensor(0.0324)
7419,7419,tensor(0.0806),tensor(0.0223),tensor(0.0324)
7420,7420,tensor(0.0806),tensor(0.0223),tensor(0.0324)
7421,7421,tensor(0.0806),tensor(0.0223),tensor(0.0324)
7422,7422,tensor(0.0806),tensor(0.0223),tensor(0.0324)
7423,7423,tensor(0.0806),tensor(0.0223),tensor(0.0324)
7424,7424,tensor(0.0806),tensor(0.0223),tensor(0.0324)
7425,7425,tensor(0.0806),tensor(0.0223),tensor(0.0324)
7426,7426,tensor(0.0806),tensor(0.0223),tensor(0.0324)
7427,7427,tensor(0.0806),tensor(0.0223),tensor(0.0324)
7428,7428,tensor(0.0806),tensor(0.0223),tensor(0.0324)
7429,7429,tensor(0.0806),tensor(0.0223),tensor(0.0324)
7430,7430,tensor(0.0806),tensor(0.0223),tensor(0.0324)
7431,7431,tensor(0.0806),tensor(0.0223),tensor(0.0324)
7432,7432,tensor(0.0806),tensor(0.0223),tensor(0.0324)
7433,7433,tensor(0.0806),tensor(0.0223),tensor(0.0324)
7434,7434,tensor(0.0806),tensor(0.0223),tensor(0.0324)
7435,7435,tensor(0.0806),tensor(0.0222),tensor(0.0324)
7436,7436,tensor(0.0806),tensor(0.0222),tensor(0.0324)
7437,7437,tensor(0.0806),tensor(0.0222),tensor(0.0324)
7438,7438,tensor(0.0806),tensor(0.0222),tensor(0.0324)
7439,7439,tensor(0.0806),tensor(0.0222),tensor(0.0324)
7440,7440,tensor(0.0806),tensor(0.0222),tensor(0.0324)
7441,7441,tensor(0.0806),tensor(0.0222),tensor(0.0324)
7442,7442,tensor(0.0806),tensor(0.0222),tensor(0.0324)
7443,7443,tensor(0.0806),tensor(0.0222),tensor(0.0324)
7444,7444,tensor(0.0806),tensor(0.0222),tensor(0.0324)
7445,7445,tensor(0.0806),tensor(0.0222),tensor(0.0324)
7446,7446,tensor(0.0806),tensor(0.0222),tensor(0.0324)
7447,7447,tensor(0.0806),tensor(0.0222),tensor(0.0324)
7448,7448,tensor(0.0806),tensor(0.0222),tensor(0.0324)
7449,7449,tensor(0.0806),tensor(0.0222),tensor(0.0324)
7450,7450,tensor(0.0806),tensor(0.0222),tensor(0.0324)
7451,7451,tensor(0.0806),tensor(0.0222),tensor(0.0324)
7452,7452,tensor(0.0806),tensor(0.0222),tensor(0.0324)
7453,7453,tensor(0.0806),tensor(0.0222),tensor(0.0324)
7454,7454,tensor(0.0806),tensor(0.0222),tensor(0.0324)
7455,7455,tensor(0.0806),tensor(0.0222),tensor(0.0324)
7456,7456,tensor(0.0806),tensor(0.0222),tensor(0.0324)
7457,7457,tensor(0.0806),tensor(0.0222),tensor(0.0324)
7458,7458,tensor(0.0806),tensor(0.0222),tensor(0.0324)
7459,7459,tensor(0.0806),tensor(0.0222),tensor(0.0324)
7460,7460,tensor(0.0806),tensor(0.0222),tensor(0.0324)
7461,7461,tensor(0.0806),tensor(0.0222),tensor(0.0324)
7462,7462,tensor(0.0806),tensor(0.0222),tensor(0.0324)
7463,7463,tensor(0.0806),tensor(0.0222),tensor(0.0324)
7464,7464,tensor(0.0806),tensor(0.0222),tensor(0.0324)
7465,7465,tensor(0.0806),tensor(0.0222),tensor(0.0324)
7466,7466,tensor(0.0806),tensor(0.0222),tensor(0.0324)
7467,7467,tensor(0.0806),tensor(0.0222),tensor(0.0324)
7468,7468,tensor(0.0806),tensor(0.0222),tensor(0.0324)
7469,7469,tensor(0.0806),tensor(0.0222),tensor(0.0324)
7470,7470,tensor(0.0806),tensor(0.0222),tensor(0.0324)
7471,7471,tensor(0.0806),tensor(0.0222),tensor(0.0324)
7472,7472,tensor(0.0806),tensor(0.0222),tensor(0.0324)
7473,7473,tensor(0.0806),tensor(0.0222),tensor(0.0324)
7474,7474,tensor(0.0806),tensor(0.0222),tensor(0.0324)
7475,7475,tensor(0.0806),tensor(0.0222),tensor(0.0324)
7476,7476,tensor(0.0806),tensor(0.0222),tensor(0.0324)
7477,7477,tensor(0.0806),tensor(0.0222),tensor(0.0324)
7478,7478,tensor(0.0806),tensor(0.0222),tensor(0.0324)
7479,7479,tensor(0.0806),tensor(0.0222),tensor(0.0324)
7480,7480,tensor(0.0806),tensor(0.0222),tensor(0.0324)
7481,7481,tensor(0.0806),tensor(0.0222),tensor(0.0324)
7482,7482,tensor(0.0806),tensor(0.0222),tensor(0.0324)
7483,7483,tensor(0.0806),tensor(0.0222),tensor(0.0324)
7484,7484,tensor(0.0806),tensor(0.0222),tensor(0.0324)
7485,7485,tensor(0.0806),tensor(0.0222),tensor(0.0324)
7486,7486,tensor(0.0806),tensor(0.0222),tensor(0.0324)
7487,7487,tensor(0.0806),tensor(0.0222),tensor(0.0324)
7488,7488,tensor(0.0806),tensor(0.0222),tensor(0.0324)
7489,7489,tensor(0.0806),tensor(0.0222),tensor(0.0324)
7490,7490,tensor(0.0806),tensor(0.0222),tensor(0.0324)
7491,7491,tensor(0.0806),tensor(0.0222),tensor(0.0324)
7492,7492,tensor(0.0806),tensor(0.0222),tensor(0.0324)
7493,7493,tensor(0.0806),tensor(0.0222),tensor(0.0324)
7494,7494,tensor(0.0806),tensor(0.0222),tensor(0.0324)
7495,7495,tensor(0.0806),tensor(0.0222),tensor(0.0324)
7496,7496,tensor(0.0806),tensor(0.0222),tensor(0.0324)
7497,7497,tensor(0.0806),tensor(0.0222),tensor(0.0324)
7498,7498,tensor(0.0806),tensor(0.0222),tensor(0.0324)
7499,7499,tensor(0.0806),tensor(0.0222),tensor(0.0324)
7500,7500,tensor(0.0806),tensor(0.0222),tensor(0.0324)
7501,7501,tensor(0.0806),tensor(0.0222),tensor(0.0324)
7502,7502,tensor(0.0806),tensor(0.0222),tensor(0.0324)
7503,7503,tensor(0.0806),tensor(0.0222),tensor(0.0324)
7504,7504,tensor(0.0806),tensor(0.0222),tensor(0.0324)
7505,7505,tensor(0.0806),tensor(0.0222),tensor(0.0324)
7506,7506,tensor(0.0806),tensor(0.0222),tensor(0.0324)
7507,7507,tensor(0.0806),tensor(0.0222),tensor(0.0324)
7508,7508,tensor(0.0806),tensor(0.0222),tensor(0.0324)
7509,7509,tensor(0.0806),tensor(0.0222),tensor(0.0324)
7510,7510,tensor(0.0806),tensor(0.0222),tensor(0.0324)
7511,7511,tensor(0.0806),tensor(0.0222),tensor(0.0324)
7512,7512,tensor(0.0806),tensor(0.0222),tensor(0.0324)
7513,7513,tensor(0.0806),tensor(0.0222),tensor(0.0324)
7514,7514,tensor(0.0806),tensor(0.0222),tensor(0.0324)
7515,7515,tensor(0.0806),tensor(0.0222),tensor(0.0324)
7516,7516,tensor(0.0806),tensor(0.0222),tensor(0.0324)
7517,7517,tensor(0.0806),tensor(0.0222),tensor(0.0324)
7518,7518,tensor(0.0806),tensor(0.0222),tensor(0.0324)
7519,7519,tensor(0.0806),tensor(0.0222),tensor(0.0324)
7520,7520,tensor(0.0806),tensor(0.0222),tensor(0.0324)
7521,7521,tensor(0.0806),tensor(0.0222),tensor(0.0324)
7522,7522,tensor(0.0806),tensor(0.0222),tensor(0.0324)
7523,7523,tensor(0.0806),tensor(0.0222),tensor(0.0324)
7524,7524,tensor(0.0806),tensor(0.0222),tensor(0.0324)
7525,7525,tensor(0.0806),tensor(0.0222),tensor(0.0324)
7526,7526,tensor(0.0806),tensor(0.0222),tensor(0.0324)
7527,7527,tensor(0.0806),tensor(0.0222),tensor(0.0324)
7528,7528,tensor(0.0806),tensor(0.0222),tensor(0.0324)
7529,7529,tensor(0.0806),tensor(0.0222),tensor(0.0324)
7530,7530,tensor(0.0806),tensor(0.0222),tensor(0.0324)
7531,7531,tensor(0.0806),tensor(0.0222),tensor(0.0324)
7532,7532,tensor(0.0806),tensor(0.0222),tensor(0.0324)
7533,7533,tensor(0.0806),tensor(0.0222),tensor(0.0324)
7534,7534,tensor(0.0806),tensor(0.0222),tensor(0.0324)
7535,7535,tensor(0.0806),tensor(0.0222),tensor(0.0324)
7536,7536,tensor(0.0806),tensor(0.0222),tensor(0.0324)
7537,7537,tensor(0.0806),tensor(0.0222),tensor(0.0324)
7538,7538,tensor(0.0806),tensor(0.0222),tensor(0.0324)
7539,7539,tensor(0.0806),tensor(0.0222),tensor(0.0324)
7540,7540,tensor(0.0806),tensor(0.0222),tensor(0.0324)
7541,7541,tensor(0.0806),tensor(0.0222),tensor(0.0324)
7542,7542,tensor(0.0806),tensor(0.0222),tensor(0.0324)
7543,7543,tensor(0.0806),tensor(0.0222),tensor(0.0324)
7544,7544,tensor(0.0806),tensor(0.0222),tensor(0.0324)
7545,7545,tensor(0.0806),tensor(0.0222),tensor(0.0324)
7546,7546,tensor(0.0806),tensor(0.0222),tensor(0.0324)
7547,7547,tensor(0.0806),tensor(0.0222),tensor(0.0324)
7548,7548,tensor(0.0806),tensor(0.0222),tensor(0.0324)
7549,7549,tensor(0.0806),tensor(0.0222),tensor(0.0324)
7550,7550,tensor(0.0806),tensor(0.0222),tensor(0.0324)
7551,7551,tensor(0.0806),tensor(0.0222),tensor(0.0324)
7552,7552,tensor(0.0806),tensor(0.0222),tensor(0.0324)
7553,7553,tensor(0.0806),tensor(0.0222),tensor(0.0324)
7554,7554,tensor(0.0806),tensor(0.0222),tensor(0.0324)
7555,7555,tensor(0.0806),tensor(0.0222),tensor(0.0324)
7556,7556,tensor(0.0806),tensor(0.0222),tensor(0.0324)
7557,7557,tensor(0.0806),tensor(0.0222),tensor(0.0324)
7558,7558,tensor(0.0806),tensor(0.0222),tensor(0.0324)
7559,7559,tensor(0.0806),tensor(0.0222),tensor(0.0324)
7560,7560,tensor(0.0806),tensor(0.0222),tensor(0.0324)
7561,7561,tensor(0.0806),tensor(0.0222),tensor(0.0324)
7562,7562,tensor(0.0806),tensor(0.0222),tensor(0.0324)
7563,7563,tensor(0.0806),tensor(0.0222),tensor(0.0324)
7564,7564,tensor(0.0806),tensor(0.0222),tensor(0.0324)
7565,7565,tensor(0.0806),tensor(0.0222),tensor(0.0324)
7566,7566,tensor(0.0806),tensor(0.0222),tensor(0.0324)
7567,7567,tensor(0.0806),tensor(0.0222),tensor(0.0324)
7568,7568,tensor(0.0806),tensor(0.0222),tensor(0.0324)
7569,7569,tensor(0.0806),tensor(0.0222),tensor(0.0324)
7570,7570,tensor(0.0806),tensor(0.0222),tensor(0.0324)
7571,7571,tensor(0.0806),tensor(0.0222),tensor(0.0324)
7572,7572,tensor(0.0806),tensor(0.0222),tensor(0.0324)
7573,7573,tensor(0.0806),tensor(0.0222),tensor(0.0324)
7574,7574,tensor(0.0806),tensor(0.0222),tensor(0.0324)
7575,7575,tensor(0.0806),tensor(0.0222),tensor(0.0324)
7576,7576,tensor(0.0806),tensor(0.0222),tensor(0.0324)
7577,7577,tensor(0.0806),tensor(0.0222),tensor(0.0324)
7578,7578,tensor(0.0806),tensor(0.0222),tensor(0.0324)
7579,7579,tensor(0.0806),tensor(0.0222),tensor(0.0324)
7580,7580,tensor(0.0806),tensor(0.0222),tensor(0.0324)
7581,7581,tensor(0.0806),tensor(0.0222),tensor(0.0324)
7582,7582,tensor(0.0806),tensor(0.0222),tensor(0.0324)
7583,7583,tensor(0.0806),tensor(0.0222),tensor(0.0324)
7584,7584,tensor(0.0806),tensor(0.0222),tensor(0.0324)
7585,7585,tensor(0.0806),tensor(0.0222),tensor(0.0324)
7586,7586,tensor(0.0806),tensor(0.0222),tensor(0.0324)
7587,7587,tensor(0.0806),tensor(0.0222),tensor(0.0324)
7588,7588,tensor(0.0806),tensor(0.0222),tensor(0.0324)
7589,7589,tensor(0.0806),tensor(0.0222),tensor(0.0324)
7590,7590,tensor(0.0806),tensor(0.0222),tensor(0.0324)
7591,7591,tensor(0.0806),tensor(0.0222),tensor(0.0324)
7592,7592,tensor(0.0806),tensor(0.0222),tensor(0.0324)
7593,7593,tensor(0.0806),tensor(0.0222),tensor(0.0324)
7594,7594,tensor(0.0806),tensor(0.0222),tensor(0.0324)
7595,7595,tensor(0.0806),tensor(0.0222),tensor(0.0324)
7596,7596,tensor(0.0806),tensor(0.0222),tensor(0.0324)
7597,7597,tensor(0.0806),tensor(0.0222),tensor(0.0324)
7598,7598,tensor(0.0806),tensor(0.0222),tensor(0.0324)
7599,7599,tensor(0.0806),tensor(0.0222),tensor(0.0324)
7600,7600,tensor(0.0806),tensor(0.0222),tensor(0.0324)
7601,7601,tensor(0.0806),tensor(0.0222),tensor(0.0324)
7602,7602,tensor(0.0806),tensor(0.0222),tensor(0.0324)
7603,7603,tensor(0.0806),tensor(0.0222),tensor(0.0324)
7604,7604,tensor(0.0806),tensor(0.0222),tensor(0.0324)
7605,7605,tensor(0.0806),tensor(0.0222),tensor(0.0324)
7606,7606,tensor(0.0806),tensor(0.0222),tensor(0.0324)
7607,7607,tensor(0.0806),tensor(0.0222),tensor(0.0324)
7608,7608,tensor(0.0806),tensor(0.0222),tensor(0.0324)
7609,7609,tensor(0.0806),tensor(0.0222),tensor(0.0324)
7610,7610,tensor(0.0806),tensor(0.0222),tensor(0.0324)
7611,7611,tensor(0.0806),tensor(0.0222),tensor(0.0324)
7612,7612,tensor(0.0806),tensor(0.0222),tensor(0.0324)
7613,7613,tensor(0.0806),tensor(0.0222),tensor(0.0324)
7614,7614,tensor(0.0806),tensor(0.0222),tensor(0.0324)
7615,7615,tensor(0.0806),tensor(0.0222),tensor(0.0324)
7616,7616,tensor(0.0806),tensor(0.0222),tensor(0.0324)
7617,7617,tensor(0.0806),tensor(0.0222),tensor(0.0324)
7618,7618,tensor(0.0806),tensor(0.0222),tensor(0.0324)
7619,7619,tensor(0.0806),tensor(0.0222),tensor(0.0324)
7620,7620,tensor(0.0806),tensor(0.0222),tensor(0.0324)
7621,7621,tensor(0.0806),tensor(0.0222),tensor(0.0324)
7622,7622,tensor(0.0806),tensor(0.0222),tensor(0.0324)
7623,7623,tensor(0.0806),tensor(0.0222),tensor(0.0324)
7624,7624,tensor(0.0806),tensor(0.0222),tensor(0.0324)
7625,7625,tensor(0.0806),tensor(0.0222),tensor(0.0324)
7626,7626,tensor(0.0806),tensor(0.0222),tensor(0.0324)
7627,7627,tensor(0.0806),tensor(0.0222),tensor(0.0324)
7628,7628,tensor(0.0806),tensor(0.0222),tensor(0.0324)
7629,7629,tensor(0.0806),tensor(0.0222),tensor(0.0324)
7630,7630,tensor(0.0806),tensor(0.0222),tensor(0.0324)
7631,7631,tensor(0.0806),tensor(0.0222),tensor(0.0324)
7632,7632,tensor(0.0806),tensor(0.0222),tensor(0.0324)
7633,7633,tensor(0.0806),tensor(0.0222),tensor(0.0324)
7634,7634,tensor(0.0806),tensor(0.0222),tensor(0.0324)
7635,7635,tensor(0.0806),tensor(0.0222),tensor(0.0324)
7636,7636,tensor(0.0806),tensor(0.0222),tensor(0.0324)
7637,7637,tensor(0.0806),tensor(0.0222),tensor(0.0324)
7638,7638,tensor(0.0806),tensor(0.0222),tensor(0.0324)
7639,7639,tensor(0.0806),tensor(0.0222),tensor(0.0324)
7640,7640,tensor(0.0806),tensor(0.0222),tensor(0.0324)
7641,7641,tensor(0.0806),tensor(0.0222),tensor(0.0324)
7642,7642,tensor(0.0806),tensor(0.0222),tensor(0.0324)
7643,7643,tensor(0.0806),tensor(0.0222),tensor(0.0324)
7644,7644,tensor(0.0806),tensor(0.0222),tensor(0.0324)
7645,7645,tensor(0.0806),tensor(0.0222),tensor(0.0324)
7646,7646,tensor(0.0806),tensor(0.0222),tensor(0.0324)
7647,7647,tensor(0.0806),tensor(0.0222),tensor(0.0324)
7648,7648,tensor(0.0806),tensor(0.0222),tensor(0.0324)
7649,7649,tensor(0.0806),tensor(0.0222),tensor(0.0324)
7650,7650,tensor(0.0806),tensor(0.0222),tensor(0.0324)
7651,7651,tensor(0.0806),tensor(0.0222),tensor(0.0324)
7652,7652,tensor(0.0806),tensor(0.0222),tensor(0.0324)
7653,7653,tensor(0.0806),tensor(0.0222),tensor(0.0324)
7654,7654,tensor(0.0806),tensor(0.0222),tensor(0.0324)
7655,7655,tensor(0.0806),tensor(0.0222),tensor(0.0324)
7656,7656,tensor(0.0806),tensor(0.0222),tensor(0.0324)
7657,7657,tensor(0.0806),tensor(0.0222),tensor(0.0324)
7658,7658,tensor(0.0806),tensor(0.0222),tensor(0.0324)
7659,7659,tensor(0.0806),tensor(0.0222),tensor(0.0324)
7660,7660,tensor(0.0806),tensor(0.0222),tensor(0.0324)
7661,7661,tensor(0.0806),tensor(0.0222),tensor(0.0324)
7662,7662,tensor(0.0806),tensor(0.0222),tensor(0.0324)
7663,7663,tensor(0.0806),tensor(0.0222),tensor(0.0324)
7664,7664,tensor(0.0806),tensor(0.0222),tensor(0.0324)
7665,7665,tensor(0.0806),tensor(0.0222),tensor(0.0324)
7666,7666,tensor(0.0806),tensor(0.0222),tensor(0.0324)
7667,7667,tensor(0.0806),tensor(0.0222),tensor(0.0324)
7668,7668,tensor(0.0806),tensor(0.0222),tensor(0.0324)
7669,7669,tensor(0.0806),tensor(0.0222),tensor(0.0324)
7670,7670,tensor(0.0806),tensor(0.0222),tensor(0.0324)
7671,7671,tensor(0.0806),tensor(0.0222),tensor(0.0324)
7672,7672,tensor(0.0806),tensor(0.0222),tensor(0.0324)
7673,7673,tensor(0.0806),tensor(0.0222),tensor(0.0324)
7674,7674,tensor(0.0806),tensor(0.0222),tensor(0.0324)
7675,7675,tensor(0.0806),tensor(0.0222),tensor(0.0324)
7676,7676,tensor(0.0806),tensor(0.0222),tensor(0.0324)
7677,7677,tensor(0.0806),tensor(0.0222),tensor(0.0324)
7678,7678,tensor(0.0806),tensor(0.0222),tensor(0.0324)
7679,7679,tensor(0.0806),tensor(0.0222),tensor(0.0324)
7680,7680,tensor(0.0806),tensor(0.0222),tensor(0.0324)
7681,7681,tensor(0.0806),tensor(0.0222),tensor(0.0324)
7682,7682,tensor(0.0806),tensor(0.0222),tensor(0.0324)
7683,7683,tensor(0.0806),tensor(0.0222),tensor(0.0324)
7684,7684,tensor(0.0806),tensor(0.0222),tensor(0.0324)
7685,7685,tensor(0.0806),tensor(0.0222),tensor(0.0324)
7686,7686,tensor(0.0806),tensor(0.0222),tensor(0.0324)
7687,7687,tensor(0.0806),tensor(0.0222),tensor(0.0324)
7688,7688,tensor(0.0806),tensor(0.0222),tensor(0.0324)
7689,7689,tensor(0.0806),tensor(0.0222),tensor(0.0324)
7690,7690,tensor(0.0806),tensor(0.0222),tensor(0.0324)
7691,7691,tensor(0.0806),tensor(0.0222),tensor(0.0324)
7692,7692,tensor(0.0806),tensor(0.0222),tensor(0.0324)
7693,7693,tensor(0.0806),tensor(0.0222),tensor(0.0324)
7694,7694,tensor(0.0806),tensor(0.0222),tensor(0.0324)
7695,7695,tensor(0.0806),tensor(0.0222),tensor(0.0324)
7696,7696,tensor(0.0806),tensor(0.0222),tensor(0.0324)
7697,7697,tensor(0.0806),tensor(0.0222),tensor(0.0324)
7698,7698,tensor(0.0806),tensor(0.0222),tensor(0.0324)
7699,7699,tensor(0.0806),tensor(0.0222),tensor(0.0324)
7700,7700,tensor(0.0806),tensor(0.0222),tensor(0.0324)
7701,7701,tensor(0.0806),tensor(0.0222),tensor(0.0324)
7702,7702,tensor(0.0806),tensor(0.0222),tensor(0.0324)
7703,7703,tensor(0.0806),tensor(0.0222),tensor(0.0324)
7704,7704,tensor(0.0806),tensor(0.0222),tensor(0.0324)
7705,7705,tensor(0.0806),tensor(0.0222),tensor(0.0324)
7706,7706,tensor(0.0806),tensor(0.0222),tensor(0.0324)
7707,7707,tensor(0.0806),tensor(0.0222),tensor(0.0324)
7708,7708,tensor(0.0806),tensor(0.0222),tensor(0.0324)
7709,7709,tensor(0.0806),tensor(0.0222),tensor(0.0324)
7710,7710,tensor(0.0806),tensor(0.0222),tensor(0.0324)
7711,7711,tensor(0.0806),tensor(0.0222),tensor(0.0324)
7712,7712,tensor(0.0806),tensor(0.0222),tensor(0.0324)
7713,7713,tensor(0.0806),tensor(0.0222),tensor(0.0324)
7714,7714,tensor(0.0806),tensor(0.0222),tensor(0.0324)
7715,7715,tensor(0.0806),tensor(0.0222),tensor(0.0324)
7716,7716,tensor(0.0806),tensor(0.0222),tensor(0.0324)
7717,7717,tensor(0.0806),tensor(0.0222),tensor(0.0324)
7718,7718,tensor(0.0806),tensor(0.0222),tensor(0.0324)
7719,7719,tensor(0.0806),tensor(0.0222),tensor(0.0324)
7720,7720,tensor(0.0806),tensor(0.0222),tensor(0.0324)
7721,7721,tensor(0.0806),tensor(0.0222),tensor(0.0324)
7722,7722,tensor(0.0806),tensor(0.0222),tensor(0.0324)
7723,7723,tensor(0.0806),tensor(0.0222),tensor(0.0324)
7724,7724,tensor(0.0806),tensor(0.0222),tensor(0.0324)
7725,7725,tensor(0.0806),tensor(0.0222),tensor(0.0324)
7726,7726,tensor(0.0806),tensor(0.0222),tensor(0.0324)
7727,7727,tensor(0.0806),tensor(0.0222),tensor(0.0324)
7728,7728,tensor(0.0806),tensor(0.0222),tensor(0.0324)
7729,7729,tensor(0.0806),tensor(0.0222),tensor(0.0324)
7730,7730,tensor(0.0806),tensor(0.0222),tensor(0.0324)
7731,7731,tensor(0.0806),tensor(0.0222),tensor(0.0324)
7732,7732,tensor(0.0806),tensor(0.0222),tensor(0.0324)
7733,7733,tensor(0.0806),tensor(0.0222),tensor(0.0324)
7734,7734,tensor(0.0806),tensor(0.0222),tensor(0.0324)
7735,7735,tensor(0.0806),tensor(0.0222),tensor(0.0324)
7736,7736,tensor(0.0806),tensor(0.0222),tensor(0.0324)
7737,7737,tensor(0.0806),tensor(0.0222),tensor(0.0324)
7738,7738,tensor(0.0806),tensor(0.0222),tensor(0.0324)
7739,7739,tensor(0.0806),tensor(0.0222),tensor(0.0324)
7740,7740,tensor(0.0806),tensor(0.0222),tensor(0.0324)
7741,7741,tensor(0.0806),tensor(0.0222),tensor(0.0324)
7742,7742,tensor(0.0806),tensor(0.0222),tensor(0.0324)
7743,7743,tensor(0.0806),tensor(0.0222),tensor(0.0324)
7744,7744,tensor(0.0806),tensor(0.0222),tensor(0.0324)
7745,7745,tensor(0.0806),tensor(0.0222),tensor(0.0324)
7746,7746,tensor(0.0806),tensor(0.0222),tensor(0.0323)
7747,7747,tensor(0.0806),tensor(0.0222),tensor(0.0324)
7748,7748,tensor(0.0806),tensor(0.0222),tensor(0.0324)
7749,7749,tensor(0.0806),tensor(0.0222),tensor(0.0323)
7750,7750,tensor(0.0806),tensor(0.0222),tensor(0.0323)
7751,7751,tensor(0.0806),tensor(0.0222),tensor(0.0323)
7752,7752,tensor(0.0806),tensor(0.0222),tensor(0.0323)
7753,7753,tensor(0.0806),tensor(0.0222),tensor(0.0323)
7754,7754,tensor(0.0806),tensor(0.0222),tensor(0.0323)
7755,7755,tensor(0.0806),tensor(0.0222),tensor(0.0323)
7756,7756,tensor(0.0806),tensor(0.0222),tensor(0.0323)
7757,7757,tensor(0.0806),tensor(0.0222),tensor(0.0323)
7758,7758,tensor(0.0806),tensor(0.0222),tensor(0.0323)
7759,7759,tensor(0.0806),tensor(0.0222),tensor(0.0323)
7760,7760,tensor(0.0806),tensor(0.0222),tensor(0.0323)
7761,7761,tensor(0.0806),tensor(0.0222),tensor(0.0323)
7762,7762,tensor(0.0806),tensor(0.0222),tensor(0.0323)
7763,7763,tensor(0.0806),tensor(0.0222),tensor(0.0323)
7764,7764,tensor(0.0806),tensor(0.0222),tensor(0.0323)
7765,7765,tensor(0.0806),tensor(0.0222),tensor(0.0323)
7766,7766,tensor(0.0806),tensor(0.0222),tensor(0.0323)
7767,7767,tensor(0.0806),tensor(0.0222),tensor(0.0323)
7768,7768,tensor(0.0806),tensor(0.0222),tensor(0.0323)
7769,7769,tensor(0.0806),tensor(0.0222),tensor(0.0323)
7770,7770,tensor(0.0806),tensor(0.0222),tensor(0.0323)
7771,7771,tensor(0.0806),tensor(0.0222),tensor(0.0323)
7772,7772,tensor(0.0806),tensor(0.0222),tensor(0.0323)
7773,7773,tensor(0.0806),tensor(0.0222),tensor(0.0323)
7774,7774,tensor(0.0806),tensor(0.0222),tensor(0.0323)
7775,7775,tensor(0.0806),tensor(0.0222),tensor(0.0323)
7776,7776,tensor(0.0806),tensor(0.0222),tensor(0.0323)
7777,7777,tensor(0.0806),tensor(0.0222),tensor(0.0323)
7778,7778,tensor(0.0806),tensor(0.0222),tensor(0.0323)
7779,7779,tensor(0.0806),tensor(0.0222),tensor(0.0323)
7780,7780,tensor(0.0806),tensor(0.0222),tensor(0.0323)
7781,7781,tensor(0.0806),tensor(0.0222),tensor(0.0323)
7782,7782,tensor(0.0806),tensor(0.0222),tensor(0.0323)
7783,7783,tensor(0.0806),tensor(0.0222),tensor(0.0323)
7784,7784,tensor(0.0806),tensor(0.0222),tensor(0.0323)
7785,7785,tensor(0.0806),tensor(0.0222),tensor(0.0323)
7786,7786,tensor(0.0806),tensor(0.0222),tensor(0.0323)
7787,7787,tensor(0.0806),tensor(0.0222),tensor(0.0323)
7788,7788,tensor(0.0806),tensor(0.0222),tensor(0.0323)
7789,7789,tensor(0.0806),tensor(0.0222),tensor(0.0323)
7790,7790,tensor(0.0806),tensor(0.0222),tensor(0.0323)
7791,7791,tensor(0.0806),tensor(0.0222),tensor(0.0323)
7792,7792,tensor(0.0806),tensor(0.0222),tensor(0.0323)
7793,7793,tensor(0.0806),tensor(0.0222),tensor(0.0323)
7794,7794,tensor(0.0806),tensor(0.0222),tensor(0.0323)
7795,7795,tensor(0.0806),tensor(0.0222),tensor(0.0323)
7796,7796,tensor(0.0806),tensor(0.0222),tensor(0.0323)
7797,7797,tensor(0.0806),tensor(0.0222),tensor(0.0323)
7798,7798,tensor(0.0806),tensor(0.0222),tensor(0.0323)
7799,7799,tensor(0.0806),tensor(0.0222),tensor(0.0323)
7800,7800,tensor(0.0806),tensor(0.0222),tensor(0.0323)
7801,7801,tensor(0.0806),tensor(0.0222),tensor(0.0323)
7802,7802,tensor(0.0806),tensor(0.0222),tensor(0.0323)
7803,7803,tensor(0.0806),tensor(0.0222),tensor(0.0323)
7804,7804,tensor(0.0806),tensor(0.0222),tensor(0.0323)
7805,7805,tensor(0.0806),tensor(0.0222),tensor(0.0323)
7806,7806,tensor(0.0806),tensor(0.0222),tensor(0.0323)
7807,7807,tensor(0.0806),tensor(0.0222),tensor(0.0323)
7808,7808,tensor(0.0806),tensor(0.0222),tensor(0.0323)
7809,7809,tensor(0.0806),tensor(0.0222),tensor(0.0323)
7810,7810,tensor(0.0806),tensor(0.0222),tensor(0.0323)
7811,7811,tensor(0.0806),tensor(0.0222),tensor(0.0323)
7812,7812,tensor(0.0806),tensor(0.0222),tensor(0.0323)
7813,7813,tensor(0.0806),tensor(0.0222),tensor(0.0323)
7814,7814,tensor(0.0806),tensor(0.0222),tensor(0.0323)
7815,7815,tensor(0.0806),tensor(0.0222),tensor(0.0323)
7816,7816,tensor(0.0806),tensor(0.0222),tensor(0.0323)
7817,7817,tensor(0.0806),tensor(0.0222),tensor(0.0323)
7818,7818,tensor(0.0806),tensor(0.0222),tensor(0.0323)
7819,7819,tensor(0.0806),tensor(0.0222),tensor(0.0323)
7820,7820,tensor(0.0806),tensor(0.0222),tensor(0.0323)
7821,7821,tensor(0.0806),tensor(0.0222),tensor(0.0323)
7822,7822,tensor(0.0806),tensor(0.0222),tensor(0.0323)
7823,7823,tensor(0.0806),tensor(0.0222),tensor(0.0323)
7824,7824,tensor(0.0806),tensor(0.0222),tensor(0.0323)
7825,7825,tensor(0.0806),tensor(0.0222),tensor(0.0323)
7826,7826,tensor(0.0806),tensor(0.0222),tensor(0.0323)
7827,7827,tensor(0.0806),tensor(0.0222),tensor(0.0323)
7828,7828,tensor(0.0806),tensor(0.0222),tensor(0.0323)
7829,7829,tensor(0.0806),tensor(0.0222),tensor(0.0323)
7830,7830,tensor(0.0806),tensor(0.0222),tensor(0.0323)
7831,7831,tensor(0.0806),tensor(0.0222),tensor(0.0323)
7832,7832,tensor(0.0806),tensor(0.0222),tensor(0.0323)
7833,7833,tensor(0.0806),tensor(0.0222),tensor(0.0323)
7834,7834,tensor(0.0806),tensor(0.0222),tensor(0.0323)
7835,7835,tensor(0.0806),tensor(0.0222),tensor(0.0323)
7836,7836,tensor(0.0806),tensor(0.0222),tensor(0.0323)
7837,7837,tensor(0.0806),tensor(0.0222),tensor(0.0323)
7838,7838,tensor(0.0806),tensor(0.0222),tensor(0.0323)
7839,7839,tensor(0.0806),tensor(0.0222),tensor(0.0323)
7840,7840,tensor(0.0806),tensor(0.0222),tensor(0.0323)
7841,7841,tensor(0.0806),tensor(0.0222),tensor(0.0323)
7842,7842,tensor(0.0806),tensor(0.0222),tensor(0.0323)
7843,7843,tensor(0.0806),tensor(0.0222),tensor(0.0323)
7844,7844,tensor(0.0806),tensor(0.0222),tensor(0.0323)
7845,7845,tensor(0.0806),tensor(0.0222),tensor(0.0323)
7846,7846,tensor(0.0806),tensor(0.0222),tensor(0.0323)
7847,7847,tensor(0.0806),tensor(0.0222),tensor(0.0323)
7848,7848,tensor(0.0806),tensor(0.0222),tensor(0.0323)
7849,7849,tensor(0.0806),tensor(0.0222),tensor(0.0323)
7850,7850,tensor(0.0806),tensor(0.0222),tensor(0.0323)
7851,7851,tensor(0.0806),tensor(0.0222),tensor(0.0323)
7852,7852,tensor(0.0806),tensor(0.0222),tensor(0.0323)
7853,7853,tensor(0.0806),tensor(0.0222),tensor(0.0323)
7854,7854,tensor(0.0806),tensor(0.0222),tensor(0.0323)
7855,7855,tensor(0.0806),tensor(0.0222),tensor(0.0323)
7856,7856,tensor(0.0806),tensor(0.0222),tensor(0.0323)
7857,7857,tensor(0.0806),tensor(0.0222),tensor(0.0323)
7858,7858,tensor(0.0806),tensor(0.0222),tensor(0.0323)
7859,7859,tensor(0.0806),tensor(0.0222),tensor(0.0323)
7860,7860,tensor(0.0806),tensor(0.0222),tensor(0.0323)
7861,7861,tensor(0.0806),tensor(0.0222),tensor(0.0323)
7862,7862,tensor(0.0806),tensor(0.0222),tensor(0.0323)
7863,7863,tensor(0.0806),tensor(0.0222),tensor(0.0323)
7864,7864,tensor(0.0806),tensor(0.0222),tensor(0.0323)
7865,7865,tensor(0.0806),tensor(0.0222),tensor(0.0323)
7866,7866,tensor(0.0806),tensor(0.0222),tensor(0.0323)
7867,7867,tensor(0.0806),tensor(0.0222),tensor(0.0323)
7868,7868,tensor(0.0806),tensor(0.0222),tensor(0.0323)
7869,7869,tensor(0.0806),tensor(0.0222),tensor(0.0323)
7870,7870,tensor(0.0806),tensor(0.0222),tensor(0.0323)
7871,7871,tensor(0.0806),tensor(0.0222),tensor(0.0323)
7872,7872,tensor(0.0806),tensor(0.0222),tensor(0.0323)
7873,7873,tensor(0.0806),tensor(0.0222),tensor(0.0323)
7874,7874,tensor(0.0806),tensor(0.0222),tensor(0.0323)
7875,7875,tensor(0.0806),tensor(0.0222),tensor(0.0323)
7876,7876,tensor(0.0806),tensor(0.0222),tensor(0.0323)
7877,7877,tensor(0.0806),tensor(0.0222),tensor(0.0323)
7878,7878,tensor(0.0806),tensor(0.0222),tensor(0.0323)
7879,7879,tensor(0.0806),tensor(0.0222),tensor(0.0323)
7880,7880,tensor(0.0806),tensor(0.0222),tensor(0.0323)
7881,7881,tensor(0.0806),tensor(0.0222),tensor(0.0323)
7882,7882,tensor(0.0806),tensor(0.0222),tensor(0.0323)
7883,7883,tensor(0.0806),tensor(0.0222),tensor(0.0323)
7884,7884,tensor(0.0806),tensor(0.0222),tensor(0.0323)
7885,7885,tensor(0.0806),tensor(0.0222),tensor(0.0323)
7886,7886,tensor(0.0806),tensor(0.0222),tensor(0.0323)
7887,7887,tensor(0.0806),tensor(0.0222),tensor(0.0323)
7888,7888,tensor(0.0806),tensor(0.0222),tensor(0.0323)
7889,7889,tensor(0.0806),tensor(0.0222),tensor(0.0323)
7890,7890,tensor(0.0806),tensor(0.0222),tensor(0.0323)
7891,7891,tensor(0.0806),tensor(0.0222),tensor(0.0323)
7892,7892,tensor(0.0806),tensor(0.0222),tensor(0.0323)
7893,7893,tensor(0.0806),tensor(0.0222),tensor(0.0323)
7894,7894,tensor(0.0806),tensor(0.0222),tensor(0.0323)
7895,7895,tensor(0.0806),tensor(0.0222),tensor(0.0323)
7896,7896,tensor(0.0806),tensor(0.0222),tensor(0.0323)
7897,7897,tensor(0.0806),tensor(0.0222),tensor(0.0323)
7898,7898,tensor(0.0806),tensor(0.0222),tensor(0.0323)
7899,7899,tensor(0.0806),tensor(0.0222),tensor(0.0323)
7900,7900,tensor(0.0806),tensor(0.0222),tensor(0.0323)
7901,7901,tensor(0.0806),tensor(0.0222),tensor(0.0323)
7902,7902,tensor(0.0806),tensor(0.0222),tensor(0.0323)
7903,7903,tensor(0.0806),tensor(0.0222),tensor(0.0323)
7904,7904,tensor(0.0806),tensor(0.0222),tensor(0.0323)
7905,7905,tensor(0.0806),tensor(0.0222),tensor(0.0323)
7906,7906,tensor(0.0806),tensor(0.0222),tensor(0.0323)
7907,7907,tensor(0.0806),tensor(0.0222),tensor(0.0323)
7908,7908,tensor(0.0806),tensor(0.0222),tensor(0.0323)
7909,7909,tensor(0.0806),tensor(0.0222),tensor(0.0323)
7910,7910,tensor(0.0806),tensor(0.0222),tensor(0.0323)
7911,7911,tensor(0.0806),tensor(0.0222),tensor(0.0323)
7912,7912,tensor(0.0806),tensor(0.0222),tensor(0.0323)
7913,7913,tensor(0.0806),tensor(0.0222),tensor(0.0323)
7914,7914,tensor(0.0806),tensor(0.0222),tensor(0.0323)
7915,7915,tensor(0.0806),tensor(0.0222),tensor(0.0323)
7916,7916,tensor(0.0806),tensor(0.0222),tensor(0.0323)
7917,7917,tensor(0.0806),tensor(0.0222),tensor(0.0323)
7918,7918,tensor(0.0806),tensor(0.0222),tensor(0.0323)
7919,7919,tensor(0.0806),tensor(0.0222),tensor(0.0323)
7920,7920,tensor(0.0806),tensor(0.0222),tensor(0.0323)
7921,7921,tensor(0.0806),tensor(0.0222),tensor(0.0323)
7922,7922,tensor(0.0806),tensor(0.0222),tensor(0.0323)
7923,7923,tensor(0.0806),tensor(0.0222),tensor(0.0323)
7924,7924,tensor(0.0806),tensor(0.0222),tensor(0.0323)
7925,7925,tensor(0.0806),tensor(0.0222),tensor(0.0323)
7926,7926,tensor(0.0806),tensor(0.0222),tensor(0.0323)
7927,7927,tensor(0.0806),tensor(0.0222),tensor(0.0323)
7928,7928,tensor(0.0806),tensor(0.0222),tensor(0.0323)
7929,7929,tensor(0.0806),tensor(0.0222),tensor(0.0323)
7930,7930,tensor(0.0806),tensor(0.0222),tensor(0.0323)
7931,7931,tensor(0.0806),tensor(0.0222),tensor(0.0323)
7932,7932,tensor(0.0806),tensor(0.0222),tensor(0.0323)
7933,7933,tensor(0.0806),tensor(0.0222),tensor(0.0323)
7934,7934,tensor(0.0806),tensor(0.0222),tensor(0.0323)
7935,7935,tensor(0.0806),tensor(0.0222),tensor(0.0323)
7936,7936,tensor(0.0806),tensor(0.0222),tensor(0.0323)
7937,7937,tensor(0.0806),tensor(0.0222),tensor(0.0323)
7938,7938,tensor(0.0806),tensor(0.0222),tensor(0.0323)
7939,7939,tensor(0.0806),tensor(0.0222),tensor(0.0323)
7940,7940,tensor(0.0806),tensor(0.0222),tensor(0.0323)
7941,7941,tensor(0.0806),tensor(0.0222),tensor(0.0323)
7942,7942,tensor(0.0806),tensor(0.0222),tensor(0.0323)
7943,7943,tensor(0.0806),tensor(0.0222),tensor(0.0323)
7944,7944,tensor(0.0806),tensor(0.0222),tensor(0.0323)
7945,7945,tensor(0.0806),tensor(0.0222),tensor(0.0323)
7946,7946,tensor(0.0806),tensor(0.0222),tensor(0.0323)
7947,7947,tensor(0.0806),tensor(0.0222),tensor(0.0323)
7948,7948,tensor(0.0806),tensor(0.0222),tensor(0.0323)
7949,7949,tensor(0.0806),tensor(0.0222),tensor(0.0323)
7950,7950,tensor(0.0806),tensor(0.0222),tensor(0.0323)
7951,7951,tensor(0.0806),tensor(0.0222),tensor(0.0323)
7952,7952,tensor(0.0806),tensor(0.0222),tensor(0.0323)
7953,7953,tensor(0.0806),tensor(0.0222),tensor(0.0323)
7954,7954,tensor(0.0806),tensor(0.0222),tensor(0.0323)
7955,7955,tensor(0.0806),tensor(0.0222),tensor(0.0323)
7956,7956,tensor(0.0806),tensor(0.0222),tensor(0.0323)
7957,7957,tensor(0.0806),tensor(0.0222),tensor(0.0323)
7958,7958,tensor(0.0806),tensor(0.0222),tensor(0.0323)
7959,7959,tensor(0.0806),tensor(0.0222),tensor(0.0323)
7960,7960,tensor(0.0806),tensor(0.0222),tensor(0.0323)
7961,7961,tensor(0.0806),tensor(0.0222),tensor(0.0323)
7962,7962,tensor(0.0806),tensor(0.0222),tensor(0.0323)
7963,7963,tensor(0.0806),tensor(0.0222),tensor(0.0323)
7964,7964,tensor(0.0806),tensor(0.0222),tensor(0.0323)
7965,7965,tensor(0.0806),tensor(0.0222),tensor(0.0323)
7966,7966,tensor(0.0806),tensor(0.0222),tensor(0.0323)
7967,7967,tensor(0.0806),tensor(0.0222),tensor(0.0323)
7968,7968,tensor(0.0806),tensor(0.0222),tensor(0.0323)
7969,7969,tensor(0.0806),tensor(0.0222),tensor(0.0323)
7970,7970,tensor(0.0806),tensor(0.0222),tensor(0.0323)
7971,7971,tensor(0.0806),tensor(0.0222),tensor(0.0323)
7972,7972,tensor(0.0806),tensor(0.0222),tensor(0.0323)
7973,7973,tensor(0.0806),tensor(0.0222),tensor(0.0323)
7974,7974,tensor(0.0806),tensor(0.0222),tensor(0.0323)
7975,7975,tensor(0.0806),tensor(0.0222),tensor(0.0323)
7976,7976,tensor(0.0806),tensor(0.0222),tensor(0.0323)
7977,7977,tensor(0.0806),tensor(0.0222),tensor(0.0323)
7978,7978,tensor(0.0806),tensor(0.0222),tensor(0.0323)
7979,7979,tensor(0.0806),tensor(0.0222),tensor(0.0323)
7980,7980,tensor(0.0806),tensor(0.0222),tensor(0.0323)
7981,7981,tensor(0.0806),tensor(0.0222),tensor(0.0323)
7982,7982,tensor(0.0806),tensor(0.0222),tensor(0.0323)
7983,7983,tensor(0.0806),tensor(0.0222),tensor(0.0323)
7984,7984,tensor(0.0806),tensor(0.0222),tensor(0.0323)
7985,7985,tensor(0.0806),tensor(0.0222),tensor(0.0323)
7986,7986,tensor(0.0806),tensor(0.0222),tensor(0.0323)
7987,7987,tensor(0.0806),tensor(0.0222),tensor(0.0323)
7988,7988,tensor(0.0806),tensor(0.0222),tensor(0.0323)
7989,7989,tensor(0.0806),tensor(0.0222),tensor(0.0323)
7990,7990,tensor(0.0806),tensor(0.0222),tensor(0.0323)
7991,7991,tensor(0.0806),tensor(0.0222),tensor(0.0323)
7992,7992,tensor(0.0806),tensor(0.0222),tensor(0.0323)
7993,7993,tensor(0.0806),tensor(0.0222),tensor(0.0323)
7994,7994,tensor(0.0806),tensor(0.0222),tensor(0.0323)
7995,7995,tensor(0.0806),tensor(0.0222),tensor(0.0323)
7996,7996,tensor(0.0806),tensor(0.0222),tensor(0.0323)
7997,7997,tensor(0.0806),tensor(0.0222),tensor(0.0323)
7998,7998,tensor(0.0806),tensor(0.0222),tensor(0.0323)
7999,7999,tensor(0.0806),tensor(0.0222),tensor(0.0323)
8000,8000,tensor(0.0806),tensor(0.0222),tensor(0.0323)
8001,8001,tensor(0.0806),tensor(0.0222),tensor(0.0323)
8002,8002,tensor(0.0806),tensor(0.0222),tensor(0.0323)
8003,8003,tensor(0.0806),tensor(0.0222),tensor(0.0323)
8004,8004,tensor(0.0806),tensor(0.0222),tensor(0.0323)
8005,8005,tensor(0.0806),tensor(0.0222),tensor(0.0323)
8006,8006,tensor(0.0806),tensor(0.0222),tensor(0.0323)
8007,8007,tensor(0.0806),tensor(0.0222),tensor(0.0323)
8008,8008,tensor(0.0806),tensor(0.0222),tensor(0.0323)
8009,8009,tensor(0.0806),tensor(0.0222),tensor(0.0323)
8010,8010,tensor(0.0806),tensor(0.0222),tensor(0.0323)
8011,8011,tensor(0.0806),tensor(0.0222),tensor(0.0323)
8012,8012,tensor(0.0806),tensor(0.0222),tensor(0.0323)
8013,8013,tensor(0.0806),tensor(0.0222),tensor(0.0323)
8014,8014,tensor(0.0806),tensor(0.0222),tensor(0.0323)
8015,8015,tensor(0.0806),tensor(0.0222),tensor(0.0323)
8016,8016,tensor(0.0806),tensor(0.0222),tensor(0.0323)
8017,8017,tensor(0.0806),tensor(0.0222),tensor(0.0323)
8018,8018,tensor(0.0806),tensor(0.0222),tensor(0.0323)
8019,8019,tensor(0.0806),tensor(0.0222),tensor(0.0323)
8020,8020,tensor(0.0806),tensor(0.0222),tensor(0.0323)
8021,8021,tensor(0.0806),tensor(0.0222),tensor(0.0323)
8022,8022,tensor(0.0806),tensor(0.0222),tensor(0.0323)
8023,8023,tensor(0.0806),tensor(0.0222),tensor(0.0323)
8024,8024,tensor(0.0806),tensor(0.0222),tensor(0.0323)
8025,8025,tensor(0.0806),tensor(0.0222),tensor(0.0323)
8026,8026,tensor(0.0806),tensor(0.0222),tensor(0.0323)
8027,8027,tensor(0.0806),tensor(0.0222),tensor(0.0323)
8028,8028,tensor(0.0806),tensor(0.0222),tensor(0.0323)
8029,8029,tensor(0.0806),tensor(0.0222),tensor(0.0323)
8030,8030,tensor(0.0806),tensor(0.0222),tensor(0.0323)
8031,8031,tensor(0.0806),tensor(0.0222),tensor(0.0323)
8032,8032,tensor(0.0806),tensor(0.0222),tensor(0.0323)
8033,8033,tensor(0.0806),tensor(0.0222),tensor(0.0323)
8034,8034,tensor(0.0806),tensor(0.0222),tensor(0.0323)
8035,8035,tensor(0.0806),tensor(0.0222),tensor(0.0323)
8036,8036,tensor(0.0806),tensor(0.0222),tensor(0.0323)
8037,8037,tensor(0.0806),tensor(0.0222),tensor(0.0323)
8038,8038,tensor(0.0806),tensor(0.0222),tensor(0.0323)
8039,8039,tensor(0.0806),tensor(0.0222),tensor(0.0323)
8040,8040,tensor(0.0806),tensor(0.0222),tensor(0.0323)
8041,8041,tensor(0.0806),tensor(0.0222),tensor(0.0323)
8042,8042,tensor(0.0806),tensor(0.0222),tensor(0.0323)
8043,8043,tensor(0.0806),tensor(0.0222),tensor(0.0323)
8044,8044,tensor(0.0806),tensor(0.0222),tensor(0.0323)
8045,8045,tensor(0.0806),tensor(0.0222),tensor(0.0323)
8046,8046,tensor(0.0806),tensor(0.0222),tensor(0.0323)
8047,8047,tensor(0.0806),tensor(0.0222),tensor(0.0323)
8048,8048,tensor(0.0806),tensor(0.0222),tensor(0.0323)
8049,8049,tensor(0.0806),tensor(0.0222),tensor(0.0323)
8050,8050,tensor(0.0806),tensor(0.0222),tensor(0.0323)
8051,8051,tensor(0.0806),tensor(0.0222),tensor(0.0323)
8052,8052,tensor(0.0806),tensor(0.0222),tensor(0.0323)
8053,8053,tensor(0.0806),tensor(0.0222),tensor(0.0323)
8054,8054,tensor(0.0806),tensor(0.0222),tensor(0.0323)
8055,8055,tensor(0.0806),tensor(0.0222),tensor(0.0323)
8056,8056,tensor(0.0806),tensor(0.0222),tensor(0.0323)
8057,8057,tensor(0.0806),tensor(0.0222),tensor(0.0323)
8058,8058,tensor(0.0806),tensor(0.0222),tensor(0.0323)
8059,8059,tensor(0.0806),tensor(0.0222),tensor(0.0323)
8060,8060,tensor(0.0806),tensor(0.0222),tensor(0.0323)
8061,8061,tensor(0.0806),tensor(0.0222),tensor(0.0323)
8062,8062,tensor(0.0806),tensor(0.0222),tensor(0.0323)
8063,8063,tensor(0.0806),tensor(0.0222),tensor(0.0323)
8064,8064,tensor(0.0806),tensor(0.0222),tensor(0.0323)
8065,8065,tensor(0.0806),tensor(0.0222),tensor(0.0323)
8066,8066,tensor(0.0806),tensor(0.0222),tensor(0.0323)
8067,8067,tensor(0.0806),tensor(0.0222),tensor(0.0323)
8068,8068,tensor(0.0806),tensor(0.0222),tensor(0.0323)
8069,8069,tensor(0.0806),tensor(0.0222),tensor(0.0323)
8070,8070,tensor(0.0806),tensor(0.0222),tensor(0.0323)
8071,8071,tensor(0.0806),tensor(0.0222),tensor(0.0323)
8072,8072,tensor(0.0806),tensor(0.0222),tensor(0.0323)
8073,8073,tensor(0.0806),tensor(0.0222),tensor(0.0323)
8074,8074,tensor(0.0806),tensor(0.0222),tensor(0.0323)
8075,8075,tensor(0.0806),tensor(0.0222),tensor(0.0323)
8076,8076,tensor(0.0806),tensor(0.0222),tensor(0.0323)
8077,8077,tensor(0.0806),tensor(0.0222),tensor(0.0323)
8078,8078,tensor(0.0806),tensor(0.0222),tensor(0.0323)
8079,8079,tensor(0.0806),tensor(0.0222),tensor(0.0323)
8080,8080,tensor(0.0806),tensor(0.0222),tensor(0.0323)
8081,8081,tensor(0.0806),tensor(0.0222),tensor(0.0323)
8082,8082,tensor(0.0806),tensor(0.0222),tensor(0.0323)
8083,8083,tensor(0.0806),tensor(0.0222),tensor(0.0323)
8084,8084,tensor(0.0806),tensor(0.0222),tensor(0.0323)
8085,8085,tensor(0.0806),tensor(0.0222),tensor(0.0323)
8086,8086,tensor(0.0806),tensor(0.0222),tensor(0.0323)
8087,8087,tensor(0.0806),tensor(0.0222),tensor(0.0323)
8088,8088,tensor(0.0806),tensor(0.0222),tensor(0.0323)
8089,8089,tensor(0.0806),tensor(0.0222),tensor(0.0323)
8090,8090,tensor(0.0806),tensor(0.0222),tensor(0.0323)
8091,8091,tensor(0.0806),tensor(0.0222),tensor(0.0323)
8092,8092,tensor(0.0806),tensor(0.0222),tensor(0.0323)
8093,8093,tensor(0.0806),tensor(0.0222),tensor(0.0323)
8094,8094,tensor(0.0806),tensor(0.0222),tensor(0.0323)
8095,8095,tensor(0.0806),tensor(0.0222),tensor(0.0323)
8096,8096,tensor(0.0806),tensor(0.0222),tensor(0.0323)
8097,8097,tensor(0.0806),tensor(0.0222),tensor(0.0323)
8098,8098,tensor(0.0806),tensor(0.0222),tensor(0.0323)
8099,8099,tensor(0.0806),tensor(0.0222),tensor(0.0323)
8100,8100,tensor(0.0806),tensor(0.0222),tensor(0.0323)
8101,8101,tensor(0.0806),tensor(0.0222),tensor(0.0323)
8102,8102,tensor(0.0806),tensor(0.0222),tensor(0.0323)
8103,8103,tensor(0.0806),tensor(0.0222),tensor(0.0323)
8104,8104,tensor(0.0806),tensor(0.0222),tensor(0.0323)
8105,8105,tensor(0.0806),tensor(0.0222),tensor(0.0323)
8106,8106,tensor(0.0806),tensor(0.0222),tensor(0.0323)
8107,8107,tensor(0.0806),tensor(0.0222),tensor(0.0323)
8108,8108,tensor(0.0806),tensor(0.0222),tensor(0.0323)
8109,8109,tensor(0.0806),tensor(0.0222),tensor(0.0323)
8110,8110,tensor(0.0806),tensor(0.0222),tensor(0.0323)
8111,8111,tensor(0.0806),tensor(0.0222),tensor(0.0323)
8112,8112,tensor(0.0806),tensor(0.0222),tensor(0.0323)
8113,8113,tensor(0.0806),tensor(0.0222),tensor(0.0323)
8114,8114,tensor(0.0806),tensor(0.0222),tensor(0.0323)
8115,8115,tensor(0.0806),tensor(0.0222),tensor(0.0323)
8116,8116,tensor(0.0806),tensor(0.0222),tensor(0.0323)
8117,8117,tensor(0.0806),tensor(0.0222),tensor(0.0323)
8118,8118,tensor(0.0806),tensor(0.0222),tensor(0.0323)
8119,8119,tensor(0.0806),tensor(0.0222),tensor(0.0323)
8120,8120,tensor(0.0806),tensor(0.0222),tensor(0.0323)
8121,8121,tensor(0.0806),tensor(0.0222),tensor(0.0323)
8122,8122,tensor(0.0806),tensor(0.0222),tensor(0.0323)
8123,8123,tensor(0.0806),tensor(0.0222),tensor(0.0323)
8124,8124,tensor(0.0806),tensor(0.0222),tensor(0.0323)
8125,8125,tensor(0.0806),tensor(0.0222),tensor(0.0323)
8126,8126,tensor(0.0806),tensor(0.0222),tensor(0.0323)
8127,8127,tensor(0.0806),tensor(0.0222),tensor(0.0323)
8128,8128,tensor(0.0806),tensor(0.0222),tensor(0.0323)
8129,8129,tensor(0.0806),tensor(0.0222),tensor(0.0323)
8130,8130,tensor(0.0806),tensor(0.0222),tensor(0.0323)
8131,8131,tensor(0.0806),tensor(0.0222),tensor(0.0323)
8132,8132,tensor(0.0806),tensor(0.0222),tensor(0.0323)
8133,8133,tensor(0.0806),tensor(0.0222),tensor(0.0323)
8134,8134,tensor(0.0806),tensor(0.0222),tensor(0.0323)
8135,8135,tensor(0.0806),tensor(0.0222),tensor(0.0323)
8136,8136,tensor(0.0806),tensor(0.0222),tensor(0.0323)
8137,8137,tensor(0.0806),tensor(0.0222),tensor(0.0323)
8138,8138,tensor(0.0806),tensor(0.0222),tensor(0.0323)
8139,8139,tensor(0.0806),tensor(0.0222),tensor(0.0323)
8140,8140,tensor(0.0806),tensor(0.0222),tensor(0.0323)
8141,8141,tensor(0.0806),tensor(0.0222),tensor(0.0323)
8142,8142,tensor(0.0806),tensor(0.0222),tensor(0.0323)
8143,8143,tensor(0.0806),tensor(0.0222),tensor(0.0323)
8144,8144,tensor(0.0806),tensor(0.0222),tensor(0.0323)
8145,8145,tensor(0.0806),tensor(0.0222),tensor(0.0323)
8146,8146,tensor(0.0806),tensor(0.0222),tensor(0.0323)
8147,8147,tensor(0.0806),tensor(0.0222),tensor(0.0323)
8148,8148,tensor(0.0806),tensor(0.0222),tensor(0.0323)
8149,8149,tensor(0.0806),tensor(0.0222),tensor(0.0323)
8150,8150,tensor(0.0806),tensor(0.0222),tensor(0.0323)
8151,8151,tensor(0.0806),tensor(0.0222),tensor(0.0323)
8152,8152,tensor(0.0806),tensor(0.0222),tensor(0.0323)
8153,8153,tensor(0.0806),tensor(0.0222),tensor(0.0323)
8154,8154,tensor(0.0806),tensor(0.0222),tensor(0.0323)
8155,8155,tensor(0.0806),tensor(0.0222),tensor(0.0323)
8156,8156,tensor(0.0806),tensor(0.0222),tensor(0.0323)
8157,8157,tensor(0.0806),tensor(0.0222),tensor(0.0323)
8158,8158,tensor(0.0806),tensor(0.0222),tensor(0.0323)
8159,8159,tensor(0.0806),tensor(0.0222),tensor(0.0323)
8160,8160,tensor(0.0806),tensor(0.0222),tensor(0.0323)
8161,8161,tensor(0.0806),tensor(0.0222),tensor(0.0323)
8162,8162,tensor(0.0806),tensor(0.0222),tensor(0.0323)
8163,8163,tensor(0.0806),tensor(0.0222),tensor(0.0323)
8164,8164,tensor(0.0806),tensor(0.0222),tensor(0.0323)
8165,8165,tensor(0.0806),tensor(0.0222),tensor(0.0323)
8166,8166,tensor(0.0806),tensor(0.0222),tensor(0.0323)
8167,8167,tensor(0.0806),tensor(0.0222),tensor(0.0323)
8168,8168,tensor(0.0806),tensor(0.0222),tensor(0.0323)
8169,8169,tensor(0.0806),tensor(0.0222),tensor(0.0323)
8170,8170,tensor(0.0806),tensor(0.0222),tensor(0.0323)
8171,8171,tensor(0.0806),tensor(0.0222),tensor(0.0323)
8172,8172,tensor(0.0806),tensor(0.0222),tensor(0.0323)
8173,8173,tensor(0.0806),tensor(0.0222),tensor(0.0323)
8174,8174,tensor(0.0806),tensor(0.0222),tensor(0.0323)
8175,8175,tensor(0.0806),tensor(0.0222),tensor(0.0323)
8176,8176,tensor(0.0806),tensor(0.0222),tensor(0.0323)
8177,8177,tensor(0.0806),tensor(0.0222),tensor(0.0323)
8178,8178,tensor(0.0806),tensor(0.0222),tensor(0.0323)
8179,8179,tensor(0.0806),tensor(0.0222),tensor(0.0323)
8180,8180,tensor(0.0806),tensor(0.0222),tensor(0.0323)
8181,8181,tensor(0.0806),tensor(0.0222),tensor(0.0323)
8182,8182,tensor(0.0806),tensor(0.0222),tensor(0.0323)
8183,8183,tensor(0.0806),tensor(0.0222),tensor(0.0323)
8184,8184,tensor(0.0806),tensor(0.0222),tensor(0.0323)
8185,8185,tensor(0.0806),tensor(0.0222),tensor(0.0323)
8186,8186,tensor(0.0806),tensor(0.0222),tensor(0.0323)
8187,8187,tensor(0.0806),tensor(0.0222),tensor(0.0323)
8188,8188,tensor(0.0806),tensor(0.0222),tensor(0.0323)
8189,8189,tensor(0.0806),tensor(0.0222),tensor(0.0323)
8190,8190,tensor(0.0806),tensor(0.0222),tensor(0.0323)
8191,8191,tensor(0.0806),tensor(0.0222),tensor(0.0323)
8192,8192,tensor(0.0806),tensor(0.0222),tensor(0.0323)
8193,8193,tensor(0.0806),tensor(0.0222),tensor(0.0323)
8194,8194,tensor(0.0806),tensor(0.0222),tensor(0.0323)
8195,8195,tensor(0.0806),tensor(0.0222),tensor(0.0323)
8196,8196,tensor(0.0806),tensor(0.0222),tensor(0.0323)
8197,8197,tensor(0.0806),tensor(0.0222),tensor(0.0323)
8198,8198,tensor(0.0806),tensor(0.0222),tensor(0.0323)
8199,8199,tensor(0.0806),tensor(0.0222),tensor(0.0323)
8200,8200,tensor(0.0806),tensor(0.0222),tensor(0.0323)
8201,8201,tensor(0.0806),tensor(0.0222),tensor(0.0323)
8202,8202,tensor(0.0806),tensor(0.0222),tensor(0.0323)
8203,8203,tensor(0.0806),tensor(0.0222),tensor(0.0323)
8204,8204,tensor(0.0806),tensor(0.0222),tensor(0.0323)
8205,8205,tensor(0.0806),tensor(0.0222),tensor(0.0323)
8206,8206,tensor(0.0806),tensor(0.0222),tensor(0.0323)
8207,8207,tensor(0.0806),tensor(0.0222),tensor(0.0323)
8208,8208,tensor(0.0806),tensor(0.0222),tensor(0.0323)
8209,8209,tensor(0.0806),tensor(0.0222),tensor(0.0323)
8210,8210,tensor(0.0806),tensor(0.0222),tensor(0.0323)
8211,8211,tensor(0.0806),tensor(0.0222),tensor(0.0323)
8212,8212,tensor(0.0806),tensor(0.0222),tensor(0.0323)
8213,8213,tensor(0.0806),tensor(0.0222),tensor(0.0323)
8214,8214,tensor(0.0806),tensor(0.0222),tensor(0.0323)
8215,8215,tensor(0.0806),tensor(0.0222),tensor(0.0323)
8216,8216,tensor(0.0806),tensor(0.0222),tensor(0.0323)
8217,8217,tensor(0.0806),tensor(0.0222),tensor(0.0323)
8218,8218,tensor(0.0806),tensor(0.0222),tensor(0.0323)
8219,8219,tensor(0.0806),tensor(0.0222),tensor(0.0323)
8220,8220,tensor(0.0806),tensor(0.0222),tensor(0.0323)
8221,8221,tensor(0.0806),tensor(0.0222),tensor(0.0323)
8222,8222,tensor(0.0806),tensor(0.0222),tensor(0.0323)
8223,8223,tensor(0.0806),tensor(0.0222),tensor(0.0323)
8224,8224,tensor(0.0806),tensor(0.0222),tensor(0.0323)
8225,8225,tensor(0.0806),tensor(0.0222),tensor(0.0323)
8226,8226,tensor(0.0806),tensor(0.0222),tensor(0.0323)
8227,8227,tensor(0.0806),tensor(0.0222),tensor(0.0323)
8228,8228,tensor(0.0806),tensor(0.0222),tensor(0.0323)
8229,8229,tensor(0.0806),tensor(0.0222),tensor(0.0323)
8230,8230,tensor(0.0806),tensor(0.0222),tensor(0.0323)
8231,8231,tensor(0.0806),tensor(0.0222),tensor(0.0323)
8232,8232,tensor(0.0806),tensor(0.0222),tensor(0.0323)
8233,8233,tensor(0.0806),tensor(0.0222),tensor(0.0323)
8234,8234,tensor(0.0806),tensor(0.0222),tensor(0.0323)
8235,8235,tensor(0.0806),tensor(0.0222),tensor(0.0323)
8236,8236,tensor(0.0806),tensor(0.0222),tensor(0.0323)
8237,8237,tensor(0.0806),tensor(0.0222),tensor(0.0323)
8238,8238,tensor(0.0806),tensor(0.0222),tensor(0.0323)
8239,8239,tensor(0.0806),tensor(0.0222),tensor(0.0323)
8240,8240,tensor(0.0806),tensor(0.0222),tensor(0.0323)
8241,8241,tensor(0.0806),tensor(0.0222),tensor(0.0323)
8242,8242,tensor(0.0806),tensor(0.0222),tensor(0.0323)
8243,8243,tensor(0.0806),tensor(0.0222),tensor(0.0323)
8244,8244,tensor(0.0806),tensor(0.0222),tensor(0.0323)
8245,8245,tensor(0.0806),tensor(0.0222),tensor(0.0323)
8246,8246,tensor(0.0806),tensor(0.0222),tensor(0.0323)
8247,8247,tensor(0.0806),tensor(0.0222),tensor(0.0323)
8248,8248,tensor(0.0806),tensor(0.0222),tensor(0.0323)
8249,8249,tensor(0.0806),tensor(0.0222),tensor(0.0323)
8250,8250,tensor(0.0806),tensor(0.0222),tensor(0.0323)
8251,8251,tensor(0.0806),tensor(0.0222),tensor(0.0323)
8252,8252,tensor(0.0806),tensor(0.0222),tensor(0.0323)
8253,8253,tensor(0.0806),tensor(0.0222),tensor(0.0323)
8254,8254,tensor(0.0806),tensor(0.0222),tensor(0.0323)
8255,8255,tensor(0.0806),tensor(0.0222),tensor(0.0323)
8256,8256,tensor(0.0806),tensor(0.0222),tensor(0.0323)
8257,8257,tensor(0.0806),tensor(0.0222),tensor(0.0323)
8258,8258,tensor(0.0806),tensor(0.0222),tensor(0.0323)
8259,8259,tensor(0.0806),tensor(0.0222),tensor(0.0323)
8260,8260,tensor(0.0806),tensor(0.0222),tensor(0.0323)
8261,8261,tensor(0.0806),tensor(0.0222),tensor(0.0323)
8262,8262,tensor(0.0806),tensor(0.0222),tensor(0.0323)
8263,8263,tensor(0.0806),tensor(0.0222),tensor(0.0323)
8264,8264,tensor(0.0806),tensor(0.0222),tensor(0.0323)
8265,8265,tensor(0.0806),tensor(0.0222),tensor(0.0323)
8266,8266,tensor(0.0806),tensor(0.0222),tensor(0.0323)
8267,8267,tensor(0.0806),tensor(0.0222),tensor(0.0323)
8268,8268,tensor(0.0806),tensor(0.0222),tensor(0.0323)
8269,8269,tensor(0.0806),tensor(0.0222),tensor(0.0323)
8270,8270,tensor(0.0806),tensor(0.0222),tensor(0.0323)
8271,8271,tensor(0.0806),tensor(0.0222),tensor(0.0323)
8272,8272,tensor(0.0806),tensor(0.0222),tensor(0.0323)
8273,8273,tensor(0.0806),tensor(0.0222),tensor(0.0323)
8274,8274,tensor(0.0806),tensor(0.0222),tensor(0.0323)
8275,8275,tensor(0.0806),tensor(0.0222),tensor(0.0323)
8276,8276,tensor(0.0806),tensor(0.0222),tensor(0.0323)
8277,8277,tensor(0.0806),tensor(0.0222),tensor(0.0323)
8278,8278,tensor(0.0806),tensor(0.0222),tensor(0.0323)
8279,8279,tensor(0.0806),tensor(0.0222),tensor(0.0323)
8280,8280,tensor(0.0806),tensor(0.0222),tensor(0.0323)
8281,8281,tensor(0.0806),tensor(0.0222),tensor(0.0323)
8282,8282,tensor(0.0806),tensor(0.0222),tensor(0.0323)
8283,8283,tensor(0.0806),tensor(0.0222),tensor(0.0323)
8284,8284,tensor(0.0806),tensor(0.0222),tensor(0.0323)
8285,8285,tensor(0.0806),tensor(0.0222),tensor(0.0323)
8286,8286,tensor(0.0806),tensor(0.0222),tensor(0.0323)
8287,8287,tensor(0.0806),tensor(0.0222),tensor(0.0323)
8288,8288,tensor(0.0806),tensor(0.0222),tensor(0.0323)
8289,8289,tensor(0.0806),tensor(0.0222),tensor(0.0323)
8290,8290,tensor(0.0806),tensor(0.0222),tensor(0.0323)
8291,8291,tensor(0.0806),tensor(0.0222),tensor(0.0323)
8292,8292,tensor(0.0806),tensor(0.0222),tensor(0.0323)
8293,8293,tensor(0.0806),tensor(0.0222),tensor(0.0323)
8294,8294,tensor(0.0806),tensor(0.0222),tensor(0.0323)
8295,8295,tensor(0.0806),tensor(0.0222),tensor(0.0323)
8296,8296,tensor(0.0806),tensor(0.0222),tensor(0.0323)
8297,8297,tensor(0.0806),tensor(0.0222),tensor(0.0323)
8298,8298,tensor(0.0806),tensor(0.0222),tensor(0.0323)
8299,8299,tensor(0.0806),tensor(0.0222),tensor(0.0323)
8300,8300,tensor(0.0806),tensor(0.0222),tensor(0.0323)
8301,8301,tensor(0.0806),tensor(0.0222),tensor(0.0323)
8302,8302,tensor(0.0806),tensor(0.0222),tensor(0.0323)
8303,8303,tensor(0.0806),tensor(0.0222),tensor(0.0323)
8304,8304,tensor(0.0806),tensor(0.0222),tensor(0.0323)
8305,8305,tensor(0.0806),tensor(0.0222),tensor(0.0323)
8306,8306,tensor(0.0806),tensor(0.0222),tensor(0.0323)
8307,8307,tensor(0.0806),tensor(0.0222),tensor(0.0323)
8308,8308,tensor(0.0806),tensor(0.0222),tensor(0.0323)
8309,8309,tensor(0.0806),tensor(0.0221),tensor(0.0323)
8310,8310,tensor(0.0806),tensor(0.0222),tensor(0.0323)
8311,8311,tensor(0.0806),tensor(0.0221),tensor(0.0323)
8312,8312,tensor(0.0806),tensor(0.0222),tensor(0.0323)
8313,8313,tensor(0.0806),tensor(0.0222),tensor(0.0323)
8314,8314,tensor(0.0806),tensor(0.0222),tensor(0.0323)
8315,8315,tensor(0.0806),tensor(0.0222),tensor(0.0323)
8316,8316,tensor(0.0806),tensor(0.0222),tensor(0.0323)
8317,8317,tensor(0.0806),tensor(0.0222),tensor(0.0323)
8318,8318,tensor(0.0806),tensor(0.0222),tensor(0.0323)
8319,8319,tensor(0.0806),tensor(0.0221),tensor(0.0323)
8320,8320,tensor(0.0806),tensor(0.0222),tensor(0.0323)
8321,8321,tensor(0.0806),tensor(0.0221),tensor(0.0323)
8322,8322,tensor(0.0806),tensor(0.0222),tensor(0.0323)
8323,8323,tensor(0.0806),tensor(0.0221),tensor(0.0323)
8324,8324,tensor(0.0806),tensor(0.0222),tensor(0.0323)
8325,8325,tensor(0.0806),tensor(0.0222),tensor(0.0323)
8326,8326,tensor(0.0806),tensor(0.0222),tensor(0.0323)
8327,8327,tensor(0.0806),tensor(0.0222),tensor(0.0323)
8328,8328,tensor(0.0806),tensor(0.0221),tensor(0.0323)
8329,8329,tensor(0.0806),tensor(0.0222),tensor(0.0323)
8330,8330,tensor(0.0806),tensor(0.0222),tensor(0.0323)
8331,8331,tensor(0.0806),tensor(0.0221),tensor(0.0323)
8332,8332,tensor(0.0806),tensor(0.0221),tensor(0.0323)
8333,8333,tensor(0.0806),tensor(0.0221),tensor(0.0323)
8334,8334,tensor(0.0806),tensor(0.0221),tensor(0.0323)
8335,8335,tensor(0.0806),tensor(0.0221),tensor(0.0323)
8336,8336,tensor(0.0806),tensor(0.0221),tensor(0.0323)
8337,8337,tensor(0.0806),tensor(0.0221),tensor(0.0323)
8338,8338,tensor(0.0806),tensor(0.0221),tensor(0.0323)
8339,8339,tensor(0.0806),tensor(0.0221),tensor(0.0323)
8340,8340,tensor(0.0806),tensor(0.0221),tensor(0.0323)
8341,8341,tensor(0.0806),tensor(0.0221),tensor(0.0323)
8342,8342,tensor(0.0806),tensor(0.0221),tensor(0.0323)
8343,8343,tensor(0.0806),tensor(0.0221),tensor(0.0323)
8344,8344,tensor(0.0806),tensor(0.0221),tensor(0.0323)
8345,8345,tensor(0.0806),tensor(0.0221),tensor(0.0323)
8346,8346,tensor(0.0806),tensor(0.0221),tensor(0.0323)
8347,8347,tensor(0.0806),tensor(0.0221),tensor(0.0323)
8348,8348,tensor(0.0806),tensor(0.0221),tensor(0.0323)
8349,8349,tensor(0.0806),tensor(0.0221),tensor(0.0323)
8350,8350,tensor(0.0806),tensor(0.0221),tensor(0.0323)
8351,8351,tensor(0.0806),tensor(0.0221),tensor(0.0323)
8352,8352,tensor(0.0806),tensor(0.0221),tensor(0.0323)
8353,8353,tensor(0.0806),tensor(0.0221),tensor(0.0323)
8354,8354,tensor(0.0806),tensor(0.0221),tensor(0.0323)
8355,8355,tensor(0.0806),tensor(0.0221),tensor(0.0323)
8356,8356,tensor(0.0806),tensor(0.0221),tensor(0.0323)
8357,8357,tensor(0.0806),tensor(0.0221),tensor(0.0323)
8358,8358,tensor(0.0806),tensor(0.0221),tensor(0.0323)
8359,8359,tensor(0.0806),tensor(0.0221),tensor(0.0323)
8360,8360,tensor(0.0806),tensor(0.0221),tensor(0.0323)
8361,8361,tensor(0.0806),tensor(0.0221),tensor(0.0323)
8362,8362,tensor(0.0806),tensor(0.0221),tensor(0.0323)
8363,8363,tensor(0.0806),tensor(0.0221),tensor(0.0323)
8364,8364,tensor(0.0806),tensor(0.0221),tensor(0.0323)
8365,8365,tensor(0.0806),tensor(0.0221),tensor(0.0323)
8366,8366,tensor(0.0806),tensor(0.0221),tensor(0.0323)
8367,8367,tensor(0.0806),tensor(0.0221),tensor(0.0323)
8368,8368,tensor(0.0806),tensor(0.0221),tensor(0.0323)
8369,8369,tensor(0.0806),tensor(0.0221),tensor(0.0323)
8370,8370,tensor(0.0806),tensor(0.0221),tensor(0.0323)
8371,8371,tensor(0.0806),tensor(0.0221),tensor(0.0323)
8372,8372,tensor(0.0806),tensor(0.0221),tensor(0.0323)
8373,8373,tensor(0.0806),tensor(0.0221),tensor(0.0323)
8374,8374,tensor(0.0806),tensor(0.0221),tensor(0.0323)
8375,8375,tensor(0.0806),tensor(0.0221),tensor(0.0323)
8376,8376,tensor(0.0806),tensor(0.0221),tensor(0.0323)
8377,8377,tensor(0.0806),tensor(0.0221),tensor(0.0323)
8378,8378,tensor(0.0806),tensor(0.0221),tensor(0.0323)
8379,8379,tensor(0.0806),tensor(0.0221),tensor(0.0323)
8380,8380,tensor(0.0806),tensor(0.0221),tensor(0.0323)
8381,8381,tensor(0.0806),tensor(0.0221),tensor(0.0323)
8382,8382,tensor(0.0806),tensor(0.0221),tensor(0.0323)
8383,8383,tensor(0.0806),tensor(0.0221),tensor(0.0323)
8384,8384,tensor(0.0806),tensor(0.0221),tensor(0.0323)
8385,8385,tensor(0.0806),tensor(0.0221),tensor(0.0323)
8386,8386,tensor(0.0806),tensor(0.0221),tensor(0.0323)
8387,8387,tensor(0.0806),tensor(0.0221),tensor(0.0323)
8388,8388,tensor(0.0806),tensor(0.0221),tensor(0.0323)
8389,8389,tensor(0.0806),tensor(0.0221),tensor(0.0323)
8390,8390,tensor(0.0806),tensor(0.0221),tensor(0.0323)
8391,8391,tensor(0.0806),tensor(0.0221),tensor(0.0323)
8392,8392,tensor(0.0806),tensor(0.0221),tensor(0.0323)
8393,8393,tensor(0.0806),tensor(0.0221),tensor(0.0323)
8394,8394,tensor(0.0806),tensor(0.0221),tensor(0.0323)
8395,8395,tensor(0.0806),tensor(0.0221),tensor(0.0323)
8396,8396,tensor(0.0806),tensor(0.0221),tensor(0.0323)
8397,8397,tensor(0.0806),tensor(0.0221),tensor(0.0323)
8398,8398,tensor(0.0806),tensor(0.0221),tensor(0.0323)
8399,8399,tensor(0.0806),tensor(0.0221),tensor(0.0323)
8400,8400,tensor(0.0806),tensor(0.0221),tensor(0.0323)
8401,8401,tensor(0.0806),tensor(0.0221),tensor(0.0323)
8402,8402,tensor(0.0806),tensor(0.0221),tensor(0.0323)
8403,8403,tensor(0.0806),tensor(0.0221),tensor(0.0323)
8404,8404,tensor(0.0806),tensor(0.0221),tensor(0.0323)
8405,8405,tensor(0.0806),tensor(0.0221),tensor(0.0323)
8406,8406,tensor(0.0806),tensor(0.0221),tensor(0.0323)
8407,8407,tensor(0.0806),tensor(0.0221),tensor(0.0323)
8408,8408,tensor(0.0806),tensor(0.0221),tensor(0.0323)
8409,8409,tensor(0.0806),tensor(0.0221),tensor(0.0323)
8410,8410,tensor(0.0806),tensor(0.0221),tensor(0.0323)
8411,8411,tensor(0.0806),tensor(0.0221),tensor(0.0323)
8412,8412,tensor(0.0806),tensor(0.0221),tensor(0.0323)
8413,8413,tensor(0.0806),tensor(0.0221),tensor(0.0323)
8414,8414,tensor(0.0806),tensor(0.0221),tensor(0.0323)
8415,8415,tensor(0.0806),tensor(0.0221),tensor(0.0323)
8416,8416,tensor(0.0806),tensor(0.0221),tensor(0.0323)
8417,8417,tensor(0.0806),tensor(0.0221),tensor(0.0323)
8418,8418,tensor(0.0806),tensor(0.0221),tensor(0.0323)
8419,8419,tensor(0.0806),tensor(0.0221),tensor(0.0323)
8420,8420,tensor(0.0806),tensor(0.0221),tensor(0.0323)
8421,8421,tensor(0.0806),tensor(0.0221),tensor(0.0323)
8422,8422,tensor(0.0806),tensor(0.0221),tensor(0.0323)
8423,8423,tensor(0.0806),tensor(0.0221),tensor(0.0323)
8424,8424,tensor(0.0806),tensor(0.0221),tensor(0.0323)
8425,8425,tensor(0.0806),tensor(0.0221),tensor(0.0323)
8426,8426,tensor(0.0806),tensor(0.0221),tensor(0.0323)
8427,8427,tensor(0.0806),tensor(0.0221),tensor(0.0323)
8428,8428,tensor(0.0806),tensor(0.0221),tensor(0.0323)
8429,8429,tensor(0.0806),tensor(0.0221),tensor(0.0323)
8430,8430,tensor(0.0806),tensor(0.0221),tensor(0.0323)
8431,8431,tensor(0.0806),tensor(0.0221),tensor(0.0323)
8432,8432,tensor(0.0806),tensor(0.0221),tensor(0.0323)
8433,8433,tensor(0.0806),tensor(0.0221),tensor(0.0323)
8434,8434,tensor(0.0806),tensor(0.0221),tensor(0.0323)
8435,8435,tensor(0.0806),tensor(0.0221),tensor(0.0323)
8436,8436,tensor(0.0806),tensor(0.0221),tensor(0.0323)
8437,8437,tensor(0.0806),tensor(0.0221),tensor(0.0323)
8438,8438,tensor(0.0806),tensor(0.0221),tensor(0.0323)
8439,8439,tensor(0.0806),tensor(0.0221),tensor(0.0323)
8440,8440,tensor(0.0806),tensor(0.0221),tensor(0.0323)
8441,8441,tensor(0.0806),tensor(0.0221),tensor(0.0323)
8442,8442,tensor(0.0806),tensor(0.0221),tensor(0.0323)
8443,8443,tensor(0.0806),tensor(0.0221),tensor(0.0323)
8444,8444,tensor(0.0806),tensor(0.0221),tensor(0.0323)
8445,8445,tensor(0.0806),tensor(0.0221),tensor(0.0323)
8446,8446,tensor(0.0806),tensor(0.0221),tensor(0.0323)
8447,8447,tensor(0.0806),tensor(0.0221),tensor(0.0323)
8448,8448,tensor(0.0806),tensor(0.0221),tensor(0.0323)
8449,8449,tensor(0.0806),tensor(0.0221),tensor(0.0323)
8450,8450,tensor(0.0806),tensor(0.0221),tensor(0.0323)
8451,8451,tensor(0.0806),tensor(0.0221),tensor(0.0323)
8452,8452,tensor(0.0806),tensor(0.0221),tensor(0.0323)
8453,8453,tensor(0.0806),tensor(0.0221),tensor(0.0323)
8454,8454,tensor(0.0806),tensor(0.0221),tensor(0.0323)
8455,8455,tensor(0.0806),tensor(0.0221),tensor(0.0323)
8456,8456,tensor(0.0806),tensor(0.0221),tensor(0.0323)
8457,8457,tensor(0.0806),tensor(0.0221),tensor(0.0323)
8458,8458,tensor(0.0806),tensor(0.0221),tensor(0.0323)
8459,8459,tensor(0.0806),tensor(0.0221),tensor(0.0323)
8460,8460,tensor(0.0806),tensor(0.0221),tensor(0.0323)
8461,8461,tensor(0.0806),tensor(0.0221),tensor(0.0323)
8462,8462,tensor(0.0806),tensor(0.0221),tensor(0.0323)
8463,8463,tensor(0.0806),tensor(0.0221),tensor(0.0323)
8464,8464,tensor(0.0806),tensor(0.0221),tensor(0.0323)
8465,8465,tensor(0.0806),tensor(0.0221),tensor(0.0323)
8466,8466,tensor(0.0806),tensor(0.0221),tensor(0.0323)
8467,8467,tensor(0.0806),tensor(0.0221),tensor(0.0323)
8468,8468,tensor(0.0806),tensor(0.0221),tensor(0.0323)
8469,8469,tensor(0.0806),tensor(0.0221),tensor(0.0323)
8470,8470,tensor(0.0806),tensor(0.0221),tensor(0.0323)
8471,8471,tensor(0.0806),tensor(0.0221),tensor(0.0323)
8472,8472,tensor(0.0806),tensor(0.0221),tensor(0.0323)
8473,8473,tensor(0.0806),tensor(0.0221),tensor(0.0323)
8474,8474,tensor(0.0806),tensor(0.0221),tensor(0.0323)
8475,8475,tensor(0.0806),tensor(0.0221),tensor(0.0323)
8476,8476,tensor(0.0806),tensor(0.0221),tensor(0.0323)
8477,8477,tensor(0.0806),tensor(0.0221),tensor(0.0323)
8478,8478,tensor(0.0806),tensor(0.0221),tensor(0.0323)
8479,8479,tensor(0.0806),tensor(0.0221),tensor(0.0323)
8480,8480,tensor(0.0806),tensor(0.0221),tensor(0.0323)
8481,8481,tensor(0.0806),tensor(0.0221),tensor(0.0323)
8482,8482,tensor(0.0806),tensor(0.0221),tensor(0.0323)
8483,8483,tensor(0.0806),tensor(0.0221),tensor(0.0323)
8484,8484,tensor(0.0806),tensor(0.0221),tensor(0.0323)
8485,8485,tensor(0.0806),tensor(0.0221),tensor(0.0323)
8486,8486,tensor(0.0806),tensor(0.0221),tensor(0.0323)
8487,8487,tensor(0.0806),tensor(0.0221),tensor(0.0323)
8488,8488,tensor(0.0806),tensor(0.0221),tensor(0.0323)
8489,8489,tensor(0.0806),tensor(0.0221),tensor(0.0323)
8490,8490,tensor(0.0806),tensor(0.0221),tensor(0.0323)
8491,8491,tensor(0.0806),tensor(0.0221),tensor(0.0323)
8492,8492,tensor(0.0806),tensor(0.0221),tensor(0.0323)
8493,8493,tensor(0.0806),tensor(0.0221),tensor(0.0323)
8494,8494,tensor(0.0806),tensor(0.0221),tensor(0.0323)
8495,8495,tensor(0.0806),tensor(0.0221),tensor(0.0323)
8496,8496,tensor(0.0806),tensor(0.0221),tensor(0.0323)
8497,8497,tensor(0.0806),tensor(0.0221),tensor(0.0323)
8498,8498,tensor(0.0806),tensor(0.0221),tensor(0.0323)
8499,8499,tensor(0.0806),tensor(0.0221),tensor(0.0323)
8500,8500,tensor(0.0806),tensor(0.0221),tensor(0.0323)
8501,8501,tensor(0.0806),tensor(0.0221),tensor(0.0323)
8502,8502,tensor(0.0806),tensor(0.0221),tensor(0.0323)
8503,8503,tensor(0.0806),tensor(0.0221),tensor(0.0323)
8504,8504,tensor(0.0806),tensor(0.0221),tensor(0.0323)
8505,8505,tensor(0.0806),tensor(0.0221),tensor(0.0323)
8506,8506,tensor(0.0806),tensor(0.0221),tensor(0.0323)
8507,8507,tensor(0.0806),tensor(0.0221),tensor(0.0323)
8508,8508,tensor(0.0806),tensor(0.0221),tensor(0.0323)
8509,8509,tensor(0.0806),tensor(0.0221),tensor(0.0323)
8510,8510,tensor(0.0806),tensor(0.0221),tensor(0.0323)
8511,8511,tensor(0.0806),tensor(0.0221),tensor(0.0323)
8512,8512,tensor(0.0806),tensor(0.0221),tensor(0.0323)
8513,8513,tensor(0.0806),tensor(0.0221),tensor(0.0323)
8514,8514,tensor(0.0806),tensor(0.0221),tensor(0.0323)
8515,8515,tensor(0.0806),tensor(0.0221),tensor(0.0323)
8516,8516,tensor(0.0806),tensor(0.0221),tensor(0.0323)
8517,8517,tensor(0.0806),tensor(0.0221),tensor(0.0323)
8518,8518,tensor(0.0806),tensor(0.0221),tensor(0.0323)
8519,8519,tensor(0.0806),tensor(0.0221),tensor(0.0323)
8520,8520,tensor(0.0806),tensor(0.0221),tensor(0.0323)
8521,8521,tensor(0.0806),tensor(0.0221),tensor(0.0323)
8522,8522,tensor(0.0806),tensor(0.0221),tensor(0.0323)
8523,8523,tensor(0.0806),tensor(0.0221),tensor(0.0323)
8524,8524,tensor(0.0806),tensor(0.0221),tensor(0.0323)
8525,8525,tensor(0.0806),tensor(0.0221),tensor(0.0323)
8526,8526,tensor(0.0806),tensor(0.0221),tensor(0.0323)
8527,8527,tensor(0.0806),tensor(0.0221),tensor(0.0323)
8528,8528,tensor(0.0806),tensor(0.0221),tensor(0.0323)
8529,8529,tensor(0.0806),tensor(0.0221),tensor(0.0323)
8530,8530,tensor(0.0806),tensor(0.0221),tensor(0.0323)
8531,8531,tensor(0.0806),tensor(0.0221),tensor(0.0323)
8532,8532,tensor(0.0806),tensor(0.0221),tensor(0.0323)
8533,8533,tensor(0.0806),tensor(0.0221),tensor(0.0323)
8534,8534,tensor(0.0806),tensor(0.0221),tensor(0.0323)
8535,8535,tensor(0.0806),tensor(0.0221),tensor(0.0323)
8536,8536,tensor(0.0806),tensor(0.0221),tensor(0.0323)
8537,8537,tensor(0.0806),tensor(0.0221),tensor(0.0323)
8538,8538,tensor(0.0806),tensor(0.0221),tensor(0.0323)
8539,8539,tensor(0.0806),tensor(0.0221),tensor(0.0323)
8540,8540,tensor(0.0806),tensor(0.0221),tensor(0.0323)
8541,8541,tensor(0.0806),tensor(0.0221),tensor(0.0323)
8542,8542,tensor(0.0806),tensor(0.0221),tensor(0.0323)
8543,8543,tensor(0.0806),tensor(0.0221),tensor(0.0323)
8544,8544,tensor(0.0806),tensor(0.0221),tensor(0.0323)
8545,8545,tensor(0.0806),tensor(0.0221),tensor(0.0323)
8546,8546,tensor(0.0806),tensor(0.0221),tensor(0.0323)
8547,8547,tensor(0.0806),tensor(0.0221),tensor(0.0323)
8548,8548,tensor(0.0806),tensor(0.0221),tensor(0.0323)
8549,8549,tensor(0.0806),tensor(0.0221),tensor(0.0323)
8550,8550,tensor(0.0806),tensor(0.0221),tensor(0.0323)
8551,8551,tensor(0.0806),tensor(0.0221),tensor(0.0323)
8552,8552,tensor(0.0806),tensor(0.0221),tensor(0.0323)
8553,8553,tensor(0.0806),tensor(0.0221),tensor(0.0323)
8554,8554,tensor(0.0806),tensor(0.0221),tensor(0.0323)
8555,8555,tensor(0.0806),tensor(0.0221),tensor(0.0323)
8556,8556,tensor(0.0806),tensor(0.0221),tensor(0.0323)
8557,8557,tensor(0.0806),tensor(0.0221),tensor(0.0323)
8558,8558,tensor(0.0806),tensor(0.0221),tensor(0.0323)
8559,8559,tensor(0.0806),tensor(0.0221),tensor(0.0323)
8560,8560,tensor(0.0806),tensor(0.0221),tensor(0.0323)
8561,8561,tensor(0.0806),tensor(0.0221),tensor(0.0323)
8562,8562,tensor(0.0806),tensor(0.0221),tensor(0.0323)
8563,8563,tensor(0.0806),tensor(0.0221),tensor(0.0323)
8564,8564,tensor(0.0806),tensor(0.0221),tensor(0.0323)
8565,8565,tensor(0.0806),tensor(0.0221),tensor(0.0323)
8566,8566,tensor(0.0806),tensor(0.0221),tensor(0.0323)
8567,8567,tensor(0.0806),tensor(0.0221),tensor(0.0323)
8568,8568,tensor(0.0806),tensor(0.0221),tensor(0.0323)
8569,8569,tensor(0.0806),tensor(0.0221),tensor(0.0323)
8570,8570,tensor(0.0806),tensor(0.0221),tensor(0.0323)
8571,8571,tensor(0.0806),tensor(0.0221),tensor(0.0323)
8572,8572,tensor(0.0806),tensor(0.0221),tensor(0.0323)
8573,8573,tensor(0.0806),tensor(0.0221),tensor(0.0323)
8574,8574,tensor(0.0806),tensor(0.0221),tensor(0.0323)
8575,8575,tensor(0.0806),tensor(0.0221),tensor(0.0323)
8576,8576,tensor(0.0806),tensor(0.0221),tensor(0.0323)
8577,8577,tensor(0.0806),tensor(0.0221),tensor(0.0323)
8578,8578,tensor(0.0806),tensor(0.0221),tensor(0.0323)
8579,8579,tensor(0.0806),tensor(0.0221),tensor(0.0323)
8580,8580,tensor(0.0806),tensor(0.0221),tensor(0.0323)
8581,8581,tensor(0.0806),tensor(0.0221),tensor(0.0323)
8582,8582,tensor(0.0806),tensor(0.0221),tensor(0.0323)
8583,8583,tensor(0.0806),tensor(0.0221),tensor(0.0323)
8584,8584,tensor(0.0806),tensor(0.0221),tensor(0.0323)
8585,8585,tensor(0.0806),tensor(0.0221),tensor(0.0323)
8586,8586,tensor(0.0806),tensor(0.0221),tensor(0.0323)
8587,8587,tensor(0.0806),tensor(0.0221),tensor(0.0323)
8588,8588,tensor(0.0806),tensor(0.0221),tensor(0.0323)
8589,8589,tensor(0.0806),tensor(0.0221),tensor(0.0323)
8590,8590,tensor(0.0806),tensor(0.0221),tensor(0.0323)
8591,8591,tensor(0.0806),tensor(0.0221),tensor(0.0323)
8592,8592,tensor(0.0806),tensor(0.0221),tensor(0.0323)
8593,8593,tensor(0.0806),tensor(0.0221),tensor(0.0323)
8594,8594,tensor(0.0806),tensor(0.0221),tensor(0.0323)
8595,8595,tensor(0.0806),tensor(0.0221),tensor(0.0323)
8596,8596,tensor(0.0806),tensor(0.0221),tensor(0.0323)
8597,8597,tensor(0.0806),tensor(0.0221),tensor(0.0323)
8598,8598,tensor(0.0806),tensor(0.0221),tensor(0.0323)
8599,8599,tensor(0.0806),tensor(0.0221),tensor(0.0323)
8600,8600,tensor(0.0806),tensor(0.0221),tensor(0.0323)
8601,8601,tensor(0.0806),tensor(0.0221),tensor(0.0323)
8602,8602,tensor(0.0806),tensor(0.0221),tensor(0.0323)
8603,8603,tensor(0.0806),tensor(0.0221),tensor(0.0323)
8604,8604,tensor(0.0806),tensor(0.0221),tensor(0.0323)
8605,8605,tensor(0.0806),tensor(0.0221),tensor(0.0323)
8606,8606,tensor(0.0806),tensor(0.0221),tensor(0.0323)
8607,8607,tensor(0.0806),tensor(0.0221),tensor(0.0323)
8608,8608,tensor(0.0806),tensor(0.0221),tensor(0.0323)
8609,8609,tensor(0.0806),tensor(0.0221),tensor(0.0323)
8610,8610,tensor(0.0806),tensor(0.0221),tensor(0.0323)
8611,8611,tensor(0.0806),tensor(0.0221),tensor(0.0323)
8612,8612,tensor(0.0806),tensor(0.0221),tensor(0.0323)
8613,8613,tensor(0.0806),tensor(0.0221),tensor(0.0323)
8614,8614,tensor(0.0806),tensor(0.0221),tensor(0.0323)
8615,8615,tensor(0.0806),tensor(0.0221),tensor(0.0323)
8616,8616,tensor(0.0806),tensor(0.0221),tensor(0.0323)
8617,8617,tensor(0.0806),tensor(0.0221),tensor(0.0323)
8618,8618,tensor(0.0806),tensor(0.0221),tensor(0.0323)
8619,8619,tensor(0.0806),tensor(0.0221),tensor(0.0323)
8620,8620,tensor(0.0806),tensor(0.0221),tensor(0.0323)
8621,8621,tensor(0.0806),tensor(0.0221),tensor(0.0323)
8622,8622,tensor(0.0806),tensor(0.0221),tensor(0.0323)
8623,8623,tensor(0.0806),tensor(0.0221),tensor(0.0323)
8624,8624,tensor(0.0806),tensor(0.0221),tensor(0.0323)
8625,8625,tensor(0.0806),tensor(0.0221),tensor(0.0323)
8626,8626,tensor(0.0806),tensor(0.0221),tensor(0.0323)
8627,8627,tensor(0.0806),tensor(0.0221),tensor(0.0323)
8628,8628,tensor(0.0806),tensor(0.0221),tensor(0.0323)
8629,8629,tensor(0.0806),tensor(0.0221),tensor(0.0323)
8630,8630,tensor(0.0806),tensor(0.0221),tensor(0.0323)
8631,8631,tensor(0.0806),tensor(0.0221),tensor(0.0323)
8632,8632,tensor(0.0806),tensor(0.0221),tensor(0.0323)
8633,8633,tensor(0.0806),tensor(0.0221),tensor(0.0323)
8634,8634,tensor(0.0806),tensor(0.0221),tensor(0.0323)
8635,8635,tensor(0.0806),tensor(0.0221),tensor(0.0323)
8636,8636,tensor(0.0806),tensor(0.0221),tensor(0.0323)
8637,8637,tensor(0.0806),tensor(0.0221),tensor(0.0323)
8638,8638,tensor(0.0806),tensor(0.0221),tensor(0.0323)
8639,8639,tensor(0.0806),tensor(0.0221),tensor(0.0323)
8640,8640,tensor(0.0806),tensor(0.0221),tensor(0.0323)
8641,8641,tensor(0.0806),tensor(0.0221),tensor(0.0323)
8642,8642,tensor(0.0806),tensor(0.0221),tensor(0.0323)
8643,8643,tensor(0.0806),tensor(0.0221),tensor(0.0323)
8644,8644,tensor(0.0806),tensor(0.0221),tensor(0.0323)
8645,8645,tensor(0.0806),tensor(0.0221),tensor(0.0323)
8646,8646,tensor(0.0806),tensor(0.0221),tensor(0.0323)
8647,8647,tensor(0.0806),tensor(0.0221),tensor(0.0323)
8648,8648,tensor(0.0806),tensor(0.0221),tensor(0.0323)
8649,8649,tensor(0.0806),tensor(0.0221),tensor(0.0323)
8650,8650,tensor(0.0806),tensor(0.0221),tensor(0.0323)
8651,8651,tensor(0.0806),tensor(0.0221),tensor(0.0323)
8652,8652,tensor(0.0806),tensor(0.0221),tensor(0.0323)
8653,8653,tensor(0.0806),tensor(0.0221),tensor(0.0323)
8654,8654,tensor(0.0806),tensor(0.0221),tensor(0.0323)
8655,8655,tensor(0.0806),tensor(0.0221),tensor(0.0323)
8656,8656,tensor(0.0806),tensor(0.0221),tensor(0.0323)
8657,8657,tensor(0.0806),tensor(0.0221),tensor(0.0323)
8658,8658,tensor(0.0806),tensor(0.0221),tensor(0.0323)
8659,8659,tensor(0.0806),tensor(0.0221),tensor(0.0323)
8660,8660,tensor(0.0806),tensor(0.0221),tensor(0.0323)
8661,8661,tensor(0.0806),tensor(0.0221),tensor(0.0323)
8662,8662,tensor(0.0806),tensor(0.0221),tensor(0.0323)
8663,8663,tensor(0.0806),tensor(0.0221),tensor(0.0323)
8664,8664,tensor(0.0806),tensor(0.0221),tensor(0.0323)
8665,8665,tensor(0.0806),tensor(0.0221),tensor(0.0323)
8666,8666,tensor(0.0806),tensor(0.0221),tensor(0.0323)
8667,8667,tensor(0.0806),tensor(0.0221),tensor(0.0323)
8668,8668,tensor(0.0806),tensor(0.0221),tensor(0.0323)
8669,8669,tensor(0.0806),tensor(0.0221),tensor(0.0323)
8670,8670,tensor(0.0806),tensor(0.0221),tensor(0.0323)
8671,8671,tensor(0.0806),tensor(0.0221),tensor(0.0323)
8672,8672,tensor(0.0806),tensor(0.0221),tensor(0.0323)
8673,8673,tensor(0.0806),tensor(0.0221),tensor(0.0323)
8674,8674,tensor(0.0806),tensor(0.0221),tensor(0.0323)
8675,8675,tensor(0.0806),tensor(0.0221),tensor(0.0323)
8676,8676,tensor(0.0806),tensor(0.0221),tensor(0.0323)
8677,8677,tensor(0.0806),tensor(0.0221),tensor(0.0323)
8678,8678,tensor(0.0806),tensor(0.0221),tensor(0.0323)
8679,8679,tensor(0.0806),tensor(0.0221),tensor(0.0323)
8680,8680,tensor(0.0806),tensor(0.0221),tensor(0.0323)
8681,8681,tensor(0.0806),tensor(0.0221),tensor(0.0323)
8682,8682,tensor(0.0806),tensor(0.0221),tensor(0.0323)
8683,8683,tensor(0.0806),tensor(0.0221),tensor(0.0323)
8684,8684,tensor(0.0806),tensor(0.0221),tensor(0.0323)
8685,8685,tensor(0.0806),tensor(0.0221),tensor(0.0323)
8686,8686,tensor(0.0806),tensor(0.0221),tensor(0.0323)
8687,8687,tensor(0.0806),tensor(0.0221),tensor(0.0323)
8688,8688,tensor(0.0806),tensor(0.0221),tensor(0.0323)
8689,8689,tensor(0.0806),tensor(0.0221),tensor(0.0323)
8690,8690,tensor(0.0806),tensor(0.0221),tensor(0.0323)
8691,8691,tensor(0.0806),tensor(0.0221),tensor(0.0323)
8692,8692,tensor(0.0806),tensor(0.0221),tensor(0.0323)
8693,8693,tensor(0.0806),tensor(0.0221),tensor(0.0323)
8694,8694,tensor(0.0806),tensor(0.0221),tensor(0.0323)
8695,8695,tensor(0.0806),tensor(0.0221),tensor(0.0323)
8696,8696,tensor(0.0806),tensor(0.0221),tensor(0.0323)
8697,8697,tensor(0.0806),tensor(0.0221),tensor(0.0323)
8698,8698,tensor(0.0806),tensor(0.0221),tensor(0.0323)
8699,8699,tensor(0.0806),tensor(0.0221),tensor(0.0323)
8700,8700,tensor(0.0806),tensor(0.0221),tensor(0.0323)
8701,8701,tensor(0.0806),tensor(0.0221),tensor(0.0323)
8702,8702,tensor(0.0806),tensor(0.0221),tensor(0.0323)
8703,8703,tensor(0.0806),tensor(0.0221),tensor(0.0323)
8704,8704,tensor(0.0806),tensor(0.0221),tensor(0.0323)
8705,8705,tensor(0.0806),tensor(0.0221),tensor(0.0323)
8706,8706,tensor(0.0806),tensor(0.0221),tensor(0.0323)
8707,8707,tensor(0.0806),tensor(0.0221),tensor(0.0323)
8708,8708,tensor(0.0806),tensor(0.0221),tensor(0.0323)
8709,8709,tensor(0.0806),tensor(0.0221),tensor(0.0323)
8710,8710,tensor(0.0806),tensor(0.0221),tensor(0.0323)
8711,8711,tensor(0.0806),tensor(0.0221),tensor(0.0323)
8712,8712,tensor(0.0806),tensor(0.0221),tensor(0.0323)
8713,8713,tensor(0.0806),tensor(0.0221),tensor(0.0323)
8714,8714,tensor(0.0806),tensor(0.0221),tensor(0.0323)
8715,8715,tensor(0.0806),tensor(0.0221),tensor(0.0323)
8716,8716,tensor(0.0806),tensor(0.0221),tensor(0.0323)
8717,8717,tensor(0.0806),tensor(0.0221),tensor(0.0323)
8718,8718,tensor(0.0806),tensor(0.0221),tensor(0.0323)
8719,8719,tensor(0.0806),tensor(0.0221),tensor(0.0323)
8720,8720,tensor(0.0806),tensor(0.0221),tensor(0.0323)
8721,8721,tensor(0.0806),tensor(0.0221),tensor(0.0323)
8722,8722,tensor(0.0806),tensor(0.0221),tensor(0.0323)
8723,8723,tensor(0.0806),tensor(0.0221),tensor(0.0323)
8724,8724,tensor(0.0806),tensor(0.0221),tensor(0.0323)
8725,8725,tensor(0.0806),tensor(0.0221),tensor(0.0323)
8726,8726,tensor(0.0806),tensor(0.0221),tensor(0.0323)
8727,8727,tensor(0.0806),tensor(0.0221),tensor(0.0323)
8728,8728,tensor(0.0806),tensor(0.0221),tensor(0.0323)
